Muestras,Insertar0,InsertarM,Insertar1,Buscar0,BuscarM,Buscar1,Eliminar0,EliminarM,Eliminar1,Ordenar0,OrdenarM,Ordenar1
50,0.0007,0.0001,0.026,0.0002,0.0002,0.0002,0.0003,0.0003,0.0002,0.0015,0.0029,0.0012
100,0.0003,0.0001,0.0356,0.0002,0.0002,0.0003,0.0004,0.0003,0.0003,0.0024,0.0062,0.0022
150,0.0003,0.0002,0.0453,0.0002,0.0002,0.0004,0.0004,0.0004,0.0004,0.0038,0.0101,0.0032
200,0.0004,0.0001,0.0622,0.0002,0.0003,0.0004,0.0005,0.0005,0.0005,0.0049,0.0132,0.0046
250,0.0003,0.0001,0.0641,0.0002,0.0003,0.0005,0.0006,0.0006,0.0006,0.0056,0.0164,0.0051
300,0.0003,0.0001,0.0735,0.0001,0.0004,0.0006,0.0007,0.0007,0.0007,0.0073,0.0196,0.0067
350,0.0003,0.0001,0.0843,0.0001,0.0004,0.0007,0.0008,0.0008,0.0006,0.0088,0.0304,0.0081
400,0.0002,0.0002,0.0939,0.0001,0.0005,0.0007,0.0009,0.0008,0.0008,0.0101,0.0279,0.0095
450,0.0003,0.0001,0.1023,0.0001,0.0005,0.0008,0.001,0.0009,0.0008,0.0109,0.0314,0.0102
500,0.0003,0.0001,0.123,0.0002,0.0005,0.0009,0.0011,0.001,0.0009,0.0115,0.0353,0.0108
550,0.0003,0.0002,0.1237,0.0002,0.0005,0.001,0.0012,0.0011,0.001,0.0132,0.039,0.0123
600,0.0003,0.0002,0.1324,0.0002,0.0006,0.0011,0.0013,0.0011,0.0011,0.0193,0.0425,0.014
650,0.0003,0.0002,0.1424,0.0001,0.0007,0.0011,0.0013,0.0013,0.0011,0.0166,0.0469,0.0158
700,0.0003,0.0002,0.2173,0.0003,0.0009,0.0016,0.0019,0.0017,0.0015,0.0215,0.0775,0.0206
750,0.0003,0.0001,0.1717,0.0002,0.0008,0.0012,0.0017,0.0015,0.0013,0.0199,0.0562,0.0191
800,0.0003,0.0002,0.1777,0.0001,0.0008,0.0013,0.0017,0.0015,0.0013,0.0208,0.0595,0.02
850,0.0004,0.0001,0.1808,0.0001,0.0008,0.0014,0.0018,0.0016,0.0014,0.022,0.0631,0.021
900,0.0003,0.0001,0.2088,0.0002,0.0008,0.0015,0.0018,0.0017,0.0015,0.0224,0.0667,0.0216
950,0.0004,0.0001,0.1989,0.0002,0.0008,0.0016,0.0019,0.0018,0.0016,0.0231,0.0714,0.0225
1000,0.0002,0.0001,0.2081,0.0001,0.0009,0.0017,0.002,0.0019,0.0016,0.0244,0.0746,0.0231
1050,0.0003,0.0001,0.2177,0.0001,0.001,0.0017,0.007,0.0019,0.0018,0.0255,0.0782,0.0244
1100,0.0003,0.0001,0.2379,0.0002,0.001,0.0018,0.0022,0.002,0.0018,0.0272,0.0854,0.0261
1150,0.0006,0.0001,0.2666,0.0003,0.0014,0.0023,0.0032,0.0026,0.0023,0.0285,0.1022,0.0274
1200,0.0003,0.0002,0.2471,0.0002,0.001,0.0019,0.0024,0.0021,0.002,0.0309,0.0937,0.039
1250,0.0004,0.0001,0.2585,0.0002,0.0011,0.002,0.0024,0.0023,0.002,0.0324,0.098,0.0314
1300,0.0003,0.0001,0.2673,0.0001,0.0012,0.002,0.0026,0.0023,0.0021,0.0344,0.1016,0.0334
1350,0.0003,0.0001,0.2822,0.0001,0.0012,0.0022,0.0026,0.0024,0.0022,0.0361,0.1041,0.035
1400,0.0003,0.0002,0.2841,0.0002,0.0012,0.0022,0.0027,0.0025,0.0023,0.0379,0.118,0.0365
1450,0.0003,0.0002,0.2959,0.0002,0.0012,0.0023,0.0028,0.0026,0.0024,0.0399,0.1122,0.0387
1500,0.0003,0.0002,0.3045,0.0002,0.0013,0.0024,0.0029,0.0027,0.0024,0.0415,0.1162,0.0399
1550,0.0003,0.0003,0.3151,0.0002,0.0013,0.0024,0.003,0.0028,0.0024,0.0437,0.1215,0.0424
1600,0.0003,0.0001,0.3405,0.0001,0.0014,0.0026,0.0032,0.0028,0.0026,0.0437,0.1256,0.0424
1650,0.0003,0.0001,0.3385,0.0002,0.0014,0.0026,0.0032,0.0029,0.0026,0.0443,0.134,0.0431
1700,0.0003,0.0002,0.3514,0.0002,0.0014,0.0028,0.0033,0.003,0.0027,0.0465,0.1359,0.0455
1750,0.0003,0.0002,0.363,0.0001,0.0015,0.0028,0.0033,0.0031,0.0028,0.0465,0.1373,0.045
1800,0.0003,0.0002,0.3736,0.0002,0.0015,0.0028,0.0036,0.0032,0.0029,0.0477,0.1427,0.0461
1850,0.0003,0.0001,0.3757,0.0002,0.0016,0.0029,0.0036,0.0032,0.003,0.0475,0.1472,0.0464
1900,0.0003,0.0002,0.4262,0.0002,0.0016,0.003,0.0037,0.0033,0.003,0.0646,0.1829,0.0652
1950,0.0004,0.0002,0.6861,0.0003,0.0016,0.0031,0.0038,0.0034,0.003,0.0502,0.1574,0.0484
2000,0.0004,0.0001,0.4039,0.0001,0.0017,0.0031,0.0039,0.0035,0.0031,0.0506,0.1668,0.0571
2050,0.0003,0.0001,0.4119,0.0002,0.0017,0.0033,0.004,0.0036,0.0032,0.0559,0.1653,0.05
2100,0.0003,0.0001,0.4172,0.0001,0.0018,0.0033,0.0041,0.0037,0.0033,0.0542,0.1751,0.0526
2150,0.0003,0.0002,0.4311,0.0001,0.0018,0.0034,0.0041,0.0038,0.0034,0.0554,0.1751,0.054
2200,0.0003,0.0002,0.4431,0.0002,0.0018,0.0035,0.0043,0.0038,0.0035,0.0577,0.1781,0.0562
2250,0.0004,0.0002,0.451,0.0002,0.0018,0.0035,0.0043,0.0039,0.0035,0.0588,0.1854,0.0586
2300,0.0004,0.0001,0.46,0.0001,0.0019,0.0036,0.0044,0.004,0.0037,0.0605,0.194,0.0585
2350,0.0003,0.0001,0.472,0.0001,0.0019,0.0037,0.0044,0.0041,0.0037,0.0628,0.1891,0.0613
2400,0.0004,0.0001,0.4972,0.0002,0.002,0.0037,0.0046,0.0041,0.0038,0.0643,0.1978,0.0627
2450,0.0003,0.0001,0.4843,0.0001,0.0021,0.0039,0.0046,0.0043,0.0038,0.0664,0.2016,0.0653
2500,0.0003,0.0001,0.5097,0.0002,0.002,0.0039,0.0047,0.0043,0.0039,0.0685,0.206,0.0664
2550,0.0003,0.0001,0.5037,0.0001,0.0021,0.004,0.0049,0.0044,0.004,0.0769,0.2086,0.0681
2600,0.0003,0.0001,0.5119,0.0002,0.0021,0.004,0.0049,0.0045,0.0041,0.0727,0.2157,0.0715
2650,0.0003,0.0001,0.5336,0.0002,0.0022,0.0041,0.0051,0.0045,0.0042,0.0751,0.2146,0.0856
2700,0.0004,0.0002,0.5376,0.0002,0.0022,0.0042,0.0052,0.0047,0.0042,0.0732,0.2383,0.0708
2750,0.0003,0.0003,0.5664,0.0002,0.0022,0.0041,0.0049,0.0045,0.0041,0.0731,0.2184,0.0719
2800,0.0003,0.0001,0.5243,0.0002,0.0021,0.0042,0.0051,0.0046,0.0041,0.0757,0.2183,0.0742
2850,0.0003,0.0002,0.5757,0.0001,0.0023,0.0044,0.0054,0.0049,0.0045,0.0787,0.2829,0.077
2900,0.0003,0.0002,0.6219,0.0001,0.0023,0.0043,0.0052,0.0048,0.0043,0.08,0.229,0.0785
2950,0.0002,0.0001,0.5514,0.0002,0.0229,0.0045,0.0055,0.0051,0.0046,0.0817,0.2968,0.0794
3000,0.0003,0.0001,0.6527,0.0002,0.0026,0.0047,0.0057,0.0051,0.0047,0.1087,0.2508,0.1453
3050,0.0004,0.0001,0.7817,0.0002,0.0025,0.0047,0.0057,0.0053,0.0047,0.089,0.2565,0.0903
3100,0.0003,0.0002,0.6041,0.0001,0.0025,0.0094,0.0059,0.0053,0.0048,0.0917,0.2567,0.0903
3150,0.0006,0.0001,0.6249,0.0002,0.0026,0.0049,0.0061,0.0054,0.0049,0.0914,0.2594,0.0901
3200,0.0003,0.0001,0.6324,0.0001,0.0026,0.005,0.0061,0.0054,0.005,0.0907,0.2652,0.0894
3250,0.0003,0.0001,0.6454,0.0002,0.0026,0.005,0.0061,0.0056,0.0051,0.0949,0.2715,0.0904
3300,0.0003,0.0002,0.6479,0.0002,0.0027,0.0052,0.0062,0.0057,0.0051,0.0934,0.2757,0.0915
3350,0.0003,0.0002,0.6561,0.0002,0.0027,0.0051,0.0063,0.0057,0.0052,0.0954,0.2921,0.0943
3400,0.0003,0.0001,0.6792,0.0002,0.0028,0.0053,0.0064,0.0058,0.0052,0.097,0.2881,0.0999
3450,0.0003,0.0002,0.644,0.0001,0.0027,0.0051,0.0062,0.0056,0.0051,0.0924,0.2756,0.0906
3500,0.0003,0.0002,1.0369,0.0001,0.0049,0.0095,0.0114,0.0496,0.0067,0.144,0.3143,0.1091
3550,0.0004,0.0002,1.1411,0.0003,0.0039,0.0071,0.0087,0.008,0.0073,0.0939,0.3405,0.1298
3600,0.0003,0.0002,1.07,0.0002,0.0028,0.0052,0.0063,0.0058,0.0053,0.0936,0.283,0.1056
3650,0.0003,0.0001,0.71,0.0001,0.0029,0.0057,0.0068,0.0063,0.0056,0.1184,0.3096,0.1104
3700,0.0003,0.0001,0.7725,0.0002,0.0028,0.0055,0.0067,0.006,0.0054,0.117,0.3004,0.1109
3750,0.0003,0.0002,0.6959,0.0002,0.0029,0.0055,0.0067,0.0062,0.0055,0.098,0.3035,0.0969
3800,0.0003,0.0001,0.7458,0.0001,0.0029,0.0056,0.0068,0.0062,0.0056,0.0986,0.307,0.0971
3850,0.0003,0.0001,0.9261,0.0002,0.0031,0.0059,0.0072,0.0066,0.0059,0.1561,0.3223,0.1032
3900,0.0003,0.0002,0.76,0.0002,0.0031,0.006,0.0073,0.0067,0.006,0.106,0.335,0.1049
3950,0.0003,0.0002,0.7747,0.0001,0.0033,0.0061,0.0074,0.0068,0.0062,0.1055,0.3449,0.104
4000,0.0004,0.0001,0.7823,0.0002,0.0032,0.0061,0.0076,0.0068,0.0062,0.108,0.3452,0.1066
4050,0.0004,0.0001,0.7924,0.0002,0.0032,0.0062,0.0075,0.007,0.0062,0.1073,0.3497,0.1009
4100,0.0003,0.0001,0.8381,0.0002,0.0032,0.0061,0.0074,0.0067,0.006,0.1698,0.3869,0.1026
4150,0.0003,0.0001,0.7735,0.0002,0.0032,0.006,0.0074,0.0067,0.0061,0.1072,0.3485,0.1053
4200,0.0002,0.0001,0.7782,0.0001,0.0032,0.0061,0.0074,0.0068,0.0062,0.125,0.3786,0.1224
4250,0.0003,0.0001,1.2128,0.0003,0.0048,0.0085,0.0095,0.0089,0.0085,0.1775,0.426,0.1314
4300,0.0003,0.0001,1.5315,0.0003,0.0037,0.0064,0.0078,0.007,0.0063,0.1366,0.3544,0.135
4350,0.0004,0.0001,0.8809,0.0002,0.0034,0.0067,0.0081,0.0074,0.0067,0.1878,0.438,0.1868
4400,0.0004,0.0001,0.8572,0.0002,0.0035,0.0067,0.0083,0.0075,0.0067,0.1213,0.3787,0.1195
4450,0.0004,0.0001,0.8645,0.0001,0.0035,0.0068,0.0084,0.0077,0.0068,0.1229,0.3838,0.1211
4500,0.0004,0.0002,0.8744,0.0002,0.0036,0.0069,0.0084,0.0076,0.007,0.1243,0.3914,0.122
4550,0.0004,0.0001,0.8776,0.0002,0.0035,0.007,0.0084,0.0078,0.007,0.1259,0.3882,0.1244
4600,0.0003,0.0002,0.903,0.0003,0.0037,0.007,0.0086,0.0094,0.007,0.1286,0.3958,0.1262
4650,0.0003,0.0001,0.8979,0.0002,0.0036,0.0072,0.0087,0.0079,0.0071,0.1339,0.4003,0.1323
4700,0.0003,0.0001,0.9218,0.0002,0.0038,0.0072,0.0088,0.008,0.0072,0.1364,0.4031,0.1306
4750,0.0003,0.0002,0.9716,0.0002,0.0053,0.0088,0.0108,0.0099,0.0086,0.1349,0.4785,0.1327
4800,0.0003,0.0001,0.9288,0.0001,0.0038,0.0074,0.009,0.0082,0.0139,0.1375,0.4158,0.1339
4850,0.0003,0.0001,0.9409,0.0001,0.0038,0.0075,0.0089,0.0083,0.0075,0.1386,0.4143,0.1503
4900,0.0003,0.0002,0.9552,0.0002,0.0039,0.0075,0.0091,0.0083,0.0075,0.1484,0.4214,0.1398
4950,0.0003,0.0001,0.9926,0.0002,0.0039,0.0077,0.0093,0.0084,0.0076,0.1444,0.4346,0.1441
5000,0.0003,0.0001,0.9758,0.0001,0.004,0.0077,0.0094,0.0085,0.0076,0.1434,0.4392,0.1513
5050,0.0004,0.0001,0.9807,0.0002,0.0039,0.0077,0.0095,0.0086,0.0078,0.147,0.444,0.1444
5100,0.0003,0.0001,0.9851,0.0002,0.004,0.0078,0.0094,0.0086,0.0078,0.1468,0.4576,0.1456
5150,0.0002,0.0003,1.0022,0.0001,0.0041,0.0078,0.0096,0.0088,0.0078,0.1499,0.4449,0.1525
5200,0.0003,0.0002,1.0168,0.0001,0.0042,0.008,0.0097,0.0088,0.0079,0.1534,0.4544,0.1522
5250,0.0003,0.0001,1.0351,0.0002,0.0042,0.0081,0.0098,0.0089,0.0081,0.1554,0.4641,0.1538
5300,0.0003,0.0002,1.39,0.0003,0.0056,0.0098,0.0129,0.0094,0.0082,0.1565,0.5204,0.1684
5350,0.0004,0.0001,1.0386,0.0004,0.0042,0.0082,0.01,0.0091,0.0082,0.1579,0.468,0.1569
5400,0.0003,0.0002,1.0548,0.0002,0.0042,0.0083,0.0101,0.0091,0.0082,0.161,0.4687,0.1581
5450,0.0003,0.0001,1.161,0.0002,0.0041,0.008,0.0096,0.0088,0.008,0.1542,0.4952,0.1533
5500,0.0003,0.0002,1.0105,0.0002,0.0041,0.008,0.0096,0.0089,0.008,0.2021,0.4585,0.2272
5550,0.0003,0.0001,1.2388,0.0002,0.0043,0.0085,0.0103,0.0094,0.0084,0.2055,0.4838,0.1651
5600,0.0003,0.0002,1.1048,0.0002,0.0044,0.0086,0.0104,0.0095,0.0087,0.1731,0.4913,0.1659
5650,0.0003,0.0002,1.0946,0.0002,0.0044,0.0086,0.0105,0.0096,0.0086,0.1708,0.5036,0.1688
5700,0.0003,0.0002,1.1036,0.0001,0.0045,0.0088,0.0105,0.0096,0.0088,0.1734,0.4936,0.1717
5750,0.0003,0.0002,1.1173,0.0002,0.0045,0.0088,0.0107,0.0098,0.0088,0.1749,0.5027,0.1793
5800,0.0003,0.0001,1.1331,0.0002,0.0045,0.0089,0.0107,0.0098,0.0088,0.18,0.5125,0.1821
5850,0.0004,0.0001,1.1426,0.0002,0.0045,0.0089,0.0109,0.0099,0.009,0.2385,0.6032,0.2183
5900,0.0004,0.0003,1.6352,0.0006,0.0048,0.0091,0.011,0.01,0.009,0.1775,0.5539,0.1765
5950,0.0003,0.0002,1.2454,0.0002,0.0048,0.0091,0.011,0.0101,0.0092,0.1915,0.5255,0.1822
6000,0.0004,0.0002,1.1788,0.0002,0.0047,0.0091,0.0112,0.0102,0.0091,0.1851,0.5271,0.1849
6050,0.0005,0.0002,1.1829,0.0003,0.0049,0.0092,0.0113,0.0103,0.0093,0.1856,0.5365,0.1835
6100,0.0004,0.0001,1.1785,0.0001,0.0048,0.0094,0.0113,0.0103,0.0093,0.1874,0.5507,0.1864
6150,0.0004,0.0002,1.1523,0.0002,0.0046,0.009,0.0109,0.0099,0.009,0.2005,0.5194,0.2555
6200,0.0004,0.0002,1.2068,0.0002,0.005,0.0096,0.0116,0.0107,0.0096,0.1944,0.5611,0.1929
6250,0.0005,0.0002,1.2702,0.0003,0.0055,0.0096,0.0133,0.0107,0.0096,0.1937,0.5551,0.1932
6300,0.0003,0.0001,1.3602,0.0002,0.006,0.0111,0.0134,0.012,0.0111,0.2101,0.6275,0.1841
6350,0.0003,0.0001,1.1731,0.0002,0.0048,0.0093,0.0112,0.0128,0.0093,0.185,0.5338,0.2702
6400,0.0004,0.0003,1.2428,0.0002,0.0051,0.0108,0.0119,0.0108,0.0098,0.2071,0.6682,0.2417
6450,0.0003,0.0001,2.455,0.0002,0.0048,0.0271,0.0291,0.0314,0.0319,0.1863,0.8584,0.3246
6500,0.0003,0.0001,1.49,0.0002,0.0049,0.0095,0.0116,0.0104,0.0095,0.1977,0.5445,0.2351
6550,0.0003,0.0002,1.3188,0.0002,0.0049,0.0096,0.0116,0.0106,0.0095,0.2258,0.5521,0.1858
6600,0.0004,0.0004,1.8851,0.0003,0.0075,0.0143,0.0172,0.0153,0.0136,0.2747,0.649,0.2579
6650,0.0004,0.0002,1.4216,0.0002,0.0053,0.0101,0.0124,0.0112,0.0102,0.1997,0.6069,0.1963
6700,0.0003,0.0001,1.332,0.0002,0.0052,0.0102,0.0143,0.0114,0.0102,0.1929,0.6615,0.1914
6750,0.0004,0.0001,1.2416,0.0001,0.005,0.0098,0.0119,0.0109,0.0098,0.2098,0.6113,0.2921
6800,0.0003,0.0001,1.3546,0.0002,0.005,0.0099,0.012,0.011,0.0099,0.2349,0.7255,0.1984
6850,0.0003,0.0002,1.354,0.0004,0.0056,0.0105,0.0127,0.0117,0.0105,0.2054,0.6197,0.2034
6900,0.0004,0.0001,1.3449,0.0002,0.0054,0.0105,0.0128,0.0116,0.0105,0.209,0.6335,0.2055
6950,0.0005,0.0002,1.4214,0.0002,0.0055,0.0106,0.0129,0.0117,0.0107,0.2058,0.6955,0.2034
7000,0.0004,0.0002,1.3466,0.0003,0.0055,0.0107,0.0129,0.0118,0.0107,0.2073,0.6229,0.2061
7050,0.0003,0.0003,1.7108,0.0002,0.0058,0.0108,0.0131,0.0119,0.0108,0.2067,0.6378,0.2229
7100,0.0003,0.0001,1.4202,0.0003,0.0057,0.0108,0.0132,0.012,0.0108,0.2095,0.6294,0.2061
7150,0.0003,0.0001,1.3794,0.0002,0.0057,0.0109,0.0133,0.0121,0.0109,0.2081,0.6381,0.2079
7200,0.0003,0.0002,1.3933,0.0002,0.0059,0.0111,0.0136,0.0124,0.0111,0.2264,0.6542,0.2844
7250,0.0003,0.0001,1.5815,0.0002,0.0057,0.0111,0.0135,0.0297,0.033,0.2163,0.6518,0.2138
7300,0.0004,0.0002,1.4054,0.0003,0.0058,0.0111,0.0135,0.0123,0.0111,0.2147,0.6546,0.2206
7350,0.0003,0.0002,1.4245,0.0002,0.0058,0.0112,0.0138,0.017,0.0113,0.2211,0.6699,0.225
7400,0.0005,0.0002,1.5383,0.0003,0.0057,0.011,0.0135,0.0122,0.011,0.2084,0.6539,0.2106
7450,0.0004,0.0001,1.514,0.0002,0.0057,0.0111,0.0138,0.0123,0.0112,0.2153,0.6515,0.2092
7500,0.0002,0.0002,1.9253,0.0002,0.0074,0.0343,0.0163,0.0508,0.0139,0.2385,0.7988,0.2487
7550,0.0003,0.0001,1.5839,0.0002,0.0058,0.0115,0.014,0.0128,0.0115,0.2252,0.6866,0.2161
7600,0.0004,0.0002,1.4846,0.0002,0.0059,0.0116,0.0142,0.0129,0.0117,0.2181,0.684,0.2166
7650,0.0003,0.0001,1.4692,0.0002,0.0059,0.0116,0.0142,0.013,0.0117,0.2197,0.6951,0.2227
7700,0.0004,0.0002,1.4807,0.0002,0.006,0.0117,0.0144,0.0131,0.0118,0.2874,0.7253,0.2345
7750,0.0003,0.0002,2.2445,0.0003,0.0063,0.0118,0.0144,0.0131,0.0118,0.2775,0.6965,0.24
7800,0.0004,0.0002,1.5716,0.0004,0.0064,0.0119,0.0145,0.0133,0.0119,0.2263,0.7002,0.2234
7850,0.0003,0.0001,1.6242,0.0002,0.006,0.012,0.0146,0.0134,0.012,0.2254,0.705,0.222
7900,0.0003,0.0001,1.4809,0.0002,0.006,0.0117,0.0143,0.0131,0.0118,0.217,0.7995,0.2197
7950,0.0003,0.0003,2.028,0.0005,0.0062,0.0469,0.0148,0.0135,0.0121,0.2272,0.7623,0.2219
8000,0.0003,0.0001,1.5453,0.0001,0.0063,0.0121,0.0149,0.0136,0.0121,0.229,0.7229,0.2329
8050,0.0004,0.0002,1.5528,0.0001,0.0063,0.0122,0.015,0.0136,0.0123,0.2294,0.7164,0.2273
8100,0.0003,0.0002,1.6368,0.0002,0.0061,0.0121,0.0147,0.0134,0.0121,0.323,0.7133,0.3048
8150,0.0004,0.0002,2.1804,0.0004,0.0088,0.0168,0.0165,0.0137,0.0125,0.23,0.7312,0.228
8200,0.0003,0.0001,1.7007,0.0001,0.0064,0.0125,0.0151,0.0139,0.0125,0.2456,0.745,0.2259
8250,0.0004,0.0002,1.6839,0.0002,0.0063,0.0122,0.0148,0.0136,0.0123,0.2287,0.7356,0.2273
8300,0.0003,0.0001,1.6516,0.0002,0.0063,0.0124,0.0151,0.0137,0.0124,0.2397,1.0976,0.2356
8350,0.0003,0.0001,1.6371,0.0005,0.0066,0.0127,0.0153,0.0138,0.0125,0.2347,0.7869,0.2348
8400,0.0004,0.0001,1.6991,0.0002,0.0064,0.0126,0.0151,0.0139,0.0128,0.2367,0.8322,0.2389
8450,0.0003,0.0001,1.7004,0.0002,0.0064,0.0126,0.0351,0.0142,0.0129,0.2378,0.8192,0.4413
8500,0.0004,0.0002,1.7379,0.001,0.0068,0.0132,0.016,0.0145,0.013,0.2461,0.786,0.2453
8550,0.0004,0.0002,1.6497,0.0002,0.0067,0.013,0.0159,0.0145,0.0131,0.2462,0.7845,0.2448
8600,0.0003,0.0001,1.6569,0.0002,0.0067,0.0131,0.0159,0.0145,0.0131,0.2479,0.8057,0.2527
8650,0.0003,0.0002,1.6663,0.0002,0.0067,0.0131,0.016,0.0146,0.0133,0.2426,0.7895,0.241
8700,0.0003,0.0001,2.2754,0.0003,0.0084,0.0155,0.0187,0.0172,0.0157,0.248,0.8761,0.2469
8750,0.0003,0.0005,2.0692,0.0003,0.007,0.0136,0.0163,0.0149,0.0134,0.2539,0.7991,0.2521
8800,0.0003,0.0001,1.6984,0.0003,0.0068,0.0136,0.0165,0.015,0.0135,0.2581,0.8026,0.2551
8850,0.0003,0.0001,1.7032,0.0002,0.0068,0.0135,0.0163,0.0151,0.0135,0.2581,0.8087,0.2959
8900,0.0003,0.0001,1.7312,0.0004,0.0073,0.0138,0.0171,0.0157,0.0145,0.2748,0.8531,0.2813
8950,0.0003,0.0001,1.8247,0.0002,0.0068,0.0133,0.0164,0.0149,0.0134,0.253,0.9199,0.253
9000,0.0003,0.0002,1.7559,0.0002,0.007,0.0277,0.0163,0.0148,0.0134,0.2913,0.8156,0.4803
9050,0.0003,0.0001,1.7986,0.0003,0.0074,0.0141,0.0194,0.0173,0.0169,0.2653,0.9452,0.2637
9100,0.0005,0.0003,1.7982,0.0003,0.0072,0.0138,0.0172,0.0155,0.014,0.2658,0.8317,0.2649
9150,0.0003,0.0001,1.9259,0.0002,0.0072,0.0139,0.017,0.0155,0.0139,0.268,0.8319,0.2668
9200,0.0004,0.0001,1.7856,0.0001,0.0072,0.014,0.017,0.0155,0.0141,0.269,0.837,0.2811
9250,0.0004,0.0001,1.8962,0.0003,0.0081,0.0141,0.0173,0.0157,0.0145,0.2775,0.8587,0.287
9300,0.0003,0.0002,1.8332,0.0002,0.0071,0.0139,0.0168,0.0153,0.0139,0.3337,0.8319,0.3038
9350,0.0003,0.0001,1.792,0.0002,0.007,0.0139,0.0168,0.0155,0.014,0.3084,0.8994,0.2926
9400,0.0003,0.0001,2.0284,0.0002,0.0073,0.0142,0.0175,0.0159,0.0144,0.2901,0.8752,0.2793
9450,0.0004,0.0001,1.9133,0.0002,0.0073,0.0281,0.0172,0.0356,0.0144,0.2747,0.9923,0.2731
9500,0.0003,0.0001,1.8367,0.0002,0.0073,0.0145,0.0176,0.0161,0.0145,0.2828,0.9051,0.2971
9550,0.0003,0.0004,1.8465,0.0004,0.0072,0.0142,0.0175,0.0156,0.0144,0.3164,0.8591,0.3006
9600,0.0006,0.0003,1.8604,0.0002,0.0076,0.0146,0.0178,0.0162,0.0147,0.2872,0.8777,0.2869
9650,0.0004,0.0002,1.8788,0.0001,0.0073,0.0143,0.0174,0.0159,0.0143,0.2894,0.8546,0.2822
9700,0.0003,0.0002,1.9107,0.0002,0.0073,0.0144,0.0177,0.0159,0.0145,0.2995,0.9414,0.3017
9750,0.0003,0.0001,1.9446,0.0003,0.0078,0.0149,0.018,0.0164,0.015,0.3961,1.0631,0.3057
9800,0.0003,0.0002,1.8933,0.0002,0.0075,0.015,0.0181,0.0165,0.0149,0.2971,0.9158,0.2989
9850,0.0003,0.0001,1.8922,0.0002,0.0076,0.015,0.0183,0.0166,0.0151,0.3071,0.9087,0.2976
9900,0.0004,0.0002,2.2538,0.0007,0.0079,0.0153,0.0187,0.0167,0.0152,0.3025,0.9145,0.2975
9950,0.0003,0.0001,1.9076,0.0002,0.0076,0.0152,0.0184,0.0168,0.0151,0.3134,0.9452,0.3061
10000,0.0003,0.0004,2.2969,0.0002,0.0079,0.0155,0.0185,0.0168,0.0153,0.3031,0.922,0.3038
10050,0.0005,0.0002,1.9768,0.0002,0.0078,0.0153,0.0186,0.0169,0.0153,0.4596,0.9228,0.3047
10100,0.0003,0.0002,1.9419,0.0002,0.0078,0.0153,0.0187,0.017,0.0154,0.3117,0.9349,0.3046
10150,0.0004,0.0001,1.9665,0.0002,0.0079,0.0154,0.0188,0.0171,0.0155,0.3084,0.9444,0.308
10200,0.025,0.0004,2.3795,0.0002,0.008,0.0155,0.0188,0.0173,0.0155,0.3113,0.9399,0.3144
10250,0.0003,0.0002,1.9726,0.0002,0.008,0.0155,0.019,0.0173,0.0156,0.3144,0.9298,0.3098
10300,0.0003,0.0002,1.975,0.0002,0.008,0.0157,0.0189,0.0174,0.0157,0.3204,0.9428,0.3275
10350,0.0004,0.0001,1.9959,0.0002,0.0081,0.0157,0.0191,0.0174,0.0158,0.3237,0.9571,0.3193
10400,0.0003,0.0002,2.2556,0.0008,0.0102,0.0202,0.0228,0.022,0.0207,0.3762,1.0684,0.3821
10450,0.0004,0.0002,2.0275,0.0003,0.0081,0.0159,0.0194,0.0176,0.0159,0.3324,0.998,0.3249
10500,0.0003,0.0001,2.0129,0.0002,0.0081,0.0159,0.0194,0.0178,0.0159,0.3323,0.9546,0.3261
10550,0.0003,0.0002,2.0287,0.0002,0.0081,0.016,0.0194,0.0177,0.0161,0.3311,1.0043,0.3345
10600,0.0003,0.0001,2.3138,0.0002,0.0084,0.016,0.0196,0.0179,0.0162,0.3313,0.9918,0.3302
10650,0.0004,0.0001,2.111,0.0002,0.0079,0.0154,0.0187,0.0172,0.0155,0.3679,0.9344,0.3167
10700,0.0003,0.0002,2.0004,0.0002,0.0079,0.0154,0.019,0.0172,0.0155,0.3174,1.0585,0.3161
10750,0.0006,0.0002,2.4621,0.0002,0.0081,0.0156,0.019,0.0172,0.0156,0.321,0.9549,0.3191
10800,0.0004,0.0002,2.1457,0.0002,0.008,0.0157,0.019,0.0174,0.0157,0.3908,0.961,0.3564
10850,0.0003,0.0001,2.0256,0.0002,0.008,0.0157,0.0191,0.0174,0.0158,0.4311,1.0994,0.5027
10900,0.0003,0.0002,2.1145,0.0003,0.0087,0.0168,0.0246,0.0186,0.0168,0.3437,1.0241,0.3409
10950,0.0004,0.0002,2.0909,0.0003,0.0085,0.0166,0.0203,0.0185,0.0168,0.3422,1.0143,0.3438
11000,0.0003,0.0002,2.3137,0.0002,0.0144,0.016,0.0195,0.0177,0.016,0.403,1.2403,0.3825
11050,0.0005,0.0001,2.1165,0.0002,0.0082,0.0161,0.0195,0.0178,0.0161,0.3497,1.0392,0.3274
11100,0.0004,0.0002,2.1054,0.0003,0.0086,0.0169,0.0205,0.0187,0.0169,0.3821,1.0383,0.4907
11150,0.0003,0.0002,2.3589,0.0005,0.0237,0.0163,0.0198,0.018,0.0162,0.3551,1.1109,0.4383
11200,0.0004,0.0003,2.2088,0.0002,0.0086,0.017,0.0208,0.02,0.017,0.3524,1.1788,0.3507
11250,0.0003,0.0001,2.1377,0.0003,0.0082,0.0163,0.0197,0.0181,0.0162,0.3606,1.1512,0.3517
11300,0.0003,0.0002,2.417,0.0003,0.0086,0.0165,0.0201,0.0182,0.0164,0.3524,1.0292,0.338
11350,0.0003,0.0001,2.1493,0.0002,0.0084,0.0165,0.02,0.0182,0.0165,0.3945,1.1147,0.3649
11400,0.0003,0.0001,2.4993,0.0002,0.0089,0.0174,0.021,0.0192,0.0174,0.3661,1.0846,0.3644
11450,0.0008,0.0002,2.275,0.0003,0.009,0.0178,0.0212,0.0192,0.0175,0.3612,1.1482,0.3569
11500,0.0003,0.0001,2.269,0.0002,0.0087,0.0171,0.0208,0.0189,0.0171,0.3607,1.0488,0.3915
11550,0.0005,0.0002,2.2679,0.0002,0.0088,0.017,0.0209,0.019,0.0171,0.3729,1.1317,0.3789
11600,0.0004,0.0002,2.4508,0.0003,0.0093,0.0182,0.0215,0.0197,0.0236,0.4888,1.0946,0.3714
11650,0.0003,0.0001,2.2363,0.0002,0.0094,0.018,0.0218,0.0196,0.0179,0.3748,1.1004,0.3765
11700,0.0004,0.0002,2.1731,0.0002,0.0088,0.0174,0.0212,0.0192,0.0174,0.3989,1.1884,0.3862
11750,0.0004,0.0002,2.3496,0.0002,0.0091,0.0179,0.0218,0.0199,0.0179,0.3787,1.1173,0.3692
11800,0.0003,0.0001,2.2758,0.0003,0.0092,0.0179,0.0218,0.0199,0.0179,0.3979,1.1351,0.3693
11850,0.0004,0.0002,2.2762,0.0002,0.0091,0.018,0.0219,0.0201,0.018,0.5315,1.0918,0.4103
11900,0.0003,0.0002,2.752,0.0003,0.0094,0.0184,0.0223,0.0201,0.0182,0.3734,1.1197,0.4492
11950,0.0004,0.0002,2.32,0.0002,0.0092,0.0182,0.022,0.0201,0.0192,0.3835,1.2324,0.3813
12000,0.0003,0.0002,2.3499,0.0002,0.0095,0.0182,0.0222,0.0203,0.0183,0.4262,1.228,0.4307
12050,0.0003,0.0002,2.422,0.0002,0.0094,0.0182,0.0222,0.0203,0.0183,0.432,1.1387,0.4295
12100,0.0004,0.0001,2.2555,0.0002,0.009,0.0179,0.0218,0.0199,0.0179,0.4025,1.1396,0.3798
12150,0.0004,0.0002,2.431,0.0002,0.0092,0.0179,0.0274,0.02,0.0181,0.3828,1.115,0.4496
12200,0.0006,0.0003,2.287,0.0002,0.0091,0.0181,0.022,0.02,0.0181,0.3853,1.2104,0.3849
12250,0.0003,0.0002,2.4425,0.0002,0.0092,0.0181,0.0221,0.0202,0.0182,0.4621,1.4244,0.3985
12300,0.0009,0.0002,2.5456,0.0004,0.0098,0.0187,0.0229,0.0224,0.0187,0.5278,1.2329,0.3849
12350,0.0005,0.0001,2.4964,0.0002,0.0093,0.0183,0.0222,0.0203,0.0183,0.395,1.143,0.3896
12400,0.0004,0.0002,2.8965,0.0002,0.0097,0.0187,0.0232,0.0358,0.0391,0.4182,1.3128,0.4379
12450,0.0004,0.0001,2.4846,0.0002,0.0093,0.0185,0.0223,0.0205,0.0185,0.3969,1.1321,0.3973
12500,0.0003,0.0001,2.79,0.0002,0.0096,0.019,0.023,0.0211,0.019,0.5101,1.2666,0.4187
12550,0.0005,0.0003,2.6483,0.0002,0.0098,0.0191,0.0232,0.0211,0.0191,0.3962,1.1716,0.4762
12600,0.0003,0.0001,2.4059,0.0002,0.0095,0.0187,0.0227,0.0208,0.0187,0.4082,1.2896,0.4067
12650,0.0004,0.0002,2.6464,0.0002,0.0098,0.0187,0.0229,0.0208,0.0187,0.4088,1.5058,0.41
12700,0.0004,0.0002,2.4354,0.0005,0.0098,0.0193,0.0235,0.0213,0.0193,0.4157,1.202,0.4064
12750,0.0003,0.0002,2.4699,0.0004,0.0101,0.0194,0.0238,0.0215,0.0197,0.4682,1.2085,0.5522
12800,0.0003,0.0002,2.4474,0.0002,0.01,0.0194,0.0237,0.0215,0.0194,0.4095,1.1994,0.405
12850,0.0003,0.0001,2.4562,0.0002,0.0101,0.0199,0.024,0.0224,0.0201,0.4186,1.1954,0.4089
12900,0.0005,0.0003,3.2095,0.0002,0.0103,0.0201,0.0239,0.0217,0.0196,0.4454,1.3298,0.4196
12950,0.0003,0.0002,2.4722,0.0002,0.0101,0.0197,0.0238,0.0218,0.0197,0.4111,1.2164,0.4113
13000,0.0004,0.0001,2.4299,0.0002,0.0098,0.0193,0.1163,0.0263,0.0232,0.4164,1.4776,0.414
13050,0.0004,0.0003,2.7383,0.0002,0.0099,0.0194,0.0235,0.0214,0.0194,0.4382,1.1903,0.4527
13100,0.0003,0.0001,2.5481,0.0002,0.0098,0.0195,0.0236,0.0215,0.0195,0.4172,1.3431,0.4122
13150,0.0009,0.0006,2.7913,0.0002,0.01,0.0195,0.0238,0.0216,0.0196,0.4461,1.2434,0.4081
13200,0.0004,0.0002,2.979,0.0002,0.0102,0.02,0.0243,0.0222,0.0201,0.4157,1.2375,0.4152
13250,0.0003,0.0002,2.5343,0.0003,0.0101,0.0202,0.0243,0.0223,0.0201,0.4188,1.2387,0.4162
13300,0.0004,0.0002,2.5507,0.0004,0.0104,0.0206,0.0248,0.0225,0.0203,0.4177,1.2717,0.4224
13350,0.0004,0.0001,2.6446,0.0002,0.01,0.0198,0.0241,0.0219,0.0198,0.411,1.2576,0.4125
13400,0.0002,0.0003,2.6279,0.0002,0.0105,0.0203,0.0242,0.0434,0.0203,0.449,1.253,0.4131
13450,0.0004,0.0002,2.6651,0.0002,0.0101,0.0199,0.0241,0.0244,0.0199,0.4329,1.2388,0.5086
13500,0.0003,0.0002,2.5937,0.0002,0.0104,0.0204,0.0249,0.0227,0.0206,0.4557,1.4469,0.7163
13550,0.0004,0.0003,2.8776,0.0002,0.0103,0.0201,0.0825,0.0229,0.0343,0.4219,1.4031,0.4689
13600,0.0003,0.0002,2.574,0.0002,0.0101,0.0202,0.0246,0.0222,0.0202,0.4695,1.245,0.5466
13650,0.0003,0.0002,2.7447,0.0006,0.0102,0.0202,0.0246,0.0225,0.0203,0.4244,1.2425,0.422
13700,0.0003,0.0002,2.5912,0.0002,0.0102,0.0203,0.0248,0.0225,0.0204,0.4422,1.3485,0.4542
13750,0.0006,0.0002,3.2186,0.0002,0.0144,0.0279,0.0261,0.0278,0.0272,0.6562,1.5246,0.9408
13800,0.0004,0.0002,2.8025,0.0002,0.0107,0.0206,0.025,0.0227,0.0205,0.5525,1.3635,0.5708
13850,0.0003,0.0002,2.8171,0.0004,0.0109,0.0211,0.0257,0.0234,0.0211,0.4269,1.509,0.4194
13900,0.0004,0.0001,2.7044,0.0002,0.0103,0.0206,0.025,0.0228,0.0206,0.455,1.2889,0.462
13950,0.0003,0.0002,2.6946,0.0002,0.0107,0.0207,0.0253,0.0229,0.021,0.4695,1.4974,0.4286
14000,0.0003,0.0002,2.7091,0.0002,0.0107,0.0212,0.0258,0.0236,0.0212,0.4358,1.3226,0.4388
14050,0.0003,0.0002,2.7209,0.0002,0.0107,0.0208,0.0254,0.023,0.0208,0.464,1.3391,0.4215
14100,0.0007,0.0006,3.2817,0.0002,0.0108,0.021,0.0257,0.0232,0.0209,0.4416,1.3616,0.4478
14150,0.0005,0.0001,2.7501,0.0002,0.0111,0.0216,0.0263,0.0239,0.0349,0.5183,1.5679,0.4371
14200,0.0004,0.0001,2.7638,0.0002,0.011,0.0215,0.0262,0.0239,0.0215,0.4349,1.3325,0.4454
14250,0.0004,0.0002,2.7297,0.0003,0.011,0.0216,0.0263,0.0241,0.0218,0.4373,1.3601,0.4377
14300,0.0004,0.0001,2.7485,0.0005,0.011,0.0217,0.0264,0.0241,0.0217,0.477,1.4917,0.5155
14350,0.0004,0.0003,3.069,0.0003,0.0114,0.0221,0.0269,0.0242,0.0227,0.443,1.3624,0.4398
14400,0.0005,0.0002,2.7728,0.0002,0.0111,0.0219,0.0264,0.0242,0.0219,0.4574,1.3561,0.4333
14450,0.0003,0.0003,2.8835,0.0003,0.0112,0.0226,0.0271,0.0243,0.0222,0.4382,1.4177,0.47
14500,0.0003,0.0001,2.7435,0.0003,0.0113,0.0229,0.0422,0.0238,0.0216,0.6684,1.8499,0.4506
14550,0.0003,0.0002,2.8157,0.0002,0.0113,0.0221,0.0268,0.0245,0.0221,0.4449,1.4222,0.5363
14600,0.0004,0.0001,2.8018,0.0007,0.0114,0.0227,0.0275,0.0246,0.0222,0.4529,1.3717,0.4917
14650,0.0004,0.0001,3.3567,0.0003,0.0137,0.0227,0.031,0.0299,0.0265,0.524,1.5482,0.4594
14700,0.0006,0.0003,2.7948,0.0002,0.0113,0.0224,0.0277,0.0249,0.0224,0.4544,1.3835,0.4512
14750,0.0003,0.0001,3.1594,0.0003,0.0114,0.0224,0.0272,0.0247,0.0224,0.4574,1.3904,0.5499
14800,0.0003,0.0001,2.9521,0.0003,0.0112,0.022,0.0266,0.0243,0.0301,0.4441,1.4556,0.4917
14850,0.0003,0.0001,2.796,0.0002,0.0111,0.022,0.0268,0.0243,0.0221,0.4603,1.5455,0.4371
14900,0.0003,0.0001,2.9633,0.0002,0.0112,0.0221,0.0268,0.0244,0.0221,0.4859,1.4047,0.442
14950,0.0003,0.0002,2.8942,0.0002,0.0116,0.0227,0.0276,0.0251,0.0229,0.4483,1.4978,0.5611
15000,0.0004,0.001,3.3027,0.0003,0.0264,0.0222,0.0271,0.0246,0.0222,0.4847,1.437,0.5323
15050,0.0004,0.0001,3.0113,0.0002,0.0113,0.0224,0.0271,0.0248,0.0224,0.4575,1.7205,0.4691
15100,0.0007,0.0001,3.0662,0.0002,0.0117,0.023,0.0279,0.0254,0.0233,0.4578,1.422,0.4552
15150,0.0004,0.0001,2.8995,0.0006,0.0117,0.023,0.0278,0.0255,0.0229,0.4686,1.4556,0.465
15200,0.0003,0.0004,3.2377,0.0002,0.0258,0.0225,0.0275,0.0249,0.0225,0.5237,1.4261,0.4914
15250,0.0004,0.0001,3.2875,0.0002,0.0123,0.0238,0.0283,0.0258,0.0233,0.47,1.4688,0.4601
15300,0.0003,0.0002,2.9414,0.0002,0.0119,0.0232,0.0282,0.0258,0.0232,0.4759,1.461,0.4656
15350,0.0003,0.0002,2.9458,0.0002,0.0117,0.0233,0.0283,0.0258,0.0233,0.4788,1.458,0.4672
15400,0.0006,0.0003,2.9699,0.0002,0.012,0.0233,0.0285,0.0258,0.0233,0.4584,1.4805,0.4569
15450,0.0003,0.0001,3.3057,0.0002,0.0119,0.0299,0.0285,0.026,0.0234,0.4918,1.4694,0.4747
15500,0.0003,0.0001,2.9639,0.0002,0.0119,0.0235,0.0286,0.0354,0.0236,0.5144,1.6745,0.549
15550,0.0003,0.0001,2.967,0.0003,0.0121,0.0237,0.0289,0.0262,0.0238,0.5404,1.4652,0.5002
15600,0.0004,0.0001,2.9708,0.0002,0.0121,0.0237,0.0319,0.0263,0.0238,0.4653,1.5713,0.4642
15650,0.0004,0.0002,2.9948,0.0003,0.0123,0.0241,0.0289,0.0266,0.024,0.4849,1.4925,0.476
15700,0.0004,0.0001,3.0106,0.0003,0.0121,0.0238,0.032,0.0325,0.0298,0.6186,1.8726,0.5062
15750,0.0005,0.0004,4.0481,0.0002,0.0124,0.0238,0.0291,0.0265,0.0239,0.4839,1.5289,0.4718
15800,0.0003,0.0001,3.4377,0.0002,0.0119,0.0234,0.0284,0.0259,0.0234,0.4805,1.4726,0.501
15850,0.0004,0.0002,3.1118,0.0004,0.0123,0.0241,0.0431,0.0259,0.0234,0.4837,1.7089,0.46
15900,0.0004,0.0001,3.091,0.0002,0.0116,0.023,0.028,0.0255,0.023,0.556,1.6112,0.4561
15950,0.0003,0.0005,3.1079,0.0003,0.0124,0.0242,0.0433,0.0255,0.0231,0.4827,1.8724,0.4818
16000,0.0006,0.0002,3.0536,0.0002,0.0123,0.0243,0.0297,0.0269,0.0243,0.4822,1.5536,0.4835
16050,0.0003,0.0007,3.2026,0.0002,0.0192,0.0243,0.0296,0.0269,0.0244,0.493,1.5356,0.4945
16100,0.0003,0.0001,3.0806,0.0002,0.0124,0.0245,0.0296,0.027,0.0243,0.4774,1.5417,0.4825
16150,0.0003,0.0001,3.2775,0.0002,0.0127,0.0245,0.0297,0.0271,0.0245,0.5326,1.5843,0.6072
16200,0.0006,0.0002,3.0488,0.0002,0.0154,0.0235,0.0286,0.026,0.0234,0.5,1.6349,0.4668
16250,0.0003,0.0001,3.7794,0.0004,0.0161,0.0307,0.0385,0.0727,0.0311,0.5904,1.6298,0.5296
16300,0.0004,0.0002,3.6446,0.0002,0.0127,0.0247,0.03,0.0273,0.0247,0.5732,1.666,0.4983
16350,0.0004,0.0002,3.7186,0.0003,0.0126,0.0248,0.0301,0.0275,0.0248,0.4926,1.5672,0.4951
16400,0.0005,0.0003,3.1153,0.0002,0.0127,0.0248,0.0302,0.0276,0.0249,0.5094,1.563,0.4873
16450,0.0003,0.0002,3.3869,0.0003,0.013,0.025,0.0303,0.0277,0.0252,0.4932,1.5988,0.4888
16500,0.0004,0.0001,3.12,0.0002,0.0128,0.025,0.0304,0.0277,0.025,0.4802,1.5483,0.5161
16550,0.0003,0.0001,3.603,0.0003,0.0152,0.0325,0.0428,0.0314,0.0252,0.5062,1.8467,0.5523
16600,0.0004,0.0001,3.2767,0.0002,0.0125,0.0246,0.0298,0.0271,0.0246,0.5307,1.9053,0.5364
16650,0.0003,0.0002,3.4599,0.0002,0.0126,0.0247,0.0299,0.0273,0.0247,0.5337,1.554,0.4912
16700,0.0004,0.0002,3.2094,0.0002,0.0125,0.0247,0.0302,0.0274,0.0247,0.5114,1.9416,0.5219
16750,0.0005,0.0002,3.2298,0.0003,0.0129,0.0254,0.0308,0.0281,0.0254,0.5086,1.6028,0.5071
16800,0.0003,0.0001,3.1833,0.0002,0.0128,0.0254,0.0311,0.0281,0.0255,0.5218,1.6329,0.5243
16850,0.0004,0.0003,3.7824,0.0003,0.0153,0.0311,0.0365,0.0357,0.0321,0.5037,1.8578,0.5588
16900,0.0004,0.0002,3.2293,0.0002,0.0126,0.0251,0.0304,0.0278,0.025,0.5049,1.5772,0.6291
16950,0.0004,0.0001,3.2279,0.0003,0.0137,0.0258,0.0313,0.0284,0.0258,0.5222,1.7158,0.5016
17000,0.0003,0.0001,3.512,0.0002,0.0127,0.0458,0.0317,0.0285,0.026,0.5646,1.7679,0.5903
17050,0.0006,0.0002,4.2354,0.0002,0.0133,0.0262,0.0314,0.0286,0.0258,0.7732,1.6748,0.5178
17100,0.0004,0.0001,3.4723,0.0002,0.0128,0.0253,0.0308,0.0324,0.0453,0.5802,1.8697,0.6967
17150,0.0004,0.0003,3.2768,0.0003,0.0132,0.0263,0.0317,0.0288,0.026,0.5197,1.6679,0.5165
17200,0.0003,0.0001,3.4232,0.0002,0.0129,0.0255,0.0309,0.0282,0.0254,0.521,1.8167,0.644
17250,0.0005,0.0005,3.715,0.0002,0.0134,0.0261,0.0318,0.0289,0.0263,0.5249,1.6509,0.5208
17300,0.0004,0.0002,3.3944,0.0003,0.0131,0.0256,0.0312,0.0591,0.0263,0.6296,1.817,0.6769
17350,0.0005,0.0001,3.5195,0.0003,0.0133,0.0257,0.0317,0.0284,0.0256,0.6664,2.0326,0.524
17400,0.0004,0.0002,3.3364,0.0001,0.0133,0.0404,0.0312,0.0286,0.0257,0.5952,1.7581,0.5134
17450,0.0004,0.0001,3.2946,0.0003,0.0131,0.0259,0.0314,0.0285,0.0258,0.5321,2.0359,0.5287
17500,0.0004,0.0001,3.3358,0.0002,0.0134,0.0266,0.0322,0.0294,0.0265,0.5771,1.7359,0.6166
17550,0.0003,0.0002,3.3458,0.0003,0.0136,0.0268,0.0324,0.0294,0.0266,0.5709,1.7003,0.5926
17600,0.0004,0.0001,3.9084,0.0003,0.0133,0.0262,0.0317,0.0288,0.0261,0.532,1.7133,0.5283
17650,0.0004,0.0002,3.3628,0.0002,0.0132,0.0478,0.0325,0.0447,0.047,0.6324,1.7818,0.5843
17700,0.0004,0.0002,3.4763,0.0002,0.0133,0.0263,0.0318,0.0289,0.0297,0.5513,1.661,0.5758
17750,0.0005,0.0001,3.3713,0.0002,0.0138,0.0273,0.0331,0.0301,0.0276,0.547,1.71,0.5497
17800,0.0004,0.0003,3.8485,0.0002,0.0139,0.0342,0.0421,0.03,0.027,0.5481,1.8814,0.5498
17850,0.0004,0.0002,3.4902,0.0002,0.0138,0.0272,0.0328,0.03,0.027,0.5638,1.7344,0.5478
17900,0.0003,0.0002,3.9695,0.0002,0.0163,0.0326,0.0405,0.0361,0.0316,0.5577,1.8447,0.614
17950,0.0003,0.0002,3.455,0.0002,0.0138,0.0272,0.0331,0.0303,0.0272,0.5543,1.7397,0.5628
18000,0.0003,0.0001,4.2527,0.0003,0.0187,0.0367,0.0481,0.0416,0.0371,0.573,1.7115,0.7209
18050,0.0005,0.0002,3.5,0.0002,0.014,0.0273,0.0333,0.0303,0.0274,0.5652,1.7702,0.5557
18100,0.0006,0.0001,3.4378,0.0003,0.0141,0.0274,0.0343,0.0304,0.0274,0.5585,1.7505,0.5558
18150,0.0004,0.0001,3.4849,0.0003,0.0175,0.0275,0.0334,0.0447,0.0276,0.5676,1.761,0.5582
18200,0.0002,0.0002,3.8722,0.0002,0.0141,0.0276,0.0335,0.0306,0.0275,0.5666,1.8583,1.3736
18250,0.0003,0.0002,3.6298,0.0003,0.0141,0.0277,0.0336,0.0323,0.0293,0.7162,2.353,0.5942
18300,0.0003,0.0002,3.4974,0.0003,0.0144,0.0283,0.0339,0.0308,0.028,0.5634,1.7745,0.5679
18350,0.0007,0.0001,3.5976,0.0004,0.0142,0.0278,0.0339,0.0308,0.0279,0.5699,1.753,0.6397
18400,0.0006,0.0001,3.5468,0.0002,0.0142,0.0279,0.0339,0.0308,0.0279,0.5707,1.9473,0.6122
18450,0.0005,0.0001,4.2512,0.0002,0.0144,0.0279,0.034,0.0309,0.0279,0.5709,1.7821,0.5701
18500,0.0004,0.0002,3.8372,0.0002,0.0144,0.0281,0.0341,0.0312,0.0338,0.6443,1.7865,0.5763
18550,0.0005,0.0003,4.0642,0.0002,0.0144,0.0281,0.0341,0.0311,0.0281,0.5802,1.8698,0.5797
18600,0.0004,0.0002,3.6644,0.0002,0.0145,0.0282,0.0344,0.0312,0.0282,0.678,1.8533,0.5857
18650,0.0005,0.0002,3.5488,0.0003,0.0143,0.0283,0.0343,0.0314,0.0285,0.5918,1.7817,0.5875
18700,0.0004,0.0002,3.5702,0.0003,0.0146,0.0287,0.0348,0.0315,0.0285,0.6495,1.8392,0.8037
18750,0.0005,0.0004,3.8148,0.0004,0.0144,0.0284,0.0345,0.0315,0.0284,0.5943,1.8233,0.5879
18800,0.0004,0.0002,3.8799,0.0002,0.0148,0.0286,0.0353,0.0322,0.0304,0.6103,1.925,0.7594
18850,0.0004,0.0002,3.6618,0.0002,0.0146,0.0286,0.0347,0.0317,0.0288,0.6164,1.841,0.5964
18900,0.0004,0.0002,4.9474,0.0003,0.0197,0.0388,0.0477,0.0438,0.0392,0.5993,1.809,0.5945
18950,0.0003,0.0002,3.8202,0.0005,0.0146,0.0287,0.0351,0.0318,0.0287,0.6372,1.8567,0.6902
19000,0.0003,0.0004,3.6804,0.0002,0.0146,0.0288,0.035,0.0319,0.0288,0.6013,1.8643,0.5954
19050,0.0004,0.0002,3.644,0.0002,0.0149,0.0305,0.036,0.0325,0.0296,0.6013,1.8635,0.5976
19100,0.0003,0.0002,3.6274,0.0003,0.015,0.0292,0.0352,0.0322,0.029,0.6061,1.8361,0.6046
19150,0.0003,0.0001,3.6683,0.0004,0.0152,0.0295,0.0388,0.0324,0.0292,0.6048,1.9179,0.6007
19200,0.0003,0.0001,3.9296,0.0012,0.0201,0.0399,0.0636,0.0442,0.0399,0.6042,1.8902,0.6185
19250,0.0006,0.0002,3.7932,0.0002,0.0148,0.0292,0.0355,0.0323,0.0291,0.6047,1.8518,0.6458
19300,0.0004,0.0001,3.7647,0.0003,0.0149,0.0293,0.0357,0.0326,0.0292,0.6139,1.8687,0.6366
19350,0.0003,0.0001,4.2248,0.0004,0.0182,0.0443,0.0523,0.0712,0.0454,0.6112,2.3203,0.6195
19400,0.0003,0.0002,3.9819,0.0002,0.015,0.0294,0.0358,0.0327,0.0296,0.6121,1.8985,0.632
19450,0.0004,0.0001,3.8496,0.0003,0.0696,0.0348,0.0422,0.038,0.0349,0.6322,2.0086,0.6516
19500,0.0004,0.0002,3.7151,0.0003,0.0151,0.0296,0.0362,0.0331,0.0327,0.6247,1.9329,0.6377
19550,0.0004,0.0002,4.0358,0.0003,0.015,0.0296,0.036,0.0329,0.0296,0.6856,1.8849,1.6473
19600,0.0003,0.0008,4.8621,0.0002,0.0152,0.0298,0.0362,0.0329,0.0297,0.6246,1.8697,0.6258
19650,0.0003,0.0001,4.0717,0.0002,0.0151,0.0299,0.0362,0.033,0.0298,0.6786,2.0339,0.6295
19700,0.0004,0.0002,3.8033,0.0003,0.0152,0.0299,0.0365,0.0332,0.0298,0.6725,1.9598,0.6286
19750,0.0003,0.0002,3.9283,0.0002,0.0177,0.0314,0.0364,0.0331,0.03,0.6705,1.9031,0.665
19800,0.0004,0.0002,3.7739,0.0002,0.0152,0.03,0.0365,0.0333,0.0301,0.6354,1.9587,0.6713
19850,0.0006,0.0002,4.577,0.0002,0.0154,0.03,0.0364,0.0333,0.0301,0.6339,1.9238,0.6336
19900,0.0003,0.0001,3.8341,0.0002,0.0154,0.0336,0.0367,0.0335,0.0301,0.7028,1.9979,0.6415
19950,0.0007,0.0001,3.8369,0.0002,0.0154,0.0303,0.0367,0.0335,0.0302,0.6879,1.9436,0.6393
20000,0.0003,0.0002,3.902,0.0002,0.0155,0.0303,0.0369,0.0336,0.0303,0.7925,2.3019,0.8078
20050,0.0004,0.0003,3.9542,0.0002,0.0155,0.0309,0.037,0.0337,0.0305,0.6439,1.9365,0.6969
20100,0.0003,0.0002,3.8831,0.0002,0.0158,0.0305,0.0371,0.0338,0.0305,0.6651,1.9704,0.6521
20150,0.0004,0.0001,3.8221,0.0002,0.0155,0.0306,0.0371,0.0338,0.0305,0.6507,1.9423,0.6524
20200,0.0005,0.0002,3.8338,0.0003,0.0158,0.0312,0.0377,0.0346,0.031,0.6495,2.001,0.6459
20250,0.0003,0.0002,3.8568,0.0002,0.016,0.0309,0.0374,0.034,0.0307,0.837,1.9755,0.7632
20300,0.0003,0.0002,3.9292,0.0003,0.0156,0.0308,0.0373,0.0341,0.0307,0.6529,1.959,0.6548
20350,0.0004,0.0002,3.9971,0.0002,0.0158,0.0309,0.0377,0.041,0.0309,0.6675,2.0886,0.6603
20400,0.0003,0.0002,3.8971,0.0003,0.0157,0.0308,0.0375,0.0341,0.0309,0.6564,1.9759,0.652
20450,0.0008,0.0008,5.1305,0.0002,0.016,0.031,0.0375,0.0342,0.031,0.6625,2.0534,0.6648
20500,0.0003,0.0001,4.004,0.0002,0.0158,0.0311,0.0378,0.0344,0.031,0.6629,2.1098,0.66
20550,0.0004,0.0003,3.945,0.0002,0.0159,0.0311,0.0378,0.0345,0.0311,0.6667,1.9887,0.6631
20600,0.0004,0.0001,4.0729,0.0003,0.016,0.0313,0.0382,0.0346,0.0312,0.7108,1.9849,0.6886
20650,0.0004,0.0001,3.9553,0.0004,0.0161,0.0314,0.038,0.0347,0.0313,0.8044,2.0294,0.756
20700,0.0003,0.0001,4.2589,0.0002,0.0152,0.03,0.0364,0.0331,0.03,0.678,2.0886,0.6755
20750,0.0005,0.0002,4.075,0.0003,0.0161,0.0315,0.0382,0.0348,0.0314,0.6805,2.0433,0.7139
20800,0.0003,0.0001,3.9848,0.0002,0.016,0.0314,0.0384,0.0419,0.0316,0.7612,2.0613,0.7418
20850,0.0004,0.0003,4.137,0.0002,0.0162,0.0318,0.0385,0.0349,0.0317,0.6835,2.0638,0.6827
20900,0.0003,0.0002,4.1891,0.0004,0.0164,0.0317,0.0384,0.0351,0.0317,0.8105,2.5353,0.6866
20950,0.0003,0.0001,4.0526,0.0002,0.0161,0.032,0.0387,0.035,0.0318,0.726,2.1421,0.6929
21000,0.0003,0.0003,4.0783,0.0002,0.0162,0.0318,0.0387,0.0355,0.032,0.6943,2.0951,0.6946
21050,0.0003,0.0002,4.0258,0.0006,0.0165,0.0329,0.0392,0.0356,0.0324,0.8207,2.2092,0.7723
21100,0.0003,0.0001,4.018,0.0002,0.0162,0.032,0.0388,0.0354,0.0683,0.7026,2.1236,0.7011
21150,0.0003,0.0009,4.0604,0.0002,0.0163,0.0321,0.0389,0.0354,0.0321,0.7002,2.1055,0.6965
21200,0.0004,0.0001,4.0893,0.0002,0.0162,0.0321,0.039,0.0355,0.0322,0.7371,2.1093,0.7253
21250,0.0003,0.0005,4.5712,0.0003,0.0164,0.0322,0.0392,0.0356,0.0321,0.8006,2.448,0.9348
21300,0.0003,0.0002,4.6631,0.0002,0.0164,0.0336,0.0392,0.0357,0.0322,0.7056,2.0907,0.6972
21350,0.0004,0.0002,4.1951,0.0002,0.0165,0.0323,0.0392,0.0358,0.0323,0.7854,2.3553,0.9787
21400,0.0003,0.0002,4.0859,0.0003,0.0164,0.0324,0.0404,0.0359,0.0324,0.7004,2.0843,0.699
21450,0.0004,0.0002,4.0984,0.0003,0.0166,0.0326,0.0397,0.036,0.0326,0.7187,2.3793,0.7005
21500,0.0004,0.0002,5.0915,0.0002,0.0166,0.0326,0.0395,0.036,0.0326,0.7095,3.6534,0.795
21550,0.0003,0.0002,4.3365,0.0003,0.0158,0.0311,0.0378,0.0344,0.0516,0.7094,2.1792,0.7083
21600,0.0003,0.0001,4.2928,0.0004,0.0205,0.0852,0.0479,0.0365,0.0327,0.7166,2.1818,0.7117
21650,0.0003,0.0001,4.7768,0.0005,0.0168,0.0328,0.0456,0.0364,0.0327,0.7667,2.2329,0.7979
21700,0.0004,0.0003,4.286,0.0002,0.0168,0.0328,0.0399,0.0363,0.0363,0.7199,2.1043,0.7162
21750,0.0004,0.0002,4.252,0.0003,0.0167,0.0329,0.04,0.0363,0.0329,0.721,2.1832,0.7277
21800,0.0003,0.0002,4.2716,0.0005,0.0171,0.0332,0.0405,0.0367,0.033,0.7193,2.2122,0.7253
21850,0.0005,0.0001,4.6877,0.0004,0.017,0.0332,0.0403,0.0421,0.0331,0.7197,2.3295,0.7173
21900,0.0003,0.0002,4.6373,0.0003,0.0171,0.0332,0.0401,0.0367,0.0332,0.7276,2.1569,0.7202
21950,0.0003,0.0001,4.1804,0.0003,0.017,0.0334,0.0405,0.0369,0.0333,0.7219,2.1359,0.7197
22000,0.0004,0.0001,4.8557,0.0003,0.0214,0.0432,0.0682,0.0386,0.0438,0.9162,2.505,0.7713
22050,0.0005,0.0001,4.3191,0.0002,0.0173,0.0335,0.0407,0.037,0.0334,0.7361,2.1947,0.7363
22100,0.0005,0.0001,4.3913,0.0002,0.0199,0.0395,0.0473,0.0555,0.04,0.7325,2.2207,0.7416
22150,0.0004,0.0001,4.22,0.0002,0.017,0.0336,0.0407,0.0372,0.0335,0.7429,2.2345,0.9468
22200,0.0004,0.0002,4.4239,0.0002,0.017,0.0336,0.0408,0.0372,0.0336,0.7877,2.3349,0.786
22250,0.0007,0.0006,4.6751,0.0003,0.0173,0.0337,0.0412,0.0373,0.0337,0.7388,2.1544,0.735
22300,0.0004,0.0001,4.3474,0.0003,0.0171,0.0338,0.0411,0.0373,0.0338,0.7557,2.1953,0.7461
22350,0.0006,0.0003,4.2453,0.0002,0.0173,0.0338,0.0409,0.0376,0.0339,0.7489,2.222,0.7385
22400,0.0004,0.0002,4.2586,0.0003,0.0172,0.0339,0.0414,0.0374,0.0339,0.7431,2.1763,0.7384
22450,0.0003,0.0002,5.1231,0.0002,0.0177,0.034,0.0418,0.0375,0.0339,0.8532,2.4549,0.7407
22500,0.0004,0.0002,4.319,0.0002,0.0174,0.0342,0.0414,0.0378,0.0341,0.7544,2.2267,0.7609
22550,0.0005,0.0001,4.3996,0.0002,0.0178,0.0341,0.0414,0.0377,0.0341,0.7667,2.1851,0.749
22600,0.0003,0.0002,5.8719,0.0004,0.0248,0.0742,0.0835,0.0381,0.0343,0.7851,2.2282,0.9852
22650,0.0007,0.0002,4.4117,0.0002,0.0175,0.0343,0.0417,0.0379,0.0414,0.8019,2.3052,0.7918
22700,0.0004,0.0001,4.3072,0.0003,0.0175,0.0345,0.0421,0.038,0.0346,0.7927,2.2336,0.7636
22750,0.0004,0.0003,4.663,0.0003,0.0176,0.0344,0.0418,0.0379,0.0345,1.0725,3.8135,0.7663
22800,0.0215,0.0002,4.9316,0.0004,0.023,0.0454,0.0564,0.0515,0.046,0.7699,2.3062,0.7778
22850,0.0004,0.0003,4.4728,0.0003,0.0177,0.0347,0.042,0.0382,0.0348,0.7791,2.3136,0.7711
22900,0.0004,0.0004,4.9279,0.0002,0.0177,0.0348,0.0421,0.0385,0.0347,0.78,2.5689,0.8252
22950,0.0004,0.0003,5.0555,0.0006,0.0179,0.0353,0.0428,0.0386,0.0349,0.7906,2.253,0.78
23000,0.0003,0.0002,4.4473,0.0003,0.0176,0.0348,0.0423,0.0385,0.0349,0.7944,2.3365,0.7869
23050,0.0005,0.0001,4.429,0.0003,0.0177,0.035,0.0427,0.0386,0.035,0.7898,2.3269,0.7931
23100,0.0005,0.0003,4.5027,0.0002,0.0179,0.035,0.0424,0.0387,0.035,0.7852,2.2488,0.7806
23150,0.0004,0.0001,4.5974,0.0003,0.0223,0.0439,0.053,0.0465,0.0564,0.7889,2.3368,0.7892
23200,0.0004,0.0002,4.628,0.0002,0.0179,0.0351,0.0426,0.0388,0.0363,0.7915,2.2846,0.7873
23250,0.0003,0.0004,4.8934,0.0002,0.0179,0.0352,0.0426,0.0389,0.0352,0.872,2.3135,1.9365
23300,0.0004,0.0002,5.1809,0.0003,0.0241,0.0484,0.0576,0.0533,0.0479,0.7912,2.3372,0.7869
23350,0.0004,0.0001,4.4475,0.0008,0.0184,0.0353,0.0442,0.0391,0.0355,0.7898,2.4242,0.8049
23400,0.0004,0.0002,4.4702,0.0003,0.018,0.0354,0.0431,0.0391,0.0355,0.7981,2.3034,0.7951
23450,0.0005,0.0001,4.5483,0.0004,0.018,0.0355,0.0431,0.0393,0.0355,0.7886,2.337,0.7957
23500,0.0004,0.0001,4.5009,0.0002,0.0179,0.0355,0.0433,0.0442,0.0356,0.8065,2.377,0.8501
23550,0.0003,0.0002,4.738,0.0003,0.0218,0.0429,0.0507,0.0474,0.0426,0.8314,2.4518,0.789
23600,0.0004,0.0002,4.6105,0.0002,0.0181,0.0358,0.0433,0.0396,0.0357,0.7991,2.3286,0.7919
23650,0.0003,0.0002,4.557,0.0005,0.019,0.036,0.0434,0.0397,0.0359,0.8012,2.377,0.798
23700,0.0003,0.0002,4.5633,0.0002,0.0182,0.0359,0.0521,0.0399,0.0359,0.8079,2.3548,0.842
23750,0.0003,0.0003,5.3253,0.0003,0.0183,0.036,0.0437,0.0399,0.0361,0.8026,2.3194,0.8004
23800,0.0004,0.0002,5.0803,0.0003,0.0225,0.0433,0.0535,0.0473,0.0466,0.8092,2.5592,0.8265
23850,0.0003,0.0003,4.5773,0.0002,0.0185,0.0361,0.0455,0.0402,0.0364,0.8167,2.3481,0.9817
23900,0.0005,0.0008,5.6388,0.0002,0.0185,0.0362,0.046,0.0402,0.0362,0.8165,2.4934,1.1832
23950,0.0004,0.0011,5.3381,0.0004,0.0186,0.0362,0.0461,0.0403,0.0363,0.8155,2.3557,0.8084
24000,0.0004,0.0001,4.5566,0.0003,0.0185,0.0365,0.046,0.0403,0.0367,0.8132,2.3681,0.8067
24050,0.0004,0.0001,4.716,0.0003,0.0176,0.0347,0.0623,0.0542,0.0348,0.8138,2.6655,0.9346
24100,0.0004,0.0005,4.6002,0.0003,0.0188,0.0371,0.0449,0.0405,0.0367,0.8549,2.3605,0.8234
24150,0.0004,0.0001,4.8684,0.0002,0.0186,0.0366,0.0502,0.0408,0.0366,0.8221,2.3954,0.817
24200,0.0004,0.0003,6.1064,0.0003,0.0257,0.0492,0.053,0.0508,0.0468,0.9929,2.5549,0.8881
24250,0.0004,0.0003,4.9231,0.0002,0.0188,0.0366,0.0446,0.0406,0.0367,0.8863,2.4579,0.965
24300,0.0003,0.0003,4.6386,0.0003,0.0186,0.0368,0.0447,0.0408,0.0367,0.8233,2.403,0.8192
24350,0.0005,0.0002,5.1028,0.0008,0.0232,0.0631,0.0565,0.0524,0.0471,0.8284,2.535,0.8352
24400,0.0004,0.0002,5.4236,0.0004,0.0351,0.0447,0.0645,0.0511,0.0451,0.8391,2.4976,0.8391
24450,0.0004,0.0002,4.7693,0.0002,0.0192,0.037,0.045,0.0411,0.037,0.8677,2.3796,0.8517
24500,0.0009,0.0002,5.2983,0.0002,0.0189,0.0533,0.0451,0.0452,0.0372,0.837,3.4485,0.8343
24550,0.0004,0.0002,5.1559,0.0002,0.0189,0.0371,0.0467,0.0411,0.0372,0.8368,2.419,0.8347
24600,0.0004,0.0002,4.7338,0.0003,0.0189,0.0372,0.0863,0.0874,0.0408,0.8721,2.3943,0.8444
24650,0.0003,0.0002,4.7332,0.0003,0.0193,0.0799,0.0454,0.0414,0.0373,0.8698,2.4379,0.8404
24700,0.0004,0.0001,4.772,0.0003,0.0189,0.0374,0.0454,0.0414,0.0374,0.853,2.4977,0.8462
24750,0.0003,0.0002,5.7706,0.0003,0.0271,0.0404,0.0456,0.0416,0.0375,0.8488,2.443,0.8549
24800,0.0004,0.0003,4.7193,0.0002,0.019,0.0376,0.0458,0.0416,0.0376,0.8671,2.6033,0.8487
24850,0.0004,0.0002,4.7,0.0003,0.0193,0.0378,0.0461,0.0433,0.0379,0.856,2.5038,1.1781
24900,0.0008,0.0005,4.759,0.0002,0.0194,0.038,0.0461,0.0417,0.0377,0.8537,2.4322,0.8519
24950,0.0003,0.0001,5.2258,0.0002,0.0192,0.0377,0.046,0.042,0.0378,0.8584,2.5492,0.8533
25000,0.0004,0.0001,4.7437,0.0004,0.0192,0.0378,0.0461,0.0419,0.0378,0.8624,2.4892,0.8507
25050,0.0003,0.0003,4.8497,0.0002,0.0192,0.0379,0.046,0.0419,0.0379,0.8622,2.5043,0.8701
25100,0.0003,0.0003,4.9066,0.0003,0.0193,0.0383,0.0463,0.0422,0.038,1.1675,2.5145,1.0479
25150,0.0004,0.0002,4.9844,0.0003,0.0227,0.0455,0.0546,0.0498,0.0462,0.9112,2.7061,0.9234
25200,0.0004,0.0002,4.8014,0.0002,0.0193,0.0381,0.0464,0.0422,0.0382,1.0871,2.6213,1.0416
25250,0.0004,0.0002,4.7853,0.0003,0.0194,0.0382,0.0465,0.0423,0.0382,0.8567,2.4946,0.8744
25300,0.0004,0.0001,5.3453,0.0002,0.0195,0.0384,0.0465,0.0424,0.0383,0.8581,2.5229,0.8589
25350,0.0004,0.0002,4.8847,0.0008,0.0188,0.0366,0.0448,0.0406,0.0366,0.9142,2.4701,0.8142
25400,0.0003,0.0001,4.9604,0.0006,0.0185,0.0366,0.0446,0.0614,0.0528,1.1285,3.0162,0.9581
25450,0.0003,0.0002,5.164,0.0003,0.0187,0.0367,0.0448,0.0409,0.0368,1.1233,2.6085,0.8768
25500,0.0005,0.0001,4.8973,0.0003,0.0196,0.0386,0.0468,0.0427,0.0385,0.8709,2.6095,0.858
25550,0.0004,0.0002,5.6841,0.0008,0.0201,0.0388,0.0469,0.0429,0.0386,0.8692,2.5087,0.8184
25600,0.0003,0.0002,5.0508,0.0002,0.0183,0.0403,0.0438,0.04,0.0557,0.8937,3.0067,0.9613
25650,0.0003,0.0001,4.8652,0.0002,0.0195,0.0388,0.0474,0.0428,0.0389,0.8636,2.5643,0.9646
25700,0.0005,0.0002,5.0011,0.0002,0.0188,0.0371,0.045,0.0411,0.0371,0.9657,2.6599,0.899
25750,0.0004,0.0001,5.5149,0.0003,0.02,0.039,0.0839,0.05,0.0468,0.9107,3.2626,1.093
25800,0.0004,0.0002,5.3886,0.0002,0.0199,0.0533,0.0672,0.0434,0.0395,0.8316,2.5568,0.9615
25850,0.0003,0.0001,4.8162,0.0003,0.0188,0.0373,0.0453,0.0414,0.0373,1.0615,2.5705,1.0646
25900,0.0005,0.0003,4.9083,0.0003,0.0202,0.0392,0.0476,0.0434,0.0392,0.8692,2.5112,0.8686
25950,0.0005,0.0003,5.2599,0.0003,0.02,0.0394,0.0477,0.0435,0.0392,0.8737,2.6309,0.8895
26000,0.0003,0.0001,5.1489,0.0002,0.0203,0.0449,0.0527,0.0437,0.0394,0.8858,2.6096,0.9177
26050,0.0004,0.0002,4.999,0.0002,0.0199,0.0394,0.0517,0.0436,0.0395,1.0001,2.6012,0.8898
26100,0.0003,0.0001,5.0851,0.0002,0.0203,0.0395,0.048,0.0437,0.0395,0.8752,2.5997,0.9019
26150,0.0003,0.0003,5.1648,0.0003,0.0195,0.042,0.0469,0.0429,0.0386,1.0723,2.6101,0.8784
26200,0.0003,0.0001,5.048,0.0002,0.0201,0.0396,0.0513,0.0438,0.0396,0.876,2.6449,0.8906
26250,0.0003,0.0001,5.2072,0.0002,0.0201,0.0461,0.0483,0.044,0.0397,1.1111,2.9215,0.9357
26300,0.0003,0.0002,5.6813,0.0002,0.0198,0.0389,0.0472,0.0436,0.0388,1.0192,2.6834,1.2324
26350,0.0003,0.0001,5.0411,0.0003,0.0204,0.0402,0.0485,0.0442,0.0403,0.9875,2.6286,0.8536
26400,0.0003,0.0002,6.2099,0.0002,0.0412,0.04,0.0485,0.0443,0.04,0.9065,2.606,0.9903
26450,0.0004,0.0002,5.5158,0.0003,0.0203,0.04,0.0485,0.0443,0.0402,0.8966,2.644,0.8856
26500,0.0002,0.0001,5.0246,0.0002,0.0192,0.1077,0.0564,0.0516,0.0525,0.9671,3.052,0.9753
26550,0.0003,0.0001,5.2898,0.0003,0.0196,0.0383,0.07,0.0446,0.0547,1.2462,2.646,1.0845
26600,0.0005,0.0002,5.3293,0.0003,0.0206,0.0404,0.0488,0.0447,0.0404,0.8944,2.6835,0.8834
26650,0.0005,0.0003,5.038,0.0003,0.0204,0.0403,0.049,0.0446,0.0403,0.915,2.6648,0.845
26700,0.0004,0.0006,5.8462,0.0002,0.0218,0.0404,0.049,0.0448,0.0403,0.8915,3.0331,0.8875
26750,0.0003,0.0002,5.5212,0.0002,0.0216,0.0405,0.0499,0.0455,0.0412,0.9075,2.7634,0.9036
26800,0.0003,0.0002,5.6627,0.0002,0.0207,0.0406,0.0492,0.0488,0.0842,0.9154,2.7594,0.9469
26850,0.0005,0.0002,5.1261,0.0002,0.0204,0.0407,0.0492,0.0451,0.0405,1.1769,3.0193,0.9464
26900,0.0004,0.0004,5.9989,0.0002,0.0257,0.0504,0.0614,0.0556,0.0407,0.9047,2.722,0.9077
26950,0.0004,0.0002,6.4705,0.0002,0.0407,0.041,0.0495,0.0453,0.0407,0.9304,2.6719,0.9117
27000,0.0004,0.0002,5.1271,0.0003,0.0207,0.0409,0.0497,0.0454,0.0409,0.9172,2.7373,0.9109
27050,0.0004,0.0003,6.7697,0.0002,0.0209,0.041,0.0496,0.0454,0.0453,0.9203,2.7994,0.9109
27100,0.0004,0.0004,5.5296,0.0002,0.021,0.0411,0.0501,0.0456,0.041,1.0678,3.1096,0.9916
27150,0.0005,0.0003,9.6453,0.0003,0.0212,0.041,0.0501,0.0459,0.0411,1.0005,3.1535,0.9766
27200,0.0004,0.0002,7.8409,0.0002,0.0634,0.1566,0.1534,0.1947,0.0521,1.4725,3.1267,1.1078
27250,0.0004,0.0001,5.4823,0.0002,0.0209,0.0413,0.05,0.0605,0.0393,0.9782,3.13,1.119
27300,0.0004,0.0003,6.8818,0.0004,0.026,0.0539,0.0677,0.0581,0.0508,0.9228,3.246,1.0385
27350,0.0005,0.0002,5.2049,0.0003,0.0211,0.0414,0.0504,0.0458,0.0414,0.9184,3.2421,0.9324
27400,0.0003,0.0002,5.2592,0.0002,0.021,0.0414,0.0503,0.046,0.0415,1.0104,2.6704,1.0057
27450,0.0005,0.0003,5.5333,0.0003,0.0346,0.062,0.0659,0.066,0.055,0.9171,2.8653,0.9116
27500,0.0006,0.0004,6.2328,0.0002,0.0241,0.0465,0.0539,0.0462,0.0416,0.9911,2.9418,1.1839
27550,0.0006,0.0003,6.0265,0.0003,0.0217,0.0416,0.0515,0.0526,0.0417,1.276,3.8929,1.0159
27600,0.0008,0.0009,8.2694,0.0006,0.0213,0.044,0.0507,0.0465,0.0417,0.9194,2.8058,1.0679
27650,0.0004,0.0003,5.8687,0.0002,0.0212,0.0419,0.0508,0.0463,0.0419,0.9166,2.9077,0.9148
27700,0.0004,0.0004,6.9039,0.0003,0.0254,0.0527,0.0579,0.0514,0.0513,0.998,2.8577,1.0003
27750,0.0003,0.0004,5.4741,0.0002,0.0215,0.0421,0.0511,0.0465,0.0439,0.9622,2.7873,1.0709
27800,0.0006,0.001,6.21,0.0002,0.0256,0.0504,0.0606,0.055,0.0531,0.9743,3.1294,1.006
27850,0.0006,0.0002,6.2864,0.0003,0.0457,0.0502,0.0599,0.0563,0.0522,1.0498,3.4211,0.9266
27900,0.0006,0.0008,7.186,0.0003,0.0262,0.0515,0.0672,0.0517,0.0424,1.0094,3.3232,1.0686
27950,0.0005,0.0005,6.0393,0.0005,0.0215,0.0423,0.0512,0.0468,0.0423,1.1273,3.2033,1.0298
28000,0.0006,0.0006,5.7059,0.0002,0.0216,0.0424,0.0514,0.0469,0.0453,0.9936,2.92,0.9276
28050,0.0005,0.0008,6.2785,0.0004,0.0258,0.0508,0.0607,0.058,0.0537,0.9595,3.0131,0.9765
28100,0.0004,0.0004,5.668,0.0002,0.0216,0.0425,0.0517,0.0472,0.0425,1.0071,2.8098,1.0374
28150,0.0005,0.0009,8.3086,0.0003,0.0262,0.051,0.0535,0.0487,0.0433,0.9274,2.814,0.9308
28200,0.0004,0.0004,5.7922,0.0002,0.0219,0.0428,0.0556,0.0473,0.0428,0.9264,2.9086,0.9321
28250,0.0003,0.0008,6.6416,0.0003,0.0307,0.053,0.0537,0.0562,0.0565,1.3446,3.2468,0.9829
28300,0.0009,0.0005,6.8377,0.0003,0.026,0.0528,0.0598,0.0475,0.0429,0.9354,3.1743,1
28350,0.0005,0.0002,7.4108,0.0003,0.0218,0.1328,0.0522,0.0476,0.0429,1.0774,3.9793,0.9326
28400,0.0004,0.0002,8.2737,0.0003,0.0305,0.0576,0.0692,0.0624,0.043,0.972,3.1264,1.0416
28450,0.0009,0.0004,5.9018,0.0006,0.0267,0.0547,0.0627,0.059,0.0514,0.9445,3.1678,0.9796
28500,0.0006,0.0004,7.023,0.0002,0.0219,0.0502,0.0526,0.049,0.0431,1.0736,3.3037,1.0693
28550,0.0006,0.0007,6.7399,0.0002,0.0226,0.0433,0.0749,0.0628,0.0547,0.9343,2.9856,0.9332
28600,0.0003,0.0004,6.1703,0.0002,0.0221,0.0432,0.0525,0.0479,0.0433,0.934,2.8902,0.9775
28650,0.0005,0.0002,5.4824,0.0004,0.0221,0.0435,0.0528,0.0481,0.0434,1.1252,3.0469,1.0743
28700,0.0004,0.0002,5.597,0.0003,0.0221,0.0435,0.0526,0.0484,0.0433,0.9376,2.8769,0.9447
28750,0.0004,0.0005,5.574,0.0002,0.0221,0.0437,0.0529,0.0483,0.0435,0.9418,2.8728,0.9438
28800,0.0005,0.0006,5.7694,0.0007,0.0223,0.0437,0.053,0.0504,0.0438,0.945,2.9621,0.941
28850,0.0003,0.0002,5.5648,0.0002,0.0225,0.0437,0.0532,0.0486,0.0437,0.9484,2.8838,0.9434
28900,0.0004,0.0002,5.7079,0.0002,0.0222,0.0438,0.053,0.0484,0.0438,0.9743,3.0106,0.9743
28950,0.0003,0.0002,5.6135,0.0002,0.0223,0.0438,0.0533,0.0505,0.0437,0.9765,3.7222,0.9566
29000,0.0004,0.0001,5.6136,0.0003,0.0223,0.0439,0.0532,0.0551,0.0439,1.0005,2.8984,0.9692
29050,0.0004,0.0002,5.7546,0.0003,0.0223,0.044,0.054,0.0487,0.0442,0.9658,2.8977,1.0084
29100,0.0004,0.0002,5.5366,0.0003,0.0223,0.0441,0.0535,0.0488,0.044,0.9569,2.9022,1.0642
29150,0.0006,0.0001,5.6118,0.0002,0.0223,0.0461,0.0535,0.0493,0.0441,1.0662,3.3913,1.0135
29200,0.0006,0.0001,6.2511,0.0002,0.0275,0.0466,0.0537,0.049,0.0441,1.0593,2.9198,1.0469
29250,0.0004,0.0002,6.5299,0.0003,0.0281,0.0556,0.2491,0.1126,0.1535,0.9647,3.0271,0.9735
29300,0.0006,0.0003,5.903,0.0002,0.0225,0.0444,0.0539,0.0493,0.0444,0.9694,2.9662,0.959
29350,0.0004,0.0002,5.6131,0.0002,0.0228,0.0446,0.0542,0.0496,0.0473,1.1167,2.9454,1.1147
29400,0.0004,0.0002,5.6233,0.0003,0.0263,0.0553,0.0615,0.0493,0.0445,1.0017,2.9351,1.2951
29450,0.0007,0.0003,5.7214,0.0002,0.0227,0.0446,0.0542,0.0495,0.0446,0.9673,2.9386,0.9649
29500,0.0005,0.0002,5.6501,0.0002,0.0226,0.0447,0.0543,0.0497,0.0448,0.9631,2.9955,0.9623
29550,0.0004,0.0006,7.2507,0.0002,0.0277,0.054,0.0605,0.0496,0.0447,0.9598,2.9559,0.9621
29600,0.0004,0.0002,5.6402,0.0004,0.023,0.0448,0.0544,0.0496,0.0447,0.9851,2.9443,0.9576
29650,0.0003,0.0001,5.9124,0.0003,0.0232,0.0448,0.0544,0.0497,0.0448,0.9771,2.9406,0.9604
29700,0.0004,0.0001,5.8229,0.0002,0.0229,0.0469,0.0605,0.0652,0.0579,0.9615,3.2316,0.9719
29750,0.0006,0.0004,6.1265,0.0002,0.023,0.045,0.0547,0.0497,0.0451,0.9668,3.0015,0.9716
29800,0.0004,0.0001,5.821,0.0002,0.023,0.0459,0.0549,0.0519,0.0454,1.0774,2.9742,0.9648
29850,0.0004,0.0002,8.2357,0.0002,0.0229,0.0451,0.0548,0.149,0.0477,1.4593,3.1641,0.9658
29900,0.0004,0.0002,5.7058,0.0008,0.0234,0.046,0.055,0.0506,0.0455,1.0199,3.029,0.9839
29950,0.0003,0.0005,6.2767,0.0004,0.0231,0.0454,0.055,0.0528,0.0454,1.1004,3.0857,1.0024
30000,0.0004,0.0002,6.2438,0.0003,0.0263,0.0524,0.0658,0.0602,0.0558,0.977,2.9971,0.9918
30050,0.0003,0.0003,5.7772,0.0002,0.0231,0.0455,0.0552,0.0503,0.0455,0.9697,2.9825,0.968
30100,0.0004,0.0002,6.4281,0.0003,0.0231,0.0457,0.0555,0.0506,0.0458,0.971,3.0158,0.9691
30150,0.0003,0.0001,5.7762,0.0002,0.0231,0.0456,0.0556,0.0507,0.0456,0.9744,2.99,0.9688
30200,0.0004,0.0002,5.7546,0.0002,0.0232,0.0458,0.057,0.0505,0.0456,0.97,3.0605,0.9667
30250,0.0003,0.0002,5.74,0.0005,0.0231,0.0458,0.0558,0.0507,0.0457,0.9741,3.4758,0.9929
30300,0.0003,0.0002,5.8636,0.0005,0.0233,0.0458,0.0559,0.0507,0.0458,0.9844,3.1565,0.9742
30350,0.0004,0.0004,5.9889,0.0002,0.0234,0.046,0.0557,0.0508,0.0458,1.1388,3.0996,1.0931
30400,0.0003,0.0001,6.172,0.0002,0.0232,0.0461,0.056,0.0511,0.0461,1.0615,3.0371,0.9709
30450,0.0004,0.0006,6.3517,0.0002,0.0235,0.046,0.056,0.0509,0.046,0.9738,3.0443,1.0827
30500,0.0004,0.0001,5.8348,0.0004,0.0235,0.0466,0.0561,0.0513,0.0463,0.9807,3.0669,0.9758
30550,0.0004,0.0002,6.3032,0.0002,0.0241,0.0466,0.0566,0.0516,0.0463,0.9842,3.1089,0.9822
30600,0.0004,0.0001,5.8201,0.0002,0.0235,0.0462,0.0561,0.0513,0.0463,0.9913,3.0872,0.984
30650,0.0003,0.0003,6.215,0.0002,0.0236,0.0464,0.0562,0.0513,0.0463,1.0073,3.0981,0.9894
30700,0.0003,0.0002,6.1549,0.0003,0.0261,0.0465,0.0565,0.0514,0.0464,0.9837,3.1279,0.9845
30750,0.0003,0.0003,5.8423,0.0003,0.0236,0.0465,0.0579,0.0514,0.0465,1.1026,3.3478,0.9969
30800,0.0004,0.0002,5.8912,0.0003,0.0237,0.0465,0.0566,0.0515,0.0466,1.1295,3.4262,1.1051
30850,0.0005,0.0002,5.8629,0.0003,0.0238,0.0471,0.0568,0.052,0.0468,0.9946,3.046,1.0075
30900,0.0003,0.0001,5.8791,0.0002,0.0237,0.0468,0.0568,0.0518,0.0466,0.9991,3.1169,1.0186
30950,0.0003,0.0004,5.9226,0.0005,0.0237,0.0468,0.0569,0.0914,0.0468,1.0101,3.1354,1.0099
31000,0.0007,0.0006,7.5428,0.0002,0.0237,0.0469,0.0569,0.0519,0.0468,1.0125,3.1337,1.0786
31050,0.0006,0.0002,5.8786,0.0002,0.0239,0.047,0.0575,0.0519,0.0482,1.0175,3.1337,1.0096
31100,0.0003,0.0001,7.5362,0.0002,0.0239,0.0471,0.0572,0.0521,0.047,1.0064,3.1684,1.0098
31150,0.0004,0.0002,6.1912,0.0002,0.0242,0.0475,0.0602,0.0522,0.0476,1.0071,3.1645,1.0231
31200,0.0004,0.0003,5.937,0.0002,0.0241,0.0473,0.0575,0.0524,0.0473,1.0092,3.1449,1.0158
31250,0.0003,0.0003,6.9079,0.0002,0.0373,0.0657,0.0718,0.0498,0.0474,1.0034,3.4627,0.9995
31300,0.0004,0.0003,6.2209,0.0002,0.0241,0.0473,0.0575,0.0524,0.0483,1.02,3.2953,1.0064
31350,0.0003,0.0001,6.9083,0.0004,0.0305,0.0616,0.0791,0.0718,0.0643,1.0425,3.3683,1.0088
31400,0.0007,0.0003,7.6393,0.0002,0.0242,0.0476,0.0577,0.0525,0.0475,1.012,3.1498,1.0209
31450,0.0005,0.0002,6.1331,0.0002,0.0241,0.0477,0.0579,0.0526,0.0476,1.0425,3.2719,1.0082
31500,0.0004,0.0003,6.8763,0.0004,0.0671,0.0981,0.0795,0.0645,0.0613,1.0911,3.9941,1.027
31550,0.0005,0.0002,5.9741,0.0003,0.0241,0.0477,0.0578,0.0529,0.0476,1.0273,3.1856,1.0052
31600,0.0009,0.0002,6.1805,0.0003,0.0242,0.0487,0.058,0.053,0.052,1.1314,3.4691,1.0819
31650,0.0006,0.0003,6.4259,0.0003,0.0244,0.0479,0.0582,0.0532,0.0479,1.1076,3.4419,0.9933
31700,0.0004,0.0002,6.0097,0.0003,0.0242,0.0529,0.0581,0.0531,0.0479,1.1037,3.2049,1.004
31750,0.0005,0.0005,6.0296,0.0003,0.0242,0.0481,0.0583,0.0532,0.048,1.0235,3.1836,1.2581
31800,0.0005,0.0004,6.0384,0.0003,0.0244,0.0481,0.0584,0.0531,0.048,1.0093,3.2286,1.0298
31850,0.001,0.0004,6.0467,0.0006,0.0244,0.0482,0.0585,0.0532,0.0482,1.0051,3.1954,1.0222
31900,0.0007,0.0004,8.5872,0.0003,0.0245,0.0483,0.0585,0.0533,0.0483,1.3232,3.2052,1.0451
31950,0.0006,0.0003,6.1517,0.0002,0.0245,0.0483,0.0587,0.0564,0.0485,1.0088,3.2317,1.0205
32000,0.0004,0.0003,6.434,0.0002,0.0245,0.05,0.0587,0.0535,0.0483,1.0153,3.207,1.0673
32050,0.0006,0.0217,7.3333,0.0006,0.0349,0.0681,0.0818,0.0746,0.0664,1.193,3.8783,1.0636
32100,0.0006,0.0003,6.3093,0.0003,0.0248,0.0485,0.0591,0.0607,0.0581,1.0118,3.495,1.1555
32150,0.0005,0.0001,6.4293,0.0003,0.0249,0.0511,0.0592,0.0545,0.0493,1.0552,3.3643,0.9615
32200,0.0004,0.0002,6.1823,0.0003,0.0247,0.049,0.0591,0.0648,0.0846,1.2047,3.5145,1.0419
32250,0.0004,0.0002,6.2566,0.0003,0.0292,0.0489,0.0592,0.0539,0.0488,1.1306,3.3778,1.3588
32300,0.0004,0.0002,6.7977,0.0003,0.0236,0.0466,0.0566,0.0515,0.0466,1.0293,3.7951,1.0222
32350,0.0003,0.0001,7.0913,0.0002,0.0249,0.0489,0.0596,0.0541,0.0488,1.0899,3.3118,1.2175
32400,0.0003,0.0003,6.2827,0.0002,0.0249,0.0489,0.0595,0.0542,0.0491,1.0477,3.2634,1.0304
32450,0.0005,0.0003,6.1776,0.0003,0.0251,0.0492,0.0599,0.0623,0.0492,1.0262,3.2733,1.071
32500,0.0005,0.0005,6.2571,0.0002,0.025,0.0492,0.0597,0.0544,0.0513,1.0293,3.3463,1.0232
32550,0.0004,0.0009,7.1918,0.0004,0.0251,0.0492,0.0615,0.0545,0.0492,1.0272,3.3218,1.0379
32600,0.0005,0.0002,6.3319,0.0003,0.0244,0.0482,0.0585,0.0532,0.0481,1.1664,3.4767,1.0824
32650,0.0003,0.0002,6.3388,0.0002,0.0251,0.0499,0.06,0.0548,0.0496,1.1848,3.615,1.0525
32700,0.0009,0.0012,7.544,0.0001,0.0251,0.0495,0.0601,0.0558,0.0494,1.0925,3.2904,1.137
32750,0.0004,0.0002,6.3466,0.0005,0.0252,0.0496,0.0601,0.0549,0.0495,1.1895,3.292,1.3425
32800,0.0004,0.0004,6.4966,0.0002,0.0253,0.0496,0.0602,0.0549,0.0495,1.0509,3.3087,1.0461
32850,0.0005,0.0001,6.2085,0.0003,0.0252,0.0497,0.0603,0.0549,0.0497,1.045,3.2972,1.0458
32900,0.0004,0.0008,6.6227,0.0003,0.0252,0.0498,0.0605,0.055,0.0497,1.0983,3.3311,1.0634
32950,0.0003,0.0002,6.2691,0.0003,0.0253,0.0499,0.0609,0.0552,0.0499,1.0495,3.3203,1.0701
33000,0.0005,0.0005,7.9663,0.0002,0.0254,0.05,0.0607,0.0554,0.0499,1.0898,3.4098,1.2894
33050,0.0005,0.0003,6.6237,0.0002,0.0241,0.0478,0.0577,0.0528,0.0477,1.0416,3.4665,1.1221
33100,0.0005,0.0002,6.933,0.0006,0.0255,0.0508,0.0631,0.0596,0.055,1.0585,5.1792,1.4608
33150,0.0004,0.0001,6.7106,0.0002,0.0276,0.0502,0.0608,0.0555,0.0503,1.2556,3.9776,1.1944
33200,0.0004,0.0002,6.6233,0.0002,0.0257,0.0502,0.0609,0.0652,0.0859,1.0669,3.627,1.2065
33250,0.0007,0.0003,7.2038,0.0002,0.0255,0.0504,0.1654,0.0789,0.0515,1.4164,6.0572,1.1581
33300,0.0003,0.0003,6.6929,0.0002,0.0256,0.0503,0.0611,0.0557,0.0503,1.0707,3.4036,1.0632
33350,0.0004,0.0003,7.0493,0.0006,0.0257,0.0504,0.0775,0.0771,0.089,1.0712,3.5637,1.0708
33400,0.0004,0.0002,7.1671,0.0004,0.0259,0.0505,0.0613,0.0558,0.0505,1.0733,3.3955,1.1146
33450,0.0005,0.0002,7.8456,0.0003,0.0259,0.0507,0.0614,0.0561,0.0505,1.1217,3.3931,1.0735
33500,0.0004,0.0002,7.7847,0.0002,0.0252,0.0502,0.0603,0.0547,0.0497,1.0794,3.6862,1.0898
33550,0.0004,0.0003,7.0106,0.0002,0.0258,0.0509,0.0617,0.0562,0.0507,1.1311,3.406,1.1865
33600,0.0004,0.0001,6.788,0.0002,0.0258,0.051,0.0641,0.0564,0.0512,1.0841,3.6881,1.0766
33650,0.0005,0.0009,7.1858,0.0004,0.0265,0.0555,0.0619,0.0567,0.0554,1.121,3.7996,1.0796
33700,0.0004,0.0008,7.861,0.0002,0.0262,0.0511,0.0622,0.0566,0.0513,1.0832,3.4493,1.7214
33750,0.0008,0.0004,6.6253,0.0003,0.0263,0.0513,0.0647,0.0566,0.0511,1.1391,3.4446,1.09
33800,0.0005,0.0004,8.3265,0.0003,0.026,0.0511,0.0621,0.0565,0.0511,1.0852,3.7748,1.0979
33850,0.0004,0.0003,6.5014,0.0003,0.026,0.0513,0.0622,0.0567,0.0512,1.5397,3.537,1.2065
33900,0.0005,0.0003,6.4619,0.0003,0.0261,0.0513,0.0621,0.0567,0.0512,1.1297,3.4298,1.0925
33950,0.0005,0.0001,6.4502,0.0003,0.0261,0.0515,0.0624,0.0569,0.0514,1.0956,3.4551,1.0912
34000,0.0005,0.0002,6.575,0.0003,0.0259,0.0514,0.0624,0.057,0.0515,1.7724,3.4842,1.3224
34050,0.0007,0.0006,7.4446,0.0002,0.0261,0.0516,0.0757,0.0557,0.0502,1.1044,3.9885,1.1292
34100,0.0009,0.0002,6.56,0.0003,0.0262,0.0519,0.0629,0.1011,0.062,1.4034,5.9989,1.0801
34150,0.0004,0.0002,7.026,0.0002,0.0262,0.0518,0.068,0.0575,0.088,1.1848,3.562,1.236
34200,0.0003,0.0002,6.9173,0.0003,0.0256,0.0505,0.0613,0.0558,0.0504,1.0704,3.6213,1.1104
34250,0.0003,0.0002,6.9421,0.0005,0.0263,0.0518,0.0627,0.0573,0.0518,1.0957,3.6383,1.1013
34300,0.0005,0.0002,6.7038,0.0003,0.0265,0.0024,0.0631,0.0573,0.0978,1.0963,3.4499,1.1448
34350,0.0005,0.0002,7.4083,0.0002,0.0264,0.0523,0.0633,0.0576,0.0519,1.11,3.5073,1.0959
34400,0.0005,0.0005,6.5539,0.0003,0.0266,0.0529,0.0636,0.0581,0.052,1.1178,3.6415,1.1067
34450,0.0004,0.0005,7.0376,0.0002,0.0259,0.0515,0.0616,0.0562,0.0719,1.1834,3.7915,1.2475
34500,0.0007,0.0006,7.6885,0.0002,0.0265,0.0522,0.0633,0.0578,0.0522,1.1519,3.5502,1.1045
34550,0.0004,0.0002,7.1016,0.0003,0.0304,0.0979,0.1128,0.0718,0.0661,1.1446,3.7317,1.0894
34600,0.0004,0.0002,7.2151,0.0003,0.0466,0.0655,0.089,0.0701,0.0783,1.0955,4.291,1.1571
34650,0.0004,0.0003,7.5927,0.0003,0.0266,0.0866,0.0981,0.0579,0.0875,1.1661,3.6844,1.1788
34700,0.0005,0.0003,9.6445,0.0002,0.0336,0.0658,0.0805,0.0729,0.0646,1.201,3.9182,1.1148
34750,0.0007,0.0004,7.3869,0.0005,0.0266,0.0526,0.0639,0.0583,0.0528,1.121,3.51,1.1118
34800,0.0003,0.0003,6.6517,0.0002,0.0267,0.0526,0.0638,0.0583,0.0525,1.1302,3.5345,1.1241
34850,0.0004,0.0001,7.3917,0.0002,0.0268,0.0529,0.064,0.0584,0.0526,1.1254,3.5658,1.1166
34900,0.0003,0.0002,7.0919,0.0002,0.0267,0.0528,0.0639,0.0584,0.0528,1.137,3.6347,1.1286
34950,0.0003,0.0003,7.5054,0.0004,0.0279,0.0529,0.0642,0.0584,0.0528,1.1537,3.7144,1.2076
35000,0.0004,0.0003,6.8858,0.0002,0.0268,0.053,0.0641,0.0585,0.053,1.1446,3.5913,1.1771
35050,0.0004,0.0004,6.6887,0.0003,0.0268,0.0531,0.0684,0.0586,0.053,1.2034,3.6615,1.305
35100,0.0004,0.0022,6.9823,0.0003,0.027,0.053,0.0648,0.0652,0.0531,1.156,3.5842,1.1623
35150,0.0004,0.0003,6.8751,0.0003,0.0268,0.0532,0.0644,0.0588,0.0532,1.1734,3.5476,1.2064
35200,0.0003,0.0005,6.9702,0.0002,0.027,0.069,0.0648,0.0593,0.0532,1.1953,3.7335,1.1477
35250,0.0005,0.0002,6.6673,0.0004,0.0273,0.0546,0.0653,0.0598,0.0536,1.167,3.5327,1.1491
35300,0.0004,0.0004,6.646,0.0002,0.027,0.0534,0.0646,0.059,0.0533,1.1527,3.55,1.3055
35350,0.0006,0.0006,7.1415,0.0003,0.0257,0.0511,0.0618,0.0564,0.0509,1.3747,3.5127,1.2261
35400,0.0005,0.0002,6.7392,0.0002,0.026,0.0513,0.0622,0.0769,0.0537,1.3977,3.9363,1.3231
35450,0.0003,0.0003,6.9358,0.0002,0.0273,0.0536,0.0664,0.0595,0.0538,1.1653,3.9625,1.158
35500,0.0004,0.0002,6.7284,0.0003,0.0271,0.0539,0.0651,0.0595,0.0537,1.179,3.6982,1.1626
35550,0.0006,0.0003,7.6877,0.0003,0.0336,0.0662,0.097,0.0933,0.0784,1.1864,4.5739,1.2474
35600,0.0004,0.0002,7.2474,0.0002,0.0273,0.054,0.0656,0.0732,0.0539,1.1521,5.3765,1.3906
35650,0.0004,0.0002,7.5072,0.0002,0.061,0.0514,0.0624,0.0924,0.0514,1.1985,3.8879,1.2143
35700,0.0005,0.0003,6.878,0.0003,0.0269,0.0727,0.0657,0.0607,0.054,1.4638,3.7888,1.2316
35750,0.0004,0.0002,7.2141,0.0003,0.0413,0.0745,0.0659,0.0601,0.0542,1.2151,3.7677,1.1592
35800,0.0003,0.0001,7.394,0.0002,0.0315,0.0543,0.066,0.0601,0.0542,1.1619,3.7807,1.1852
35850,0.0004,0.0004,6.8782,0.0003,0.0276,0.0544,0.066,0.0601,0.0543,1.3469,4.069,2.0109
35900,0.0004,0.0002,7.5177,0.0003,0.0332,0.0194,0.0802,0.0859,0.077,1.1856,3.8128,1.1751
35950,0.0004,0.0002,7.1228,0.0005,0.0278,0.0544,0.0663,0.0602,0.0543,1.323,3.6605,1.1755
36000,0.0004,0.0002,7.3859,0.0003,0.0278,0.0544,0.0664,0.0617,0.0544,1.1849,3.6578,1.2804
36050,0.0004,0.0004,7.3506,0.0003,0.0275,0.0545,0.0661,0.0634,0.0545,1.1897,3.7011,1.2613
36100,0.0009,0.0001,7.5326,0.0002,0.0276,0.0546,0.0663,0.0603,0.0546,1.1813,3.7044,1.1962
36150,0.0004,0.0001,8.6565,0.0002,0.0278,0.0547,0.0665,0.0604,0.0547,1.181,3.6949,1.2208
36200,0.0006,0.001,7.0105,0.0003,0.027,0.0535,0.0649,0.0791,0.0547,1.3847,3.8055,1.3835
36250,0.0003,0.0001,7.1704,0.0002,0.0277,0.055,0.0665,0.0608,0.0548,1.2213,3.6721,1.1953
36300,0.0009,0.0001,6.8527,0.0003,0.0289,0.0548,0.0668,0.0609,0.0548,1.1847,3.6835,1.1819
36350,0.0004,0.0003,7.0469,0.0003,0.0431,0.0525,0.0638,0.058,0.0525,1.3767,4.5821,1.3845
36400,0.0004,0.0002,7.3508,0.0002,0.0279,0.0564,0.0667,0.061,0.055,1.1849,3.6572,1.1896
36450,0.0004,0.0002,7.5587,0.0002,0.0281,0.0552,0.0668,0.0608,0.0555,1.2308,3.8788,1.2075
36500,0.0003,0.0001,7.2757,0.0003,0.0279,0.0551,0.0671,0.0634,0.0552,1.1395,3.6861,1.1395
36550,0.0003,0.0002,7.0411,0.0003,0.028,0.0552,0.0671,0.0611,0.0552,1.3159,3.7488,1.2002
36600,0.0003,0.0014,7.4009,0.0002,0.0281,0.0554,0.0672,0.0652,0.0554,1.2164,3.7847,1.2663
36650,0.0004,0.0004,6.996,0.0003,0.028,0.0554,0.0673,0.0613,0.0554,1.2404,3.7105,1.1437
36700,0.0005,0.0006,7.9962,0.0003,0.0344,0.0902,0.1162,0.0586,0.0529,1.3932,3.7852,1.4341
36750,0.0005,0.0009,7.7668,0.0002,0.0282,0.0569,0.0674,0.0616,0.0556,1.2468,4.0499,1.2378
36800,0.0005,0.0002,7.1038,0.0002,0.0269,0.0532,0.0644,0.0587,0.0531,1.2268,4.4565,1.1588
36850,0.0004,0.0007,7.3894,0.0003,0.0283,0.0557,0.083,0.0965,0.0758,1.2105,3.7643,1.2104
36900,0.0003,0.0001,7.2541,0.0002,0.0283,0.0559,0.0681,0.0617,0.0558,1.238,3.7471,1.2184
36950,0.0003,0.0002,8.4219,0.0003,0.0284,0.0559,0.0678,0.0623,0.0558,1.1606,3.9298,1.1925
37000,0.0003,0.0002,7.2063,0.0003,0.0282,0.056,0.0678,0.0622,0.0559,1.2416,3.7774,1.2303
37050,0.0004,0.0002,8.2844,0.0002,0.0273,0.0535,0.065,0.0591,0.0534,1.2943,3.6476,1.2234
37100,0.0005,0.0003,7.3019,0.0003,0.0336,0.0929,0.0929,0.071,0.0736,1.2438,3.7477,1.3773
37150,0.0003,0.0002,6.9411,0.0002,0.0273,0.0538,0.0653,0.0601,0.0543,1.5412,3.8756,1.6162
37200,0.0006,0.0005,7.5812,0.0002,0.0272,0.0537,0.0652,0.0594,0.0536,1.2356,4.1633,1.2471
37250,0.0004,0.0001,7.4375,0.0003,0.0273,0.0538,0.1743,0.0786,0.0879,1.3688,4.3344,1.4488
37300,0.0005,0.0002,7.4085,0.0003,0.0286,0.0566,0.0687,0.0625,0.0568,1.2402,3.8519,1.3808
37350,0.0004,0.0002,7.2182,0.0002,0.0273,0.054,0.087,0.0625,0.074,1.18,3.7725,1.3011
37400,0.0003,0.0002,7.7047,0.0002,0.0282,0.0554,0.0672,0.0611,0.0554,1.381,3.8354,1.2229
37450,0.0003,0.0002,8.3066,0.0002,0.0287,0.0566,0.0688,0.0663,0.0652,1.4308,3.8516,1.4458
37500,0.0004,0.0003,11.1715,0.0002,0.0525,0.0817,0.0727,0.062,0.0811,1.3032,4.3515,1.3179
37550,0.0004,0.0002,7.2804,0.0002,0.0284,0.0554,0.1801,0.0978,0.0567,1.2885,4.2829,1.2472
37600,0.0003,0.0001,8.0545,0.0002,0.0288,0.0944,0.0692,0.0631,0.0568,1.267,3.9115,1.2492
37650,0.0003,0.0002,7.1888,0.0003,0.0502,0.0713,0.0679,0.0619,0.0558,1.5149,4.0692,1.2511
37700,0.0006,0.0004,7.6507,0.0002,0.0282,0.0942,0.1042,0.12,0.1286,1.253,3.9414,1.2633
37750,0.0004,0.0003,7.2715,0.0005,0.029,0.0654,0.0693,0.0632,0.057,1.3146,3.9121,1.3366
37800,0.0004,0.0002,7.3762,0.0003,0.0282,0.0559,0.0676,0.062,0.0559,1.2702,4.1104,1.443
37850,0.0004,0.0007,8.2657,0.0002,0.0308,0.0654,0.0695,0.0657,0.0572,1.251,3.8759,1.2556
37900,0.0004,0.0002,7.1561,0.0007,0.0296,0.0578,0.0706,0.0639,0.0577,1.2714,3.8852,1.273
37950,0.0004,0.0001,7.1811,0.0002,0.029,0.0574,0.0711,0.0637,0.0577,1.263,3.9336,1.2671
38000,0.0005,0.0004,7.6073,0.0005,0.0292,0.0589,0.0795,0.066,0.0574,1.2775,3.8673,1.259
38050,0.0004,0.0003,7.3484,0.0002,0.0292,0.0575,0.0698,0.0637,0.0651,1.2743,3.9567,1.2706
38100,0.0003,0.0002,7.4527,0.0003,0.0291,0.0576,0.07,0.0637,0.0576,1.2795,3.9472,1.2811
38150,0.0003,0.0003,7.3927,0.0003,0.0298,0.0576,0.0699,0.0638,0.0577,1.2715,4.2407,1.284
38200,0.0003,0.0002,7.356,0.0002,0.0293,0.058,0.0701,0.0639,0.0577,1.2811,3.9023,1.311
38250,0.0005,0.0002,8.0176,0.0002,0.0293,0.0578,0.0701,0.0639,0.0578,1.2875,3.948,1.2873
38300,0.0007,0.0002,7.2497,0.0003,0.0295,0.0579,0.0704,0.0642,0.0579,1.4239,3.8994,1.2954
38350,0.0004,0.0001,7.2415,0.0002,0.0293,0.0592,0.0706,0.0655,0.0581,1.2775,3.8925,1.2719
38400,0.0003,0.0002,7.376,0.0003,0.0325,0.0554,0.0673,0.0613,0.0554,1.3172,4.1062,1.3262
38450,0.0004,0.0001,7.3851,0.0002,0.0296,0.0581,0.0707,0.0643,0.0581,1.2803,3.9304,1.2767
38500,0.0004,0.0004,7.8615,0.0003,0.035,0.132,0.0708,0.0645,0.0582,1.3941,4.1663,1.3925
38550,0.0003,0.0002,7.5036,0.0003,0.0296,0.0614,0.071,0.0645,0.0583,1.2915,4.3862,1.2874
38600,0.0004,0.0003,7.999,0.0002,0.0296,0.0583,0.0713,0.0645,0.0583,1.437,4.8653,2.724
38650,0.0005,0.0003,7.3656,0.0003,0.0295,0.0585,0.0708,0.0646,0.0584,1.3041,3.9518,1.2627
38700,0.0004,0.0002,7.432,0.0003,0.0282,0.0558,0.0677,0.0618,0.0558,1.5218,3.8395,1.7511
38750,0.0004,0.0002,7.9265,0.0003,0.0438,0.0559,0.0681,0.0983,0.0902,1.3106,4.238,1.3689
38800,0.0003,0.0002,7.6937,0.0002,0.0299,0.0586,0.0712,0.0647,0.0586,1.3102,3.9573,1.3135
38850,0.0003,0.0003,8.3049,0.0002,0.03,0.0587,0.0713,0.0651,0.0587,1.3007,3.9815,1.2947
38900,0.0003,0.0002,7.4154,0.0006,0.03,0.0596,0.0721,0.0652,0.0589,1.2724,4.1083,1.3807
38950,0.0003,0.0005,8.619,0.0002,0.0299,0.0589,0.0714,0.0652,0.0588,1.314,3.9472,1.3107
39000,0.0004,0.0006,7.6723,0.0002,0.0302,0.0594,0.0714,0.0652,0.059,1.3179,3.9802,1.3092
39050,0.0004,0.0002,7.3923,0.0003,0.03,0.059,0.0716,0.0653,0.0589,1.3533,3.9955,1.3219
39100,0.0005,0.0002,7.3889,0.0003,0.0299,0.0593,0.0718,0.0656,0.0591,1.3233,4.0906,1.3164
39150,0.0004,0.0003,7.9808,0.0008,0.0388,0.0751,0.0853,0.0817,0.076,1.3307,4.2203,1.3302
39200,0.0004,0.0003,7.984,0.0002,0.03,0.0593,0.0719,0.0655,0.0592,1.3285,4.0446,1.3224
39250,0.0004,0.0002,7.644,0.0002,0.0286,0.0566,0.0687,0.0625,0.0566,1.3087,3.8834,1.3001
39300,0.0003,0.0003,8.4049,0.0002,0.0287,0.0567,0.0688,0.0866,0.0595,1.649,3.954,1.6685
39350,0.0005,0.0002,7.4558,0.0002,0.0301,0.061,0.0722,0.0659,0.0594,1.5443,4.2003,1.2883
39400,0.0004,0.0003,7.4145,0.0003,0.0305,0.0633,0.0726,0.0672,0.0602,1.3286,4.2483,1.2676
39450,0.0003,0.0001,8.2408,0.0003,0.0289,0.0569,0.0794,0.0857,0.073,1.3927,4.0518,1.3916
39500,0.0003,0.0001,8.621,0.0003,0.0507,0.074,0.0703,0.0632,0.0569,1.3379,4.7678,1.3417
39550,0.0004,0.0002,8.3871,0.0002,0.0302,0.0598,0.0726,0.0661,0.0598,1.3382,4.0642,1.3472
39600,0.0007,0.0003,8.0592,0.0003,0.0304,0.0599,0.0726,0.0662,0.0599,1.3878,4.2815,1.3501
39650,0.0005,0.0004,7.4888,0.0003,0.0305,0.0601,0.0728,0.0663,0.0599,1.3472,4.0727,1.3789
39700,0.0004,0.0001,7.6878,0.0003,0.0303,0.0601,0.0728,0.0665,0.0937,1.3663,4.462,1.3369
39750,0.0004,0.0002,7.724,0.0003,0.0304,0.0601,0.073,0.0663,0.06,1.3131,4.3851,1.4931
39800,0.0003,0.0001,8.7521,0.0003,0.03,0.059,0.0731,0.065,0.0956,1.3579,4.3981,1.3609
39850,0.0004,0.0002,7.6301,0.0003,0.0308,0.0604,0.0731,0.0666,0.0602,1.4839,4.0947,1.3476
39900,0.0004,0.0002,7.5549,0.0003,0.0307,0.0604,0.0735,0.0669,0.0605,1.4124,4.254,1.3387
39950,0.0004,0.0004,7.5457,0.0003,0.0306,0.0606,0.0736,0.0672,0.0606,1.3558,4.1491,1.3487
40000,0.0004,0.0001,8.1821,0.0002,0.0307,0.0605,0.0735,0.0671,0.0604,1.4861,4.2996,1.4232
40050,0.0003,0.0002,8.1136,0.0003,0.0459,0.0608,0.0735,0.067,0.0605,1.4323,4.1002,1.4106
40100,0.0003,0.0003,7.7351,0.0003,0.0309,0.0608,0.074,0.0672,0.0608,1.3563,4.0584,1.5508
40150,0.0004,0.0004,7.5758,0.0003,0.0307,0.0607,0.0737,0.0671,0.0606,1.5738,4.1663,1.5231
40200,0.0003,0.0002,7.8678,0.0003,0.0307,0.0608,0.0737,0.0672,0.0607,1.3639,4.1725,1.3727
40250,0.0003,0.0002,7.8795,0.0005,0.0395,0.0789,0.0884,0.0829,0.0785,1.4888,4.3756,1.3509
40300,0.0003,0.0003,7.9815,0.0003,0.0311,0.0614,0.0868,0.0645,0.0788,1.3823,4.181,1.3767
40350,0.0003,0.0002,8.4711,0.0002,0.031,0.061,0.074,0.0675,0.061,1.3734,3.9681,1.3938
40400,0.0003,0.0004,7.6674,0.0003,0.0295,0.0586,0.0712,0.0648,0.0587,1.3889,4.1585,1.4464
40450,0.0005,0.0004,8.0703,0.0002,0.0296,0.0709,0.0694,0.0899,0.0707,1.5208,5.2844,1.4618
40500,0.0003,0.0001,7.7734,0.0002,0.0313,0.0616,0.0743,0.0675,0.0642,1.3645,4.0861,1.5331
40550,0.0003,0.0002,9.0294,0.0002,0.0311,0.0613,0.0744,0.0678,0.0611,1.5685,4.1462,1.3904
40600,0.0004,0.0003,7.6609,0.0003,0.0311,0.0614,0.0743,0.0678,0.0614,1.3849,4.6619,1.3799
40650,0.0004,0.0003,8.2075,0.0002,0.0312,0.0619,0.0747,0.0678,0.0615,1.8216,4.4911,1.4287
40700,0.0006,0.0002,7.7066,0.0003,0.0305,0.0603,0.0732,0.0666,0.0602,1.6955,4.2686,1.3937
40750,0.0006,0.0004,8.8259,0.0002,0.0312,0.0616,0.0749,0.0681,0.0615,1.4969,4.1743,1.3824
40800,0.0003,0.0004,8.4536,0.0003,0.0313,0.0617,0.075,0.0681,0.0617,1.4059,4.2138,1.5834
40850,0.0003,0.0002,7.8,0.0003,0.0311,0.0617,0.0748,0.0683,0.0616,1.6263,4.1755,1.5084
40900,0.0003,0.0002,7.8265,0.0002,0.0324,0.0623,0.1106,0.0834,0.0607,1.3876,4.4447,1.3898
40950,0.0003,0.0002,8.6708,0.0215,0.0313,0.1088,0.0888,0.1069,0.0729,1.3778,5.3455,1.7005
41000,0.0004,0.0002,8.3734,0.0003,0.0312,0.0619,0.0752,0.0683,0.0619,1.4039,4.2078,1.597
41050,0.0003,0.0002,7.7612,0.0002,0.0299,0.0593,0.093,0.0906,0.0593,1.803,4.5391,1.3826
41100,0.0006,0.0002,7.9258,0.0002,0.0529,0.0623,0.0755,0.0693,0.0628,1.3782,4.5278,1.505
41150,0.0004,0.0002,9.0562,0.0003,0.0316,0.0622,0.0757,0.069,0.0622,1.3763,4.3462,1.5294
41200,0.0004,0.0002,9.1653,0.0002,0.0316,0.0623,0.0756,0.0689,0.0622,1.4103,4.2094,1.4198
41250,0.0004,0.0002,7.8114,0.0002,0.0316,0.0634,0.0757,0.0689,0.0623,1.7759,4.2824,1.4508
41300,0.0004,0.0001,8.5159,0.0003,0.0405,0.0647,0.0846,0.0693,0.0624,1.4293,5.0373,1.4695
41350,0.0003,0.0002,8.0646,0.0003,0.0315,0.0625,0.0758,0.0692,0.0664,1.4431,4.2713,1.4779
41400,0.0007,0.0004,8.9255,0.0002,0.0311,0.061,0.0743,0.0676,0.061,1.4505,4.7888,1.4469
41450,0.0004,0.0002,7.9158,0.0006,0.0318,0.063,0.0902,0.0678,0.0635,1.6069,4.4131,1.4444
41500,0.0007,0.0001,8.3675,0.0003,0.0317,0.0627,0.076,0.0695,0.0628,1.4425,4.2934,1.5792
41550,0.0003,0.0001,7.9239,0.0003,0.0309,0.0614,0.0744,0.0679,0.0614,1.5692,4.3106,1.5642
41600,0.0005,0.0006,7.8957,0.0003,0.0318,0.0629,0.0764,0.0693,0.0628,1.4501,4.339,1.4659
41650,0.0003,0.0002,8.3297,0.0002,0.0319,0.0631,0.0764,0.0697,0.0629,1.5803,4.5482,1.4521
41700,0.0004,0.0004,10.3424,0.0003,0.0324,0.063,0.1115,0.084,0.0616,1.404,4.345,1.4513
41750,0.0005,0.0004,8.035,0.0003,0.0518,0.0631,0.1105,0.0828,0.0616,1.7153,4.8201,1.6481
41800,0.0003,0.0002,8.1469,0.0003,0.0314,0.0618,0.0956,0.07,0.0631,1.5147,4.3057,1.4811
41850,0.0004,0.0001,8.3801,0.0002,0.0312,0.0617,0.075,0.0683,0.0618,1.476,4.6017,1.6321
41900,0.0003,0.0001,9.0811,0.0002,0.0321,0.0634,0.0767,0.0701,0.0645,1.4558,4.3192,1.4935
41950,0.0005,0.0005,8.3877,0.0002,0.0313,0.062,0.0752,0.0687,0.0618,1.8214,6.3029,1.8011
42000,0.0003,0.0002,8.7077,0.0003,0.0314,0.0621,0.0753,0.0687,0.0619,1.7504,4.3834,1.5597
42050,0.0004,0.0001,8.2842,0.0002,0.0322,0.0637,0.0771,0.074,0.0636,1.4608,4.3375,1.6988
42100,0.0004,0.0004,8.2612,0.0003,0.0322,0.0639,0.0902,0.0694,0.0628,1.5719,4.4875,1.4946
42150,0.0003,0.0002,9.2671,0.0003,0.0406,0.0739,0.0966,0.09,0.1145,1.471,4.8316,1.4653
42200,0.0003,0.0002,7.9955,0.0005,0.0321,0.0638,0.0774,0.0706,0.0638,1.4671,4.4373,1.4861
42250,0.0006,0.0003,8.1669,0.0003,0.0353,0.0639,0.0776,0.0707,0.0638,1.7745,4.3107,1.66
42300,0.0006,0.0002,9.1772,0.0002,0.0326,0.064,0.0776,0.0707,0.0639,1.607,4.5957,1.5569
42350,0.0004,0.0002,9.6857,0.0002,0.0375,0.0743,0.0892,0.0692,0.0625,1.4746,4.7387,1.6786
42400,0.0004,0.0005,8.4382,0.0002,0.0315,0.0626,0.0761,0.0691,0.0626,1.7453,4.8545,1.4692
42450,0.0004,0.0002,8.312,0.0002,0.0316,0.0649,0.1174,0.104,0.0757,1.512,5.4098,1.4776
42500,0.0145,0.0002,8.7024,0.0002,0.0318,0.0628,0.0966,0.0853,0.0628,1.7255,6.6545,1.6879
42550,0.0004,0.0002,8.5311,0.0002,0.0324,0.0643,0.0779,0.0711,0.0643,1.6904,4.6671,1.6586
42600,0.0005,0.0002,8.1217,0.0002,0.0327,0.0644,0.078,0.0712,0.0643,1.4913,4.3565,1.4785
42650,0.0004,0.0003,9.0252,0.0002,0.0329,0.0645,0.0786,0.0735,0.0654,1.478,4.4316,1.5203
42700,0.0006,0.0003,8.0883,0.0003,0.0327,0.0645,0.0782,0.0714,0.0646,1.4754,4.7488,1.4736
42750,0.0003,0.0002,8.0701,0.0005,0.0425,0.0648,0.0788,0.0717,0.0647,1.4715,4.9653,1.6377
42800,0.0005,0.0001,9.0941,0.0005,0.0328,0.0717,0.0785,0.0717,0.0648,1.4822,4.3516,1.4754
42850,0.0005,0.0003,9.4709,0.0002,0.0328,0.0649,0.0787,0.0716,0.0647,1.4976,4.3855,1.5657
42900,0.0005,0.0003,8.1355,0.0002,0.0312,0.0619,0.0756,0.1087,0.0863,1.6199,4.7184,1.5103
42950,0.0004,0.0002,8.6188,0.0003,0.0476,0.0832,0.0787,0.0832,0.0624,1.4878,5.2962,1.4756
43000,0.0004,0.0004,8.8568,0.0003,0.0328,0.0663,0.0845,0.0721,0.065,1.4957,4.5162,1.5372
43050,0.0006,0.0007,8.9519,0.0002,0.0538,0.1159,0.1381,0.0733,0.0653,1.4969,4.498,1.4849
43100,0.0003,0.0002,8.6537,0.0003,0.0421,0.08,0.0996,0.0897,0.0793,1.9505,4.6747,1.497
43150,0.0003,0.0002,8.722,0.0002,0.0331,0.0653,0.079,0.0721,0.0653,1.637,4.4402,1.4915
43200,0.0006,0.0004,9.4407,0.0002,0.033,0.0653,0.0793,0.0723,0.0652,1.8129,4.8536,1.5102
43250,0.0004,0.0002,9.11,0.0002,0.0331,0.1029,0.0796,0.1084,0.07,1.7093,4.8068,1.7543
43300,0.0005,0.0008,12.2315,0.0006,0.0407,0.0819,0.1039,0.0894,0.08,1.9586,5.0893,1.7672
43350,0.0005,0.0005,14.7758,0.0003,0.0416,0.0817,0.1008,0.0899,0.0811,2.2516,5.1619,1.7393
43400,0.0004,0.0004,8.8602,0.0004,0.0333,0.0656,0.082,0.0727,0.0771,1.5955,4.7135,1.6466
43450,0.0004,0.0002,8.7728,0.0002,0.0333,0.0658,0.0797,0.0727,0.0707,1.5187,4.4337,1.5138
43500,0.0008,0.0008,8.254,0.0003,0.0333,0.0686,0.0798,0.0727,0.0657,1.5326,4.502,1.5237
43550,0.0004,0.0001,8.225,0.0004,0.0339,0.0658,0.0802,0.0736,0.0662,1.5085,4.9612,1.6219
43600,0.0005,0.0002,9.0707,0.0002,0.0336,0.0659,0.0819,0.0729,0.0658,1.531,4.4431,1.5153
43650,0.0004,0.0002,8.9057,0.0002,0.0333,0.066,0.0878,0.073,0.0659,1.8754,4.628,1.8483
43700,0.0004,0.0001,9.001,0.0003,0.0336,0.0661,0.08,0.0731,0.0659,1.5792,4.4498,1.5281
43750,0.0004,0.0001,10.2886,0.0005,0.0746,0.0798,0.1396,0.0896,0.0787,1.7754,5.412,1.449
43800,0.0003,0.0005,9.699,0.0002,0.0319,0.0632,0.0771,0.07,0.0631,1.8604,4.9595,1.6314
43850,0.0005,0.0002,9.4982,0.0002,0.034,0.0684,0.0806,0.0734,0.0668,1.5403,5.063,1.5462
43900,0.0003,0.0002,8.4226,0.0002,0.0373,0.0664,0.0806,0.0736,0.0663,1.5264,4.5002,1.5219
43950,0.0004,0.0003,8.7017,0.0003,0.0474,0.0648,0.0857,0.0918,0.0797,1.9215,4.6814,1.5537
44000,0.0004,0.0002,8.4683,0.0003,0.0335,0.0666,0.0807,0.0736,0.0664,1.5453,4.6112,1.5247
44050,0.0003,0.0003,11.2626,0.0006,0.0412,0.0813,0.1003,0.1127,0.0839,2.1496,5.367,1.6149
44100,0.0005,0.0001,10.3813,0.0002,0.0341,0.0813,0.0791,0.0721,0.0653,1.686,5.4426,2.8475
44150,0.0005,0.0005,9.5964,0.0003,0.0342,0.0668,0.081,0.0738,0.0698,1.5555,4.7788,1.5688
44200,0.0004,0.0002,8.5879,0.0003,0.033,0.0653,0.0792,0.072,0.0652,1.6839,4.9134,1.8586
44250,0.0003,0.0002,8.4811,0.0004,0.0343,0.0675,0.0843,0.0742,0.0674,1.544,4.5262,1.546
44300,0.0004,0.0002,9.1457,0.0003,0.0325,0.0662,0.0783,0.0714,0.0644,1.5112,4.6279,1.7429
44350,0.0008,0.0002,8.6569,0.0003,0.0338,0.0671,0.0815,0.0741,0.067,1.555,4.5634,1.5823
44400,0.0006,0.0003,8.9414,0.0003,0.0339,0.0673,0.0816,0.0827,0.0675,1.5582,4.6244,1.552
44450,0.0004,0.0002,8.6447,0.0003,0.034,0.0672,0.0815,0.0743,0.0672,1.6489,4.6251,1.5592
44500,0.0006,0.0002,8.613,0.0005,0.0341,0.0672,0.0817,0.0742,0.0672,1.745,5.0722,1.5932
44550,0.0005,0.0003,9.6285,0.0002,0.0412,0.0829,0.0981,0.1045,0.0816,1.667,4.7766,1.7637
44600,0.0003,0.0011,8.8276,0.0002,0.0385,0.0708,0.0935,0.0895,0.0798,1.7723,4.8652,1.5583
44650,0.0006,0.0003,8.7529,0.0002,0.0344,0.0675,0.0821,0.0746,0.0674,1.576,4.6935,1.5799
44700,0.0004,0.0004,9.6633,0.0002,0.0343,0.0676,0.0822,0.0749,0.0676,1.5767,4.6007,1.6713
44750,0.0003,0.0002,8.722,0.0003,0.0344,0.0676,0.0821,0.0748,0.0676,1.5683,4.784,1.6261
44800,0.0003,0.0003,9.1129,0.0004,0.0475,0.0897,0.1218,0.1098,0.1146,1.6783,5.3749,1.5695
44850,0.0003,0.0003,9.0401,0.0002,0.0343,0.0678,0.0856,0.0918,0.0679,1.5873,4.7003,1.8105
44900,0.0005,0.0002,8.6992,0.0003,0.0343,0.0679,0.0823,0.0751,0.0678,1.5689,4.9696,1.5645
44950,0.0004,0.0002,8.8648,0.0002,0.0344,0.0679,0.0825,0.0811,0.0679,1.5784,4.6336,1.5682
45000,0.0003,0.0002,11.1789,0.0002,0.0344,0.0827,0.0787,0.0718,0.0649,1.6237,4.876,1.7581
45050,0.0004,0.0004,8.7731,0.0003,0.0328,0.065,0.0789,0.0717,0.102,1.7211,4.9778,1.5307
45100,0.0003,0.0002,9.9502,0.0002,0.033,0.065,0.079,0.072,0.0649,2.0839,4.5652,1.6311
45150,0.0005,0.0003,9.1569,0.0006,0.0497,0.0937,0.099,0.1284,0.0651,1.5902,4.952,1.6189
45200,0.0003,0.0003,9.2473,0.0002,0.0551,0.1177,0.1217,0.0723,0.0652,1.6723,4.9882,1.5931
45250,0.0003,0.0002,8.8144,0.0003,0.0337,0.0668,0.081,0.099,0.0809,1.6798,5.0201,1.62
45300,0.0004,0.0003,8.9558,0.0004,0.034,0.09,0.083,0.0758,0.0685,1.6028,4.9839,1.5957
45350,0.0006,0.0004,9.6389,0.0003,0.0347,0.0685,0.0833,0.0757,0.0684,1.8737,5.186,1.5985
45400,0.0003,0.0002,8.6247,0.0002,0.0338,0.067,0.0811,0.0741,0.0669,1.9199,4.7393,1.7324
45450,0.0004,0.0001,9.8662,0.0003,0.0545,0.103,0.0872,0.0762,0.0687,1.8378,5.0532,1.6156
45500,0.0003,0.0002,8.8363,0.0002,0.0348,0.0701,0.1185,0.0899,0.0671,1.6957,4.8575,1.7732
45550,0.0004,0.0002,9.0051,0.0003,0.035,0.0691,0.0837,0.0762,0.071,1.6251,4.947,1.6115
45600,0.0004,0.0003,9.28,0.0002,0.034,0.0673,0.0818,0.0745,0.0673,1.8621,4.906,1.6516
45650,0.0003,0.0001,8.8234,0.0003,0.034,0.0674,0.0818,0.0757,0.0997,1.8041,4.9771,1.6392
45700,0.0004,0.0002,9.0462,0.0004,0.035,0.0692,0.0843,0.0841,0.0698,1.6324,4.8547,2.103
45750,0.0009,0.0009,9.3014,0.0005,0.0341,0.0675,0.0818,0.0748,0.0675,1.7107,4.8795,1.6291
45800,0.0003,0.0003,8.8943,0.0002,0.0489,0.0733,0.0843,0.0892,0.0678,1.6276,4.9275,1.5855
45850,0.0004,0.0001,9.3145,0.0003,0.0351,0.0692,0.0841,0.0766,0.0725,1.6996,4.8292,1.7842
45900,0.0004,0.0005,8.7323,0.0002,0.0342,0.0677,0.0825,0.075,0.068,1.59,4.9427,1.7808
45950,0.0005,0.0002,9.6756,0.0004,0.0353,0.07,0.0846,0.0773,0.0698,1.6368,4.7531,1.6414
46000,0.0005,0.0002,8.8927,0.0003,0.0353,0.0723,0.0991,0.095,0.0821,1.6658,4.7504,1.6491
46050,0.0003,0.0002,8.7227,0.0003,0.0352,0.07,0.0846,0.077,0.0696,1.7153,5.1925,1.65
46100,0.0004,0.0003,10.1761,0.0002,0.0352,0.0696,0.0846,0.0772,0.0696,1.6679,4.9397,1.6373
46150,0.0004,0.0003,8.7557,0.0002,0.0351,0.0698,0.0846,0.0772,0.0697,1.6421,4.8245,1.6491
46200,0.0004,0.0002,9.3893,0.0003,0.0356,0.1176,0.1048,0.0773,0.0828,1.6141,4.7748,1.7532
46250,0.0008,0.0003,9.3723,0.0002,0.0345,0.0683,0.0829,0.0755,0.0682,1.6142,4.7305,1.777
46300,0.0005,0.0003,9.1441,0.0003,0.0345,0.0683,0.083,0.0755,0.0683,1.7333,4.8623,1.7886
46350,0.0004,0.0004,9.9189,0.0002,0.0358,0.0684,0.0828,0.0757,0.0682,1.6216,5.5514,1.7909
46400,0.0004,0.0003,9.8503,0.0005,0.0357,0.0788,0.0999,0.0742,0.0901,1.8564,4.9756,1.6579
46450,0.0004,0.0005,8.8542,0.0002,0.0356,0.1047,0.0853,0.0905,0.067,1.6596,5.7962,1.6684
46500,0.0004,0.0002,8.8301,0.0003,0.0356,0.0703,0.0852,0.0789,0.0702,1.6794,4.7866,1.6893
46550,0.0011,0.0002,8.7299,0.0003,0.0341,0.0674,0.0814,0.0744,0.0671,1.7051,5.158,1.6465
46600,0.0003,0.0003,9.4841,0.0002,0.0357,0.0704,0.0856,0.0779,0.0704,1.677,4.8787,1.8978
46650,0.0003,0.0002,9.616,0.0002,0.0348,0.0689,0.0837,0.0762,0.0687,1.9946,4.83,1.69
46700,0.0006,0.0002,9.029,0.0003,0.0357,0.0689,0.0837,0.0762,0.1082,2.1315,5.5632,1.6612
46750,0.0004,0.0001,9.2622,0.0002,0.0351,0.0693,0.1063,0.0782,0.0706,1.7641,4.9851,1.6532
46800,0.0003,0.0007,9.2503,0.0003,0.0357,0.0707,0.0858,0.0945,0.0708,1.706,4.8443,1.6684
46850,0.0005,0.0005,9.1636,0.0003,0.0446,0.0709,0.086,0.0783,0.0708,1.6513,4.9558,1.7489
46900,0.0004,0.0001,10.9447,0.0004,0.0721,0.1058,0.1208,0.1143,0.0708,1.8472,5.0095,1.919
46950,0.0004,0.0001,9.2998,0.0002,0.0349,0.0694,0.105,0.0917,0.0693,1.8719,5.0251,1.6658
47000,0.0004,0.0002,10.6652,0.0002,0.0359,0.0711,0.0872,0.0786,0.071,1.6921,5.0935,1.7092
47050,0.0004,0.0001,9.0605,0.0003,0.0351,0.0695,0.0853,0.0769,0.0694,1.7519,5.5367,1.657
47100,0.0005,0.0001,9.9861,0.0003,0.0374,0.0712,0.0863,0.0788,0.0713,1.9754,4.8783,1.668
47150,0.0006,0.0009,9.4261,0.0003,0.036,0.0713,0.0863,0.0789,0.0711,1.8531,5.0246,1.7332
47200,0.0003,0.0004,9.7933,0.0006,0.036,0.0713,0.09,0.0791,0.0712,1.6985,4.8929,1.6661
47250,0.0003,0.0015,9.0645,0.0006,0.0362,0.0714,0.0866,0.0792,0.0713,2.0222,5.021,1.73
47300,0.0005,0.001,9.0048,0.0006,0.036,0.0716,0.0866,0.079,0.0714,1.6895,5.137,1.6762
47350,0.0003,0.0002,10.0265,0.0002,0.0362,0.0716,0.0868,0.0866,0.0717,1.7057,4.9146,1.8254
47400,0.0008,0.0002,9.1851,0.0004,0.0361,0.0716,0.0874,0.0794,0.0718,1.9079,5.3898,1.6761
47450,0.0003,0.0003,10.8072,0.0006,0.0363,0.0718,0.0875,0.0793,0.0717,1.7042,4.899,1.6841
47500,0.0004,0.0007,9.607,0.0003,0.0364,0.1194,0.0835,0.0822,0.0685,1.8373,5.0358,1.721
47550,0.0003,0.0003,9.2533,0.0003,0.0362,0.0719,0.0918,0.0796,0.0718,1.7569,4.9545,1.7177
47600,0.0004,0.0001,9.1939,0.0002,0.0346,0.0686,0.0834,0.076,0.0686,1.7283,5.1903,1.8853
47650,0.0003,0.0004,12.0167,0.0003,0.0482,0.0907,0.1125,0.1479,0.0953,1.6895,5.2915,1.6924
47700,0.0004,0.0002,10.4214,0.0002,0.0364,0.0721,0.0888,0.0797,0.072,1.7007,4.9244,1.8138
47750,0.0005,0.0002,9.1317,0.0002,0.0348,0.0688,0.0837,0.0763,0.0689,1.7059,5.2854,1.707
47800,0.0004,0.0005,9.4522,0.0002,0.0347,0.069,0.1088,0.0861,0.0874,1.7085,5.6916,1.7768
47850,0.0003,0.0002,9.1453,0.0003,0.0366,0.0722,0.0878,0.08,0.0723,1.7007,5.3888,1.6975
47900,0.0006,0.0007,10.4988,0.0002,0.0367,0.0724,0.1174,0.2121,0.2121,1.6993,6.2953,1.8503
47950,0.0003,0.0005,12.6592,0.0002,0.0368,0.0728,0.0887,0.0924,0.0727,1.8359,5.371,1.798
48000,0.0004,0.0002,9.4031,0.0003,0.0351,0.0693,0.0838,0.0767,0.0692,1.676,5.4112,1.7304
48050,0.0004,0.0003,10.2596,0.0002,0.0342,0.0678,0.0822,0.0748,0.1031,1.8228,5.3176,2.0954
48100,0.0004,0.0005,9.2003,0.0003,0.0366,0.0727,0.0881,0.0804,0.0726,1.7117,5.5118,1.7092
48150,0.0004,0.0002,9.919,0.0002,0.036,0.0711,0.0864,0.0786,0.071,1.7593,5.321,1.7789
48200,0.0003,0.0006,9.26,0.0005,0.0547,0.1325,0.0889,0.0941,0.1008,2.0342,5.4577,1.8006
48250,0.0004,0.0003,10.8057,0.0002,0.0931,0.1911,0.2497,0.3326,0.2101,2.7176,5.294,2.0386
48300,0.0006,0.0006,9.5837,0.0003,0.0422,0.0736,0.0885,0.0811,0.0729,1.7317,4.9948,1.7421
48350,0.0009,0.0004,9.345,0.0002,0.037,0.0731,0.0889,0.0808,0.073,1.7602,5.1894,2.0379
48400,0.0004,0.0003,10.4987,0.0003,0.037,0.073,0.0887,0.0808,0.073,1.8594,5.2901,1.7808
48450,0.0004,0.0001,9.6573,0.0003,0.037,0.0736,0.0894,0.0811,0.075,1.7351,5.0052,1.7294
48500,0.0004,0.0014,9.4625,0.0003,0.0372,0.0732,0.0889,0.081,0.0733,1.7631,5.1272,1.725
48550,0.0004,0.0002,9.9372,0.0007,0.0371,0.0734,0.089,0.0814,0.0733,1.7357,5.0384,1.7725
48600,0.0004,0.0002,9.474,0.0003,0.0354,0.0711,0.0851,0.0775,0.0748,1.8786,6.2357,1.7823
48650,0.0006,0.0005,10.2488,0.0002,0.0373,0.0735,0.0933,0.0814,0.0734,2.101,4.9326,1.7409
48700,0.0003,0.0001,9.2245,0.0003,0.0353,0.0703,0.0851,0.1005,0.0857,1.8696,5.5367,1.7112
48750,0.0003,0.0002,10.1183,0.0002,0.0376,0.072,0.1232,0.0796,0.0719,2.2251,5.157,1.8829
48800,0.0004,0.0002,9.6584,0.0005,0.0375,0.0737,0.0895,0.0818,0.0739,1.8125,5.4304,1.7232
48850,0.0003,0.0002,9.9064,0.0003,0.0435,0.074,0.0895,0.0817,0.0739,1.9284,5.0494,2.0824
48900,0.0005,0.0006,9.467,0.0002,0.0571,0.1213,0.0877,0.0798,0.0738,1.7406,5.5239,1.8118
48950,0.0004,0.0002,10.1403,0.0003,0.0364,0.0723,0.0877,0.1076,0.0791,1.7586,5.5612,1.7498
49000,0.0008,0.0013,9.9551,0.0003,0.0373,0.0896,0.0877,0.08,0.0723,1.7626,5.4297,1.7597
49050,0.0005,0.0002,10.0043,0.0002,0.0375,0.0755,0.0899,0.0819,0.074,1.7689,5.0628,1.7832
49100,0.0004,0.0003,9.3657,0.0003,0.0366,0.1103,0.0881,0.1005,0.0872,1.7587,5.3991,1.7684
49150,0.0004,0.0004,10.7271,0.0003,0.0377,0.0742,0.0901,0.0858,0.0743,1.7679,5.1785,1.7546
49200,0.0003,0.0003,9.7891,0.0003,0.0358,0.0709,0.0861,0.0786,0.0738,2.094,5.3094,1.9621
49250,0.0004,0.0002,9.5057,0.0005,0.0508,0.0721,0.0863,0.0784,0.0711,1.6801,5.2614,1.85
49300,0.0004,0.0002,9.8345,0.0002,0.0376,0.0745,0.0965,0.0826,0.0744,2.1575,5.627,2.662
49350,0.0004,0.0004,13.1446,0.0002,0.0377,0.0745,0.0904,0.0824,0.0745,2.1495,5.417,2.198
49400,0.0006,0.0003,9.5199,0.0003,0.038,0.11,0.1061,0.0809,0.0729,1.7835,5.4005,1.7918
49450,0.0004,0.0002,10.5626,0.0002,0.0378,0.0769,0.0908,0.0827,0.0748,1.7935,7.0791,1.8897
49500,0.0004,0.0005,9.7939,0.0003,0.0378,0.0749,0.0909,0.0829,0.075,1.8196,5.5588,1.7793
49550,0.0003,0.0004,10.1968,0.0009,0.0379,0.08,0.0911,0.0829,0.0748,1.8179,5.5933,1.7904
49600,0.0004,0.0002,9.8914,0.0002,0.037,0.0733,0.0888,0.0811,0.0943,1.822,5.6866,1.8547
49650,0.0003,0.0009,10.8773,0.0002,0.0378,0.075,0.0911,0.083,0.075,1.7932,5.2752,1.9766
49700,0.0003,0.0002,9.6843,0.0004,0.0383,0.0751,0.0911,0.0831,0.0751,1.8093,5.3192,1.9213
49750,0.0011,0.0002,9.4185,0.0003,0.0379,0.0752,0.0913,0.0833,0.0753,1.8038,5.1325,1.8148
49800,0.0004,0.0002,10.7629,0.0002,0.0363,0.0718,0.0872,0.0793,0.0718,1.8527,5.5532,1.8478
49850,0.0004,0.0003,9.5616,0.0002,0.0379,0.0753,0.0913,0.0833,0.0752,1.832,5.3281,1.8374
49900,0.0004,0.0002,9.7212,0.0002,0.0579,0.1448,0.1421,0.143,0.0889,1.801,5.2527,1.7979
49950,0.0004,0.0002,9.6327,0.0003,0.0381,0.0754,0.0918,0.0835,0.0754,1.8207,5.5556,1.7972
50000,0.0004,0.0003,9.7218,0.0003,0.0382,0.0755,0.0915,0.0837,0.0929,1.8188,5.2614,1.9152
