Muestras,Insertar0,InsertarM,Insertar1,Buscar0,BuscarM,Buscar1,Eliminar0,EliminarM,Eliminar1,Ordenar0,OrdenarM,Ordenar1
4e-07,3e-07,2e-07,5e-07,5e-07,3e-07,1.4e-06,1.2e-06,1e-061.2e-06,1e-06
5e-07,3e-07,3e-07,5e-07,4e-07,4e-07,1.8e-06,1.2e-06,1.2e-061.2e-06,1.2e-06
4e-07,3e-07,2e-07,6e-07,6e-07,5e-07,1.8e-06,1.5e-06,1.5e-061.5e-06,1.5e-06
5e-07,3e-07,2e-07,9e-07,6e-07,7e-07,3e-06,1.7e-06,1.7e-061.7e-06,1.7e-06
3e-07,3e-07,2e-07,8e-07,8e-07,8e-07,1.7e-06,1.8e-06,2e-061.8e-06,2e-06
4e-07,3e-07,2e-07,1e-06,8e-07,9e-07,1.9e-06,2.2e-06,2.3e-062.2e-06,2.3e-06
4e-07,3e-07,2e-07,1.2e-06,1e-06,1e-06,2.1e-06,2.4e-06,2.7e-062.4e-06,2.7e-06
4e-07,3e-07,2e-07,1.5e-06,1.2e-06,1.47e-05,2.4e-06,2.7e-06,2.36e-052.7e-06,2.36e-05
4e-07,3e-07,3e-07,1.6e-06,1.3e-06,1.3e-06,2.7e-06,3.1e-06,3.3e-063.1e-06,3.3e-06
4e-07,2e-07,3e-07,1.9e-06,1.5e-06,1.5e-06,3.1e-06,3.6e-06,5e-063.6e-06,5e-06
4e-07,3e-07,3e-07,2.1e-06,1.8e-06,1.9e-06,3.8e-06,4.2e-06,4.6e-064.2e-06,4.6e-06
4e-07,3e-07,2e-07,2.4e-06,2.3e-06,2.3e-06,4.4e-06,5.2e-06,5.5e-065.2e-06,5.5e-06
4e-07,2e-07,3e-07,2.5e-06,2.6e-06,2.6e-06,5e-06,5.9e-06,6.3e-065.9e-06,6.3e-06
3e-07,3e-07,2e-07,2.9e-06,2.9e-06,2.9e-06,5.6e-06,6.5e-06,7e-066.5e-06,7e-06
4e-07,3e-07,2e-07,2.9e-06,3e-06,3.1e-06,6e-06,7e-06,7.6e-067e-06,7.6e-06
4e-07,2e-07,3e-07,3.4e-06,3.4e-06,3.6e-06,6.7e-06,7.7e-06,8.5e-067.7e-06,8.5e-06
5e-07,2e-07,3e-07,3.2e-06,3.4e-06,3.5e-06,6.7e-06,7.9e-06,8.5e-067.9e-06,8.5e-06
4e-07,3e-07,3e-07,3.5e-06,3.6e-06,3.6e-06,7.1e-06,8.4e-06,7.3e-068.4e-06,7.3e-06
5e-07,3e-07,3e-07,2.34e-05,4e-06,4.2e-06,7.8e-06,2.32e-05,2.36e-052.32e-05,2.36e-05
3e-07,4e-07,3e-07,6.5e-06,4e-06,4e-06,8.2e-06,3.23e-05,1.11e-053.23e-05,1.11e-05
6e-07,5e-07,4e-07,9.8e-06,4.5e-06,4.5e-06,9.7e-06,1.08e-05,1.19e-051.08e-05,1.19e-05
4e-07,4e-07,3e-07,2.04e-05,4.3e-06,1.78e-05,3.04e-05,1.03e-05,1.14e-051.03e-05,1.14e-05
4e-07,2e-07,3e-07,4.4e-06,2.36e-05,4.3e-06,9.1e-06,1.03e-05,1.16e-051.03e-05,1.16e-05
4e-07,3e-07,2e-07,4.5e-06,4.4e-06,4.4e-06,9.2e-06,1.25e-05,1.2e-051.25e-05,1.2e-05
4e-07,2e-07,2e-07,4.8e-06,4.6e-06,4.5e-06,9.6e-06,1.1e-05,1.25e-051.1e-05,1.25e-05
5e-07,3e-07,3e-07,6.3e-06,5.1e-06,5e-06,1.06e-05,1.24e-05,1.39e-051.24e-05,1.39e-05
4e-07,3e-07,3e-07,5.5e-06,5.3e-06,5.2e-06,1.1e-05,1.16e-05,1.41e-051.16e-05,1.41e-05
4e-07,3e-07,3e-07,5.6e-06,5.5e-06,5.4e-06,1.14e-05,1.31e-05,1.5e-051.31e-05,1.5e-05
4e-07,3e-07,3e-07,5.8e-06,5.7e-06,5.6e-06,1.18e-05,1.36e-05,1.55e-051.36e-05,1.55e-05
4e-07,3e-07,2e-07,6e-06,5.9e-06,5.7e-06,1.21e-05,1.4e-05,1.6e-051.4e-05,1.6e-05
5e-07,3e-07,3e-07,2.03e-05,6.1e-06,6.1e-06,1.26e-05,1.46e-05,1.38e-051.46e-05,1.38e-05
5e-07,3e-07,3e-07,6.5e-06,6.3e-06,6.2e-06,1.29e-05,1.33e-05,1.36e-051.33e-05,1.36e-05
4e-07,3e-07,4e-07,6.8e-06,6.5e-06,6.3e-06,1.34e-05,1.55e-05,1.76e-051.55e-05,1.76e-05
4e-07,3e-07,3e-07,6.8e-06,6.7e-06,6.5e-06,1.38e-05,1.59e-05,1.82e-051.59e-05,1.82e-05
5e-07,3e-07,3e-07,7e-06,6.9e-06,6.8e-06,1.42e-05,1.41e-05,1.88e-051.41e-05,1.88e-05
5e-07,3e-07,3e-07,8e-06,7e-06,7.1e-06,1.45e-05,1.69e-05,1.57e-051.69e-05,1.57e-05
4e-07,3e-07,3e-07,8.1e-06,7.3e-06,7.2e-06,1.5e-05,1.73e-05,1.99e-051.73e-05,1.99e-05
5e-07,3e-07,3e-07,7.7e-06,7.3e-06,7.1e-06,1.67e-05,1.66e-05,1.99e-051.66e-05,1.99e-05
4e-07,3e-07,3e-07,9.5e-06,7.7e-06,8.1e-06,1.58e-05,1.84e-05,1.82e-051.84e-05,1.82e-05
4e-07,2e-07,2e-07,7.9e-06,7.6e-06,7.5e-06,1.59e-05,1.85e-05,2.12e-051.85e-05,2.12e-05
5e-07,3e-07,3e-07,8.2e-06,7.9e-06,7.7e-06,1.63e-05,1.89e-05,2.16e-051.89e-05,2.16e-05
4e-07,3e-07,3e-07,8.3e-06,8.1e-06,8e-06,1.67e-05,1.93e-05,2.21e-051.93e-05,2.21e-05
5e-07,3e-07,3e-07,9.7e-06,8.2e-06,8.1e-06,1.71e-05,2.13e-05,2.28e-052.13e-05,2.28e-05
5e-07,3e-07,3e-07,9e-06,8.4e-06,8.3e-06,1.74e-05,2.01e-05,2.3e-052.01e-05,2.3e-05
4e-07,3e-07,3e-07,9.2e-06,8.7e-06,8.7e-06,1.77e-05,2.08e-05,2.18e-052.08e-05,2.18e-05
4e-07,2e-07,2e-07,9.7e-06,9.1e-06,8.9e-06,1.87e-05,2.13e-05,2.06e-052.13e-05,2.06e-05
4e-07,2e-07,3e-07,9.5e-06,9.1e-06,8.9e-06,1.86e-05,2.18e-05,2.48e-052.18e-05,2.48e-05
5e-07,2e-07,3e-07,9.7e-06,9.3e-06,9.3e-06,1.92e-05,2.26e-05,2.19e-052.26e-05,2.19e-05
5e-07,3e-07,3e-07,9.9e-06,9.5e-06,9.2e-06,3.57e-05,2.48e-05,2.58e-052.48e-05,2.58e-05
4e-07,3e-07,3e-07,1.08e-05,9.7e-06,9.7e-06,2e-05,2.36e-05,2.21e-052.36e-05,2.21e-05
5e-07,2e-07,3e-07,1.04e-05,9.9e-06,9.8e-06,2.04e-05,8.96e-05,4.02e-058.96e-05,4.02e-05
5e-07,3e-07,3e-07,1.05e-05,1e-05,1e-05,2.08e-05,2.44e-05,2.39e-052.44e-05,2.39e-05
4e-07,3e-07,2e-07,1.1e-05,1.04e-05,1.01e-05,2.13e-05,2.49e-05,2.82e-052.49e-05,2.82e-05
5e-07,3e-07,3e-07,1.12e-05,1.04e-05,1.02e-05,2.18e-05,2.53e-05,2.88e-052.53e-05,2.88e-05
5e-07,4e-07,3e-07,1.14e-05,1.06e-05,1.2e-05,2.26e-05,2.59e-05,2.95e-052.59e-05,2.95e-05
5e-07,3e-07,3e-07,1.56e-05,1.1e-05,1.09e-05,2.25e-05,2.64e-05,2.39e-052.64e-05,2.39e-05
5e-07,3e-07,3e-07,1.38e-05,1.11e-05,1.09e-05,2.32e-05,2.68e-05,3.06e-052.68e-05,3.06e-05
4e-07,3e-07,2e-07,1.24e-05,1.17e-05,1.12e-05,2.39e-05,2.47e-05,3.14e-052.47e-05,3.14e-05
5e-07,3e-07,3e-07,1.21e-05,1.14e-05,1.1e-05,2.34e-05,2.73e-05,3.11e-052.73e-05,3.11e-05
4e-07,3e-07,3e-07,1.31e-05,1.2e-05,1.15e-05,2.5e-05,2.91e-05,3.3e-052.91e-05,3.3e-05
4e-07,3e-07,3e-07,1.3e-05,1.22e-05,1.21e-05,2.58e-05,2.98e-05,3.2e-052.98e-05,3.2e-05
4e-07,3e-07,3e-07,1.36e-05,1.21e-05,1.15e-05,2.47e-05,2.56e-05,3.23e-052.56e-05,3.23e-05
5e-07,2e-07,2e-07,1.41e-05,1.27e-05,1.25e-05,2.64e-05,3.09e-05,3.08e-053.09e-05,3.08e-05
4e-07,2e-07,4e-07,1.39e-05,1.29e-05,1.28e-05,2.65e-05,3.09e-05,3.11e-053.09e-05,3.11e-05
4e-07,3e-07,3e-07,1.41e-05,1.28e-05,1.26e-05,2.69e-05,3.33e-05,3.61e-053.33e-05,3.61e-05
5e-07,3e-07,3e-07,3.57e-05,1.34e-05,1.35e-05,4.68e-05,3.17e-05,2.76e-053.17e-05,2.76e-05
5e-07,3e-07,3e-07,1.48e-05,1.44e-05,1.41e-05,2.92e-05,2.93e-05,3.05e-052.93e-05,3.05e-05
5e-07,3e-07,3e-07,1.5e-05,1.35e-05,1.31e-05,2.82e-05,3.32e-05,3.73e-053.32e-05,3.73e-05
4e-07,3e-07,3e-07,1.59e-05,1.39e-05,1.4e-05,2.91e-05,3.39e-05,2.92e-053.39e-05,2.92e-05
4e-07,2e-07,3e-07,1.52e-05,1.42e-05,1.39e-05,2.93e-05,3.44e-05,3.34e-053.44e-05,3.34e-05
4e-07,3e-07,2e-07,1.81e-05,1.45e-05,1.42e-05,2.99e-05,3.25e-05,3.26e-053.25e-05,3.26e-05
5e-07,3e-07,3e-07,1.61e-05,1.47e-05,1.44e-05,3.07e-05,3.62e-05,3.8e-053.62e-05,3.8e-05
5e-07,2e-07,2e-07,1.7e-05,1.52e-05,1.51e-05,3.13e-05,3.62e-05,3.44e-053.62e-05,3.44e-05
4e-07,3e-07,3e-07,1.88e-05,1.59e-05,1.49e-05,3.19e-05,3.4e-05,4.12e-053.4e-05,4.12e-05
5e-07,2e-07,2e-07,1.75e-05,1.61e-05,1.53e-05,3.31e-05,3.81e-05,4.32e-053.81e-05,4.32e-05
5e-07,3e-07,2e-07,1.81e-05,1.58e-05,1.64e-05,3.36e-05,3.92e-05,3.42e-053.92e-05,3.42e-05
3e-07,3e-07,3e-07,2.23e-05,1.71e-05,1.58e-05,3.39e-05,3.65e-05,4.46e-053.65e-05,4.46e-05
5e-07,3e-07,3e-07,2.17e-05,1.7e-05,1.58e-05,3.47e-05,4.05e-05,4.56e-054.05e-05,4.56e-05
4e-07,2e-07,3e-07,1.86e-05,1.66e-05,1.58e-05,3.55e-05,3.8e-05,4.55e-053.8e-05,4.55e-05
5e-07,3e-07,3e-07,1.96e-05,1.69e-05,1.61e-05,3.54e-05,4.09e-05,4.65e-054.09e-05,4.65e-05
5e-07,3e-07,3e-07,1.84e-05,1.9e-05,1.68e-05,3.51e-05,4.03e-05,3.81e-054.03e-05,3.81e-05
5e-07,3e-07,2e-07,2.05e-05,1.72e-05,1.73e-05,3.88e-05,4.17e-05,3.56e-054.17e-05,3.56e-05
4e-07,3e-07,3e-07,1.88e-05,1.74e-05,1.75e-05,3.61e-05,4.51e-05,3.9e-054.51e-05,3.9e-05
5e-07,3e-07,2e-07,2.01e-05,1.81e-05,1.69e-05,3.66e-05,5.88e-05,4.86e-055.88e-05,4.86e-05
4e-07,3e-07,3e-07,2e-05,1.81e-05,1.69e-05,3.69e-05,4.36e-05,4.9e-054.36e-05,4.9e-05
4e-07,2e-07,2e-07,2.24e-05,1.84e-05,1.77e-05,3.8e-05,4.35e-05,4.28e-054.35e-05,4.28e-05
5e-07,3e-07,4e-07,6.48e-05,2.94e-05,3.37e-05,4e-05,4.52e-05,5.08e-054.52e-05,5.08e-05
5e-07,3e-07,3e-07,2.34e-05,1.9e-05,1.79e-05,3.93e-05,4.28e-05,5.2e-054.28e-05,5.2e-05
5e-07,3e-07,3e-07,2.2e-05,1.99e-05,1.84e-05,4.05e-05,4.08e-05,5.34e-054.08e-05,5.34e-05
4e-07,2e-07,2e-07,2.35e-05,2e-05,1.92e-05,4.17e-05,4.95e-05,5.21e-054.95e-05,5.21e-05
5e-07,3e-07,3e-07,2.27e-05,2.04e-05,1.94e-05,4.23e-05,4.93e-05,5.63e-054.93e-05,5.63e-05
4e-07,3e-07,2e-07,2.29e-05,2.03e-05,2.05e-05,4.25e-05,4.98e-05,4.73e-054.98e-05,4.73e-05
4e-07,3e-07,2e-07,2.28e-05,2.02e-05,2.04e-05,4.18e-05,4.92e-05,4.21e-054.92e-05,4.21e-05
4e-07,3e-07,2e-07,4.68e-05,5.63e-05,5.69e-05,9.25e-05,6.71e-05,8.98e-056.71e-05,8.98e-05
4e-07,3e-07,3e-07,2.51e-05,2.16e-05,2.08e-05,4.54e-05,5.3e-05,5.6e-055.3e-05,5.6e-05
4e-07,3e-07,3e-07,2.46e-05,2.31e-05,2.08e-05,8.19e-05,5.13e-05,6.22e-055.13e-05,6.22e-05
4e-07,3e-07,3e-07,2.76e-05,2.28e-05,2.32e-05,4.8e-05,5.63e-05,4.84e-055.63e-05,4.84e-05
4e-07,3e-07,2e-07,2.71e-05,2.31e-05,2.13e-05,4.91e-05,5.68e-05,6.4e-055.68e-05,6.4e-05
5e-07,5e-07,3e-07,9.5e-05,3.69e-05,4.23e-05,6.18e-05,5.41e-05,5.08e-055.41e-05,5.08e-05
4e-07,4e-07,2e-07,7.91e-05,6.05e-05,2.67e-05,5.33e-05,6.17e-05,5.21e-056.17e-05,5.21e-05
6e-07,3e-07,2e-07,2.94e-05,2.44e-05,2.5e-05,5.16e-05,5.96e-05,5e-055.96e-05,5e-05
6e-07,3e-07,3e-07,2.93e-05,2.43e-05,2.24e-05,5.06e-05,5.9e-05,6.63e-055.9e-05,6.63e-05
4e-07,4e-07,3e-07,5.04e-05,2.56e-05,2.38e-05,5.52e-05,6.48e-05,7.14e-056.48e-05,7.14e-05
5e-07,3e-07,2e-07,3e-05,2.61e-05,2.38e-05,5.5e-05,7.68e-05,6.77e-057.68e-05,6.77e-05
5e-07,5e-07,3e-07,4.52e-05,4.34e-05,2.4e-05,7.48e-05,5.97e-05,7.77e-055.97e-05,7.77e-05
5e-07,3e-07,3e-07,4.88e-05,3.12e-05,2.7e-05,5.95e-05,7.14e-05,8.38e-057.14e-05,8.38e-05
4e-07,3e-07,3e-07,2.79e-05,2.63e-05,2.39e-05,5.32e-05,5.54e-05,6.72e-055.54e-05,6.72e-05
5e-07,3e-07,2e-07,2.88e-05,2.58e-05,2.62e-05,5.48e-05,6.47e-05,5.82e-056.47e-05,5.82e-05
4e-07,4e-07,2e-07,2.89e-05,2.65e-05,2.44e-05,5.59e-05,6.54e-05,9.35e-056.54e-05,9.35e-05
5e-07,4e-07,2e-07,2.96e-05,2.64e-05,2.46e-05,5.65e-05,6.6e-05,7.34e-056.6e-05,7.34e-05
4e-07,3e-07,3e-07,2.98e-05,2.79e-05,2.53e-05,5.72e-05,6.31e-05,7.59e-056.31e-05,7.59e-05
5e-07,4e-07,3e-07,5.58e-05,3.11e-05,4.52e-05,6.19e-05,7.11e-05,7.95e-057.11e-05,7.95e-05
4e-07,3e-07,3e-07,3.5e-05,2.85e-05,4.95e-05,7.35e-05,7e-05,5.78e-057e-05,5.78e-05
6e-07,3e-07,3e-07,4.4e-05,3.28e-05,3.29e-05,8.48e-05,0.0001138,9.04e-050.0001138,9.04e-05
5e-07,4e-07,3e-07,4.27e-05,3.07e-05,2.92e-05,8.08e-05,7.71e-05,6.43e-057.71e-05,6.43e-05
4e-07,3e-07,3e-07,4.99e-05,3.2e-05,2.79e-05,0.0001189,6.85e-05,0.00012516.85e-05,0.0001251
5e-07,3e-07,3e-07,3.22e-05,3.06e-05,2.77e-05,6.29e-05,7.45e-05,8.25e-057.45e-05,8.25e-05
4e-07,3e-07,2e-07,3.24e-05,3.1e-05,3.07e-05,6.43e-05,6.78e-05,6.74e-056.78e-05,6.74e-05
5e-07,3e-07,2e-07,3.56e-05,3.14e-05,3.15e-05,6.44e-05,7.15e-05,9.99e-057.15e-05,9.99e-05
4e-07,3e-07,3e-07,3.33e-05,3.2e-05,2.84e-05,6.64e-05,6.71e-05,8.72e-056.71e-05,8.72e-05
5e-07,3e-07,2e-07,3.45e-05,5.18e-05,4.39e-05,6.24e-05,6.77e-05,7.79e-056.77e-05,7.79e-05
4e-07,3e-07,3e-07,3.77e-05,2.99e-05,3.04e-05,6.33e-05,7.44e-05,6.76e-057.44e-05,6.76e-05
4e-07,2e-07,3e-07,3.53e-05,3.14e-05,3.15e-05,6.42e-05,6.62e-05,6.41e-056.62e-05,6.41e-05
5e-07,3e-07,3e-07,3.25e-05,3.06e-05,3.29e-05,6.46e-05,7.5e-05,6.2e-057.5e-05,6.2e-05
4e-07,3e-07,3e-07,3.41e-05,3.3e-05,3.18e-05,8.08e-05,7.48e-05,7.44e-057.48e-05,7.44e-05
4e-07,3e-07,2e-07,3.56e-05,3.23e-05,3.03e-05,6.68e-05,7.2e-05,8.21e-057.2e-05,8.21e-05
5e-07,3e-07,3e-07,3.47e-05,3.23e-05,3.3e-05,0.000129,0.0001534,0.00012690.0001534,0.0001269
5e-07,3e-07,3e-07,3.6e-05,3.3e-05,3.51e-05,7.07e-05,8.35e-05,8.92e-058.35e-05,8.92e-05
5e-07,3e-07,3e-07,3.64e-05,3.37e-05,3.15e-05,7.18e-05,8.43e-05,9.43e-058.43e-05,9.43e-05
5e-07,3e-07,3e-07,3.73e-05,3.43e-05,3.34e-05,7.32e-05,8.59e-05,8.8e-058.59e-05,8.8e-05
5e-07,3e-07,3e-07,3.74e-05,3.42e-05,3.6e-05,7.32e-05,8.58e-05,6.83e-058.58e-05,6.83e-05
5e-07,5e-07,3e-07,4.3e-05,5.78e-05,3.65e-05,0.0001146,0.0001388,0.00011630.0001388,0.0001163
4e-07,3e-07,3e-07,3.75e-05,3.48e-05,3.45e-05,7.41e-05,8.73e-05,9.13e-058.73e-05,9.13e-05
5e-07,3e-07,3e-07,3.87e-05,3.56e-05,3.72e-05,7.51e-05,8.84e-05,7.02e-058.84e-05,7.02e-05
4e-07,3e-07,3e-07,3.83e-05,3.88e-05,3.81e-05,7.55e-05,9.2e-05,8.17e-059.2e-05,8.17e-05
5e-07,3e-07,3e-07,3.9e-05,3.78e-05,3.34e-05,7.58e-05,8.18e-05,0.00010118.18e-05,0.0001011
5e-07,3e-07,3e-07,6.73e-05,3.74e-05,3.86e-05,0.0001148,0.0001281,9.47e-050.0001281,9.47e-05
4e-07,7e-07,3e-07,3.9e-05,3.73e-05,3.81e-05,7.8e-05,8.4e-05,7.5e-058.4e-05,7.5e-05
5e-07,3e-07,3e-07,4.04e-05,3.78e-05,3.95e-05,8e-05,9.01e-05,7.79e-059.01e-05,7.79e-05
4e-07,3e-07,3e-07,4.03e-05,3.73e-05,3.61e-05,7.91e-05,9.34e-05,9.64e-059.34e-05,9.64e-05
4e-07,3e-07,2e-07,4.02e-05,3.71e-05,3.61e-05,8e-05,9.32e-05,9.54e-059.32e-05,9.54e-05
5e-07,3e-07,3e-07,4.67e-05,4e-05,3.9e-05,8.01e-05,8e-05,0.00010688e-05,0.0001068
5e-07,3e-07,3e-07,6.22e-05,4.02e-05,4.06e-05,9.71e-05,9.37e-05,9.06e-059.37e-05,9.06e-05
4e-07,2e-07,2e-07,4.22e-05,3.91e-05,4.1e-05,8.32e-05,9.73e-05,8.15e-059.73e-05,8.15e-05
4e-07,3e-07,3e-07,4.2e-05,3.9e-05,3.63e-05,8.28e-05,9.77e-05,0.00010899.77e-05,0.0001089
4e-07,4e-07,3e-07,4.8e-05,6.74e-05,5.19e-05,8.27e-05,9.68e-05,9.78e-059.68e-05,9.78e-05
6e-07,3e-07,2e-07,4.45e-05,4.28e-05,4.21e-05,8.3e-05,0.0001014,9.15e-050.0001014,9.15e-05
5e-07,3e-07,3e-07,4.48e-05,4.09e-05,4.12e-05,8.52e-05,8.62e-05,8.14e-058.62e-05,8.14e-05
5e-07,3e-07,3e-07,4.34e-05,3.93e-05,4.06e-05,8.39e-05,9.79e-05,8.52e-059.79e-05,8.52e-05
5e-07,3e-07,3e-07,4.31e-05,4.02e-05,3.79e-05,8.33e-05,0.0001342,0.00010440.0001342,0.0001044
4e-07,3e-07,3e-07,4.34e-05,3.98e-05,4.2e-05,8.48e-05,0.0001004,8.31e-050.0001004,8.31e-05
4e-07,2e-07,3e-07,4.32e-05,4.05e-05,3.92e-05,8.52e-05,9.59e-05,0.00010079.59e-05,0.0001007
5e-07,4e-07,3e-07,4.39e-05,4.16e-05,4.24e-05,8.6e-05,9.37e-05,9.19e-059.37e-05,9.19e-05
4e-07,3e-07,3e-07,4.42e-05,4.31e-05,3.91e-05,8.74e-05,9.09e-05,0.00011229.09e-05,0.0001122
4e-07,6e-07,3e-07,0.0006257,4.9e-05,4.11e-05,9.19e-05,0.0003824,0.00011740.0003824,0.0001174
6e-07,3e-07,3e-07,4.8e-05,4.11e-05,4.07e-05,8.73e-05,0.0001026,0.00010010.0001026,0.0001001
6e-07,3e-07,3e-07,5.68e-05,4.56e-05,3.94e-05,9.18e-05,9.23e-05,0.0001239.23e-05,0.000123
5e-07,3e-07,2e-07,5e-05,4.35e-05,4.05e-05,9.2e-05,0.0001078,0.00012030.0001078,0.0001203
5e-07,3e-07,3e-07,4.89e-05,4.42e-05,3.95e-05,8.96e-05,9.37e-05,0.00012069.37e-05,0.0001206
4e-07,4e-07,3e-07,4.85e-05,4.49e-05,4.48e-05,9.11e-05,9.51e-05,9.27e-059.51e-05,9.27e-05
5e-07,3e-07,3e-07,6.88e-05,4.83e-05,4.56e-05,9.52e-05,0.0001485,0.00013350.0001485,0.0001335
6e-07,3e-07,3e-07,6.87e-05,4.64e-05,4.18e-05,9.38e-05,0.0001099,0.00012310.0001099,0.0001231
5e-07,3e-07,3e-07,4.79e-05,4.57e-05,4.26e-05,9.27e-05,9.64e-05,0.0001149.64e-05,0.000114
4e-07,3e-07,3e-07,4.88e-05,4.38e-05,4.62e-05,9.36e-05,0.0001218,8.93e-050.0001218,8.93e-05
5e-07,4e-07,4e-07,7.59e-05,4.97e-05,4.17e-05,9.5e-05,0.0001122,0.00012620.0001122,0.0001262
5e-07,3e-07,3e-07,5.13e-05,4.58e-05,4.07e-05,9.38e-05,9.79e-05,0.00015189.79e-05,0.0001518
5e-07,3e-07,3e-07,4.95e-05,4.61e-05,4.43e-05,9.41e-05,9.93e-05,0.00011029.93e-05,0.0001102
5e-07,3e-07,3e-07,5.02e-05,4.67e-05,4.25e-05,9.42e-05,9.61e-05,0.00011969.61e-05,0.0001196
4e-07,3e-07,3e-07,4.88e-05,5.04e-05,4.96e-05,9.57e-05,0.0001169,0.00011990.0001169,0.0001199
4e-07,4e-07,4e-07,6.49e-05,6.83e-05,4.76e-05,0.0001652,0.0001842,0.00011960.0001842,0.0001196
4e-07,4e-07,3e-07,5.94e-05,4.53e-05,4.59e-05,9.57e-05,0.0001125,0.00010160.0001125,0.0001016
4e-07,3e-07,3e-07,5.31e-05,4.72e-05,4.77e-05,9.68e-05,0.0001039,9.8e-050.0001039,9.8e-05
5e-07,3e-07,3e-07,4.98e-05,4.7e-05,4.65e-05,9.74e-05,0.0001061,0.00010620.0001061,0.0001062
5e-07,3e-07,3e-07,5.18e-05,4.88e-05,4.83e-05,9.82e-05,9.96e-05,0.00010159.96e-05,0.0001015
5e-07,4e-07,3e-07,5.05e-05,4.92e-05,4.79e-05,9.94e-05,0.0001031,0.00010890.0001031,0.0001089
6e-07,3e-07,3e-07,5.47e-05,4.68e-05,4.72e-05,0.0001005,0.0001162,0.00010850.0001162,0.0001085
4e-07,3e-07,3e-07,5.15e-05,4.73e-05,4.39e-05,0.0001006,0.0001189,0.00013320.0001189,0.0001332
4e-07,3e-07,3e-07,5.29e-05,4.87e-05,4.87e-05,0.0001017,0.0001112,0.0001060.0001112,0.000106
5e-07,3e-07,3e-07,5.18e-05,4.75e-05,4.82e-05,0.0001009,0.0001187,0.00010840.0001187,0.0001084
5e-07,3e-07,3e-07,5.14e-05,4.78e-05,4.89e-05,0.0001017,0.0001196,0.00011030.0001196,0.0001103
5e-07,3e-07,3e-07,5.19e-05,4.83e-05,4.9e-05,0.0001027,0.0001211,0.00011370.0001211,0.0001137
5e-07,2e-07,3e-07,7.07e-05,4.9e-05,4.75e-05,0.0001039,0.000122,0.000210.000122,0.00021
4e-07,3e-07,3e-07,5.2e-05,5.02e-05,9.11e-05,0.0001036,0.0001108,0.00012040.0001108,0.0001204
5e-07,3e-07,3e-07,5.48e-05,7.14e-05,6.46e-05,0.0001049,0.0001229,0.00011450.0001229,0.0001145
4e-07,3e-07,3e-07,5.47e-05,5.11e-05,5.14e-05,0.000105,0.0001128,0.00010820.0001128,0.0001082
4e-07,3e-07,3e-07,5.42e-05,5.17e-05,4.97e-05,0.000105,0.0001085,0.00012050.0001085,0.0001205
5e-07,3e-07,3e-07,5.38e-05,5.16e-05,4.89e-05,0.0001058,0.0001201,0.00012660.0001201,0.0001266
4e-07,3e-07,3e-07,5.32e-05,5.09e-05,5.18e-05,0.0001052,0.0001171,0.00010670.0001171,0.0001067
6e-07,3e-07,3e-07,5.79e-05,5.18e-05,5.34e-05,0.0001101,0.0001294,0.00011380.0001294,0.0001138
5e-07,3e-07,3e-07,5.46e-05,5.01e-05,5.1e-05,0.0001062,0.0001249,0.00011480.0001249,0.0001148
3e-07,3e-07,3e-07,5.43e-05,5.28e-05,5.12e-05,0.0001075,0.0001171,0.00012240.0001171,0.0001224
5e-07,3e-07,3e-07,0.0001122,5.29e-05,5.12e-05,0.0001086,0.0001244,0.00012720.0001244,0.0001272
5e-07,3e-07,3e-07,5.54e-05,5.18e-05,5.22e-05,0.0001527,0.0001312,0.00012490.0001312,0.0001249
5e-07,3e-07,3e-07,5.71e-05,5.52e-05,5.18e-05,0.0001097,0.0001124,0.00012540.0001124,0.0001254
4e-07,3e-07,2e-07,5.65e-05,5.42e-05,5.31e-05,0.0001108,0.000117,0.00012070.000117,0.0001207
5e-07,3e-07,3e-07,6.15e-05,5.3e-05,5.24e-05,0.0001105,0.0001271,0.00012480.0001271,0.0001248
5e-07,2e-07,3e-07,5.84e-05,5.29e-05,5.43e-05,0.0001116,0.0001288,0.00011670.0001288,0.0001167
5e-07,3e-07,3e-07,5.59e-05,5.47e-05,5.4e-05,0.0001107,0.0001149,0.00011870.0001149,0.0001187
4e-07,3e-07,3e-07,6.02e-05,5.3e-05,5.59e-05,0.0001129,0.0001321,0.00011070.0001321,0.0001107
5e-07,3e-07,3e-07,5.66e-05,5.36e-05,5.45e-05,0.0001601,0.0001302,0.0001180.0001302,0.000118
4e-07,3e-07,3e-07,5.67e-05,5.15e-05,4.79e-05,0.0001304,0.0001371,0.00014420.0001371,0.0001442
4e-07,4e-07,2e-07,0.0001212,0.0001456,5.48e-05,0.0001082,0.0001271,0.00011180.0001271,0.0001118
5e-07,3e-07,3e-07,5.74e-05,5.16e-05,5.28e-05,0.000109,0.0001262,0.00011450.0001262,0.0001145
5e-07,2e-07,3e-07,5.63e-05,5.13e-05,5.19e-05,0.000111,0.0001284,0.00012230.0001284,0.0001223
4e-07,3e-07,3e-07,5.71e-05,0.0001254,0.0001003,0.0001436,0.0001503,0.00016110.0001503,0.0001611
5e-07,3e-07,3e-07,5.95e-05,5.68e-05,7.05e-05,0.0001126,0.0001182,0.00013370.0001182,0.0001337
5e-07,3e-07,3e-07,9.22e-05,5.3e-05,5.18e-05,0.0001098,0.0001299,0.00016440.0001299,0.0001644
4e-07,3e-07,3e-07,5.68e-05,5.35e-05,5.4e-05,0.000112,0.0001227,0.00011540.0001227,0.0001154
5e-07,3e-07,3e-07,9.7e-05,6.36e-05,5.24e-05,0.0001188,0.0001299,0.0001630.0001299,0.000163
5e-07,3e-07,3e-07,8.66e-05,5.5e-05,5.39e-05,0.0001147,0.0001701,0.00013280.0001701,0.0001328
4e-07,2e-07,3e-07,8.02e-05,5.7e-05,7.48e-05,0.0001423,0.0001195,0.00021490.0001195,0.0002149
5e-07,4e-07,3e-07,0.0001027,6.37e-05,5.55e-05,0.0001226,0.0001448,0.00015390.0001448,0.0001539
5e-07,3e-07,3e-07,7.68e-05,6.15e-05,6.11e-05,0.0001229,0.0001438,0.00012630.0001438,0.0001263
5e-07,3e-07,2e-07,5.96e-05,0.0001024,8.34e-05,0.0001165,0.0001291,0.00012070.0001291,0.0001207
4e-07,3e-07,3e-07,5.84e-05,5.59e-05,5.4e-05,0.0001149,0.0001232,0.00013140.0001232,0.0001314
4e-07,3e-07,2e-07,5.94e-05,5.54e-05,5.7e-05,0.0001166,0.0001322,0.00011930.0001322,0.0001193
5e-07,3e-07,3e-07,5.91e-05,9.96e-05,5.28e-05,0.0001327,0.0001376,0.00015810.0001376,0.0001581
6e-07,5e-07,3e-07,0.0001001,6.26e-05,5.46e-05,0.0001155,0.0001281,0.00012910.0001281,0.0001291
5e-07,3e-07,3e-07,6.27e-05,5.58e-05,5.47e-05,0.0001159,0.000129,0.0001260.000129,0.000126
5e-07,3e-07,3e-07,0.0001043,0.0001256,0.0001116,0.0001347,0.0001445,0.00012880.0001445,0.0001288
4e-07,3e-07,3e-07,8.98e-05,6.18e-05,7.61e-05,0.0001217,0.0001308,0.00012710.0001308,0.0001271
4e-07,3e-07,2e-07,6.45e-05,5.86e-05,6.1e-05,0.0001221,0.0001434,0.00012430.0001434,0.0001243
5e-07,3e-07,3e-07,6.33e-05,5.89e-05,6.23e-05,0.0001244,0.0001461,0.00015730.0001461,0.0001573
5e-07,3e-07,3e-07,7.49e-05,6.31e-05,6.1e-05,0.0001254,0.0001245,0.00013030.0001245,0.0001303
5e-07,3e-07,3e-07,6.43e-05,6.02e-05,6.1e-05,0.0001246,0.0001366,0.00012850.0001366,0.0001285
5e-07,3e-07,3e-07,6.77e-05,6.2e-05,6.25e-05,0.0001268,0.000134,0.00013140.000134,0.0001314
5e-07,5e-07,4e-07,0.0001026,8.85e-05,6.97e-05,0.0001319,0.0001391,0.00012420.0001391,0.0001242
4e-07,3e-07,3e-07,6.59e-05,6.34e-05,6.15e-05,0.0001264,0.0001278,0.00013520.0001278,0.0001352
5e-07,5e-07,3e-07,7.86e-05,6.13e-05,6.18e-05,0.0001262,0.0001455,0.0001320.0001455,0.000132
4e-07,3e-07,3e-07,8.18e-05,7.04e-05,6.31e-05,0.0001637,0.0001298,0.00013760.0001298,0.0001376
5e-07,2e-07,2e-07,6.58e-05,6.27e-05,6.11e-05,0.0001272,0.0001357,0.00014130.0001357,0.0001413
5e-07,3e-07,3e-07,7.68e-05,6.51e-05,6.11e-05,0.0001324,0.0001382,0.00014860.0001382,0.0001486
5e-07,3e-07,3e-07,7.29e-05,6.77e-05,6.6e-05,0.000132,0.0001362,0.00013220.0001362,0.0001322
4e-07,3e-07,3e-07,6.8e-05,6.5e-05,6.36e-05,0.000132,0.0001336,0.00014050.0001336,0.0001405
5e-07,3e-07,3e-07,0.0001062,0.0001312,7.14e-05,0.0001348,0.0001614,0.00016060.0001614,0.0001606
4e-07,3e-07,3e-07,7.12e-05,6.4e-05,6.62e-05,0.0001331,0.0001521,0.00013050.0001521,0.0001305
5e-07,2e-07,3e-07,6.85e-05,6.47e-05,6.7e-05,0.0001345,0.0002001,0.00013030.0002001,0.0001303
4e-07,3e-07,3e-07,0.0001193,8.17e-05,6.39e-05,0.0001282,0.0001511,0.00012980.0001511,0.0001298
5e-07,2e-07,3e-07,6.73e-05,6.09e-05,5.87e-05,0.0001293,0.0001525,0.00016280.0001525,0.0001628
5e-07,3e-07,3e-07,7.47e-05,6.57e-05,6.32e-05,0.0001314,0.0001445,0.00014120.0001445,0.0001412
4e-07,3e-07,2e-07,7.55e-05,6.51e-05,6.45e-05,0.0001313,0.0001416,0.00013480.0001416,0.0001348
5e-07,3e-07,2e-07,6.74e-05,6.2e-05,6.17e-05,0.0001319,0.0001556,0.00015660.0001556,0.0001566
5e-07,3e-07,3e-07,7.94e-05,6.77e-05,6.58e-05,0.0001326,0.0001564,0.00015340.0001564,0.0001534
4e-07,3e-07,3e-07,6.93e-05,6.35e-05,5.97e-05,0.0001318,0.0001522,0.00017010.0001522,0.0001701
4e-07,5e-07,3e-07,0.0002282,0.0002332,0.0001418,0.0002883,0.000219,0.00020980.000219,0.0002098
1e-06,3e-07,2e-07,0.0001324,8.17e-05,6.6e-05,0.0001404,0.0001394,0.00015590.0001394,0.0001559
5e-07,3e-07,3e-07,0.0001096,6.71e-05,8.88e-05,0.0001505,0.0001592,0.00013490.0001592,0.0001349
4e-07,5e-07,3e-07,0.0001448,8.31e-05,6.99e-05,0.0001419,0.0001682,0.00014830.0001682,0.0001483
4e-07,3e-07,3e-07,0.0001049,6.92e-05,8.21e-05,0.000136,0.0001545,0.00013330.0001545,0.0001333
5e-07,3e-07,3e-07,0.0001242,8.3e-05,5.95e-05,0.0001518,0.0001589,0.00018420.0001589,0.0001842
5e-07,3e-07,3e-07,7.6e-05,6.66e-05,9.49e-05,0.0001377,0.0001612,0.00017970.0001612,0.0001797
4e-07,2e-07,2e-07,7.07e-05,6.93e-05,6.92e-05,0.0001386,0.0001389,0.00014010.0001389,0.0001401
6e-07,3e-07,3e-07,0.000252,0.0001213,0.000129,0.0001527,0.0001544,0.00031120.0001544,0.0003112
5e-07,2e-07,3e-07,7.64e-05,6.73e-05,6.82e-05,0.0001406,0.0001646,0.00014840.0001646,0.0001484
5e-07,4e-07,3e-07,0.0001487,0.0001009,8.57e-05,0.0001446,0.0001474,0.00015620.0001474,0.0001562
5e-07,3e-07,3e-07,7.34e-05,6.94e-05,7e-05,0.0001447,0.0001834,0.00016760.0001834,0.0001676
5e-07,3e-07,3e-07,8.1e-05,7.15e-05,7.15e-05,0.0001457,0.0001535,0.00014520.0001535,0.0001452
5e-07,3e-07,3e-07,8.18e-05,7.71e-05,7.71e-05,0.000151,0.0001733,0.00019290.0001733,0.0001929
5e-07,3e-07,4e-07,7.77e-05,7.02e-05,6.71e-05,0.0001457,0.0001615,0.00017530.0001615,0.0001753
5e-07,4e-07,3e-07,8.68e-05,7.42e-05,7.05e-05,0.000148,0.0001581,0.00016150.0001581,0.0001615
5e-07,3e-07,3e-07,8.44e-05,7.15e-05,7.14e-05,0.0001483,0.0001743,0.0001630.0001743,0.000163
5e-07,3e-07,3e-07,7.45e-05,7.2e-05,6.94e-05,0.0001467,0.0001554,0.00016930.0001554,0.0001693
4e-07,3e-07,2e-07,9.75e-05,7.87e-05,7.08e-05,0.0001458,0.0001534,0.0001530.0001534,0.000153
6e-07,3e-07,3e-07,8.03e-05,7.08e-05,7.38e-05,0.0001953,0.0001768,0.00015540.0001768,0.0001554
5e-07,4e-07,3e-07,8.97e-05,7.26e-05,7.29e-05,0.0001525,0.0001784,0.00016240.0001784,0.0001624
5e-07,3e-07,3e-07,7.91e-05,0.0001173,7.62e-05,0.0001526,0.0001668,0.00015430.0001668,0.0001543
5e-07,2e-07,3e-07,7.91e-05,7.3e-05,7.29e-05,0.0001518,0.000172,0.0001680.000172,0.000168
5e-07,2e-07,3e-07,9.84e-05,7.6e-05,7e-05,0.0001516,0.0001779,0.00019810.0001779,0.0001981
5e-07,3e-07,3e-07,8.22e-05,7.31e-05,7.22e-05,0.0001535,0.0001812,0.00018340.0001812,0.0001834
4e-07,3e-07,3e-07,0.0001446,7.33e-05,0.000115,0.0002484,0.0003034,0.00016940.0003034,0.0001694
4e-07,3e-07,3e-07,7.69e-05,7.37e-05,6.99e-05,0.0001485,0.000152,0.0001780.000152,0.000178
4e-07,3e-07,2e-07,8.02e-05,6.94e-05,7.19e-05,0.0001459,0.0001727,0.0001520.0001727,0.000152
5e-07,3e-07,3e-07,8.3e-05,7.27e-05,6.49e-05,0.0001466,0.0001722,0.00028580.0001722,0.0002858
5e-07,3e-07,3e-07,7.97e-05,7.36e-05,7.3e-05,0.0001483,0.0001475,0.00014930.0001475,0.0001493
5e-07,3e-07,2e-07,9.98e-05,7.58e-05,0.0001834,0.0001539,0.0001766,0.00014840.0001766,0.0001484
4e-07,3e-07,3e-07,8.38e-05,7.45e-05,7.38e-05,0.0001489,0.0001551,0.00014970.0001551,0.0001497
5e-07,3e-07,3e-07,0.0001467,7.26e-05,8.45e-05,0.0001483,0.0001746,0.000180.0001746,0.00018
7e-07,3e-07,3e-07,0.0001601,0.00015,0.0001175,0.0001924,0.0001727,0.00017130.0001727,0.0001713
5e-07,3e-07,2e-07,8e-05,7.29e-05,7.31e-05,0.0001492,0.0001652,0.00015340.0001652,0.0001534
5e-07,3e-07,3e-07,0.000189,0.0001224,7.62e-05,0.0001554,0.0001582,0.000160.0001582,0.00016
7e-07,3e-07,3e-07,0.0001107,8.21e-05,7.27e-05,0.0001668,0.0002058,0.00017860.0002058,0.0001786
9e-07,3e-07,3e-07,9.32e-05,8.37e-05,8.18e-05,0.0001636,0.0002313,0.00023880.0002313,0.0002388
5e-07,3e-07,3e-07,9.28e-05,7.67e-05,7.04e-05,0.0001531,0.00018,0.00018730.00018,0.0001873
5e-07,4e-07,2e-07,0.0001111,8.1e-05,7.64e-05,0.0001541,0.0001698,0.00015120.0001698,0.0001512
5e-07,3e-07,3e-07,8.55e-05,7.8e-05,7.63e-05,0.0001638,0.0001862,0.00023430.0001862,0.0002343
5e-07,3e-07,3e-07,8.31e-05,8.02e-05,7.87e-05,0.0001608,0.0001625,0.00016980.0001625,0.0001698
5e-07,2e-07,2e-07,0.0001051,8.39e-05,7.75e-05,0.0001624,0.0001911,0.00018390.0001911,0.0001839
4e-07,4e-07,3e-07,8.36e-05,7.75e-05,7.64e-05,0.000162,0.0001933,0.00019080.0001933,0.0001908
5e-07,2e-07,3e-07,0.0001032,8.54e-05,7.3e-05,0.0001626,0.0001707,0.00020610.0001707,0.0002061
5e-07,3e-07,3e-07,9.84e-05,8.14e-05,8.12e-05,0.0001643,0.0001947,0.00017020.0001947,0.0001702
4e-07,3e-07,3e-07,0.0001204,0.0001526,9.5e-05,0.00017,0.0001654,0.00019370.0001654,0.0001937
5e-07,3e-07,2e-07,8.82e-05,7.87e-05,7.98e-05,0.0001656,0.0001936,0.00017680.0001936,0.0001768
5e-07,4e-07,3e-07,0.0001294,9.48e-05,7.94e-05,0.0001664,0.0001729,0.00018670.0001729,0.0001867
5e-07,4e-07,3e-07,0.0001065,9.28e-05,8.13e-05,0.0001676,0.0001716,0.00020010.0001716,0.0002001
5e-07,3e-07,3e-07,0.0001298,9.95e-05,8.02e-05,0.0001668,0.000171,0.00018390.000171,0.0001839
4e-07,3e-07,3e-07,9.74e-05,8.2e-05,8.1e-05,0.0001676,0.0001978,0.00018270.0001978,0.0001827
4e-07,3e-07,2e-07,9.39e-05,8.04e-05,8.17e-05,0.0001681,0.0001979,0.00018090.0001979,0.0001809
5e-07,3e-07,3e-07,9.67e-05,8.58e-05,8.78e-05,0.000177,0.0002046,0.00017930.0002046,0.0001793
4e-07,3e-07,3e-07,8.61e-05,8e-05,7.68e-05,0.0001605,0.0001668,0.00017790.0001668,0.0001779
4e-07,3e-07,3e-07,0.0001045,8.49e-05,7.64e-05,0.0001618,0.0001816,0.0001880.0001816,0.000188
4e-07,2e-07,3e-07,8.69e-05,7.63e-05,8.03e-05,0.0001623,0.0001912,0.00016510.0001912,0.0001651
4e-07,3e-07,2e-07,0.0001077,8.75e-05,7.53e-05,0.0001612,0.0001691,0.00019420.0001691,0.0001942
4e-07,3e-07,2e-07,0.0001003,8.15e-05,7.92e-05,0.0001988,0.0001809,0.00016910.0001809,0.0001691
4e-07,3e-07,3e-07,0.0001257,8.85e-05,0.0001565,0.0002773,0.0002557,0.00025230.0002557,0.0002523
6e-07,3e-07,3e-07,9.18e-05,8.45e-05,7.6e-05,0.0001725,0.0001864,0.00033430.0001864,0.0003343
4e-07,3e-07,3e-07,8.61e-05,7.73e-05,7.99e-05,0.0001628,0.0001921,0.0001720.0001921,0.000172
5e-07,3e-07,3e-07,0.0001061,8.13e-05,8.1e-05,0.0001984,0.0001888,0.00016450.0001888,0.0001645
5e-07,4e-07,3e-07,0.0002167,0.0001483,8.93e-05,0.0001784,0.0001877,0.00018350.0001877,0.0001835
5e-07,3e-07,3e-07,0.0001277,0.0001022,8.46e-05,0.0001794,0.0001974,0.00020720.0001974,0.0002072
5e-07,4e-07,3e-07,0.0001779,0.0001288,9.18e-05,0.0001987,0.0002303,0.00018640.0002303,0.0001864
5e-07,3e-07,4e-07,0.0001102,9.49e-05,8.17e-05,0.0001711,0.000172,0.00018860.000172,0.0001886
5e-07,3e-07,3e-07,0.0001414,0.0001046,9.09e-05,0.0001814,0.0002134,0.00018440.0002134,0.0001844
5e-07,2e-07,3e-07,9.71e-05,8.18e-05,7.98e-05,0.0001691,0.0001922,0.00019630.0001922,0.0001963
5e-07,3e-07,3e-07,0.0001027,8.51e-05,8.3e-05,0.0001908,0.0001838,0.00017180.0001838,0.0001718
4e-07,3e-07,3e-07,0.0001253,8.93e-05,8.19e-05,0.0001686,0.0001739,0.00021370.0001739,0.0002137
5e-07,3e-07,3e-07,9.16e-05,8.02e-05,8.34e-05,0.0001702,0.0002008,0.00018090.0002008,0.0001809
4e-07,4e-07,3e-07,0.0001334,9.7e-05,8.2e-05,0.0001743,0.0001907,0.00020480.0001907,0.0002048
5e-07,3e-07,3e-07,0.0001065,8.77e-05,8.01e-05,0.0001723,0.0001889,0.00020640.0001889,0.0002064
4e-07,2e-07,3e-07,0.0001745,9.36e-05,8.29e-05,0.0001736,0.0002041,0.00019560.0002041,0.0001956
5e-07,3e-07,3e-07,0.0001279,9.99e-05,7.88e-05,0.0002125,0.0002045,0.00023020.0002045,0.0002302
4e-07,3e-07,3e-07,0.0001516,0.0001479,0.0001055,0.0001932,0.0001835,0.00018830.0001835,0.0001883
4e-07,3e-07,2e-07,9.34e-05,8.63e-05,8.23e-05,0.0001735,0.0001983,0.00020340.0001983,0.0002034
4e-07,3e-07,3e-07,0.0001105,0.0001007,8.82e-05,0.0001784,0.0001893,0.00017960.0001893,0.0001796
4e-07,3e-07,2e-07,0.0001024,0.000107,8.83e-05,0.0001908,0.0002076,0.00018770.0002076,0.0001877
5e-07,4e-07,3e-07,0.0001267,0.0001182,8.53e-05,0.0003862,0.0007821,0.00022480.0007821,0.0002248
5e-07,4e-07,2e-07,0.0002252,0.0001419,9.06e-05,0.0001844,0.0002031,0.00020320.0002031,0.0002032
6e-07,3e-07,3e-07,0.0001693,0.000135,0.0001091,0.0001868,0.0002131,0.00020810.0002131,0.0002081
5e-07,2e-07,3e-07,0.0001295,0.0001053,0.0001185,0.0001901,0.0001884,0.00022880.0001884,0.0002288
4e-07,3e-07,3e-07,0.0001975,0.0001743,0.0001361,0.0001927,0.0002622,0.00037170.0002622,0.0003717
5e-07,3e-07,3e-07,9.74e-05,9.03e-05,9.23e-05,0.000203,0.0002448,0.00019170.0002448,0.0001917
4e-07,5e-07,2e-07,0.0001655,9.7e-05,0.0001107,0.0002828,0.0002557,0.00025920.0002557,0.0002592
4e-07,3e-07,2e-07,9.94e-05,9.16e-05,8.79e-05,0.0001866,0.0001868,0.00020590.0001868,0.0002059
5e-07,5e-07,3e-07,0.0001544,0.0001532,0.0001071,0.0001823,0.0002096,0.00018280.0002096,0.0001828
5e-07,3e-07,3e-07,0.0002038,0.0001296,8.42e-05,0.0002052,0.0001918,0.00022590.0001918,0.0002259
5e-07,3e-07,3e-07,0.0001258,0.0001033,9.18e-05,0.000186,0.0002034,0.00018550.0002034,0.0001855
5e-07,5e-07,3e-07,0.0002672,0.0001691,0.000129,0.0002451,0.0001887,0.00020790.0001887,0.0002079
7e-07,3e-07,3e-07,0.0002208,0.0001484,8.9e-05,0.0001805,0.0002104,0.00023350.0002104,0.0002335
7e-07,5e-07,3e-07,0.0001556,0.0001104,9.29e-05,0.000189,0.000239,0.00023050.000239,0.0002305
5e-07,3e-07,3e-07,0.0002493,0.0001794,9.56e-05,0.0002176,0.0002169,0.00020910.0002169,0.0002091
7e-07,3e-07,3e-07,0.0002743,0.000142,9.22e-05,0.0001885,0.0002217,0.00019950.0002217,0.0001995
5e-07,3e-07,3e-07,0.0001462,0.0001097,9.77e-05,0.0001955,0.0002077,0.00019090.0002077,0.0001909
4e-07,3e-07,3e-07,0.0001832,0.0001022,9.27e-05,0.0001934,0.0002615,0.00021430.0002615,0.0002143
5e-07,3e-07,3e-07,9.7e-05,0.0001405,9.85e-05,0.0001939,0.0002088,0.00018890.0002088,0.0001889
5e-07,2e-07,2e-07,9.72e-05,9.44e-05,9.3e-05,0.0002462,0.0002902,0.00021320.0002902,0.0002132
5e-07,3e-07,2e-07,0.0001019,9.6e-05,9.74e-05,0.0002252,0.0002205,0.0001920.0002205,0.000192
4e-07,3e-07,3e-07,0.0001237,0.000107,9.58e-05,0.0001926,0.0002733,0.00024320.0002733,0.0002432
5e-07,3e-07,3e-07,0.0001034,0.0001001,9.28e-05,0.0001998,0.0002062,0.00031940.0002062,0.0003194
4e-07,3e-07,3e-07,0.0001159,9.87e-05,9.7e-05,0.0001943,0.000215,0.00023770.000215,0.0002377
5e-07,3e-07,3e-07,0.0001047,9.43e-05,9.69e-05,0.0001945,0.0002297,0.00019620.0002297,0.0001962
5e-07,3e-07,3e-07,0.0001193,0.0001005,9.18e-05,0.0001848,0.0002103,0.00026880.0002103,0.0002688
5e-07,3e-07,3e-07,0.0001006,0.0001254,9.12e-05,0.0001906,0.0003444,0.00025280.0003444,0.0002528
4e-07,3e-07,3e-07,0.0001372,0.000108,9.31e-05,0.0001885,0.0002038,0.00029840.0002038,0.0002984
5e-07,3e-07,3e-07,0.0001395,0.0001294,9.72e-05,0.0001932,0.0002054,0.00020420.0002054,0.0002042
4e-07,3e-07,3e-07,0.0001431,0.0001079,8.66e-05,0.0002082,0.0002578,0.00027420.0002578,0.0002742
5e-07,2e-07,3e-07,0.0001138,9.78e-05,9.37e-05,0.0002221,0.0001984,0.00018710.0001984,0.0001871
5e-07,3e-07,2e-07,0.0001274,0.0001115,0.0001221,0.0002059,0.0001974,0.00026590.0001974,0.0002659
5e-07,3e-07,3e-07,0.0001435,9.52e-05,0.0001051,0.0001896,0.0002431,0.00022760.0002431,0.0002276
5e-07,3e-07,3e-07,0.0002536,0.0002534,0.0001289,0.00022,0.0002985,0.00037860.0002985,0.0003786
5e-07,2e-07,3e-07,0.0001566,0.0001749,9.96e-05,0.0001971,0.0001977,0.00021380.0001977,0.0002138
5e-07,5e-07,3e-07,0.0003051,0.0002288,8.56e-05,0.0001904,0.0001961,0.00025720.0001961,0.0002572
4e-07,3e-07,2e-07,0.0001459,0.0001071,9.62e-05,0.0001958,0.0001986,0.00019690.0001986,0.0001969
5e-07,3e-07,3e-07,0.0001119,0.0001035,9.58e-05,0.0002011,0.0002076,0.00022870.0002076,0.0002287
6e-07,4e-07,3e-07,0.0003888,0.0001921,0.0001081,0.000211,0.000211,0.00020550.000211,0.0002055
4e-07,3e-07,3e-07,0.0001875,0.0001393,9.97e-05,0.0002028,0.0002027,0.00021670.0002027,0.0002167
5e-07,3e-07,2e-07,0.0001488,0.0001166,9.04e-05,0.0002033,0.0002053,0.00027550.0002053,0.0002755
5e-07,3e-07,3e-07,0.0001583,0.0001156,0.0001012,0.0002047,0.0002129,0.0002160.0002129,0.000216
4e-07,3e-07,3e-07,0.0001109,0.0001008,9.76e-05,0.0002026,0.0002153,0.00026570.0002153,0.0002657
5e-07,3e-07,3e-07,0.0001257,0.0001087,9.92e-05,0.0002461,0.0002279,0.00022240.0002279,0.0002224
6e-07,3e-07,3e-07,0.0001089,0.0001064,0.00015,0.0002139,0.0002043,0.00020520.0002043,0.0002052
4e-07,2e-07,3e-07,0.0001575,0.0001139,0.0001018,0.0002266,0.0002588,0.00023270.0002588,0.0002327
3e-07,3e-07,2e-07,0.0001229,0.0001022,9.63e-05,0.0002045,0.000242,0.00024480.000242,0.0002448
5e-07,3e-07,3e-07,0.0001536,0.000118,9.36e-05,0.0002068,0.0002453,0.00027270.0002453,0.0002727
4e-07,4e-07,3e-07,0.0001117,0.0001003,9.52e-05,0.0001967,0.0002039,0.00021710.0002039,0.0002171
5e-07,3e-07,3e-07,0.00013,0.0001117,9.48e-05,0.0001993,0.0002052,0.00023040.0002052,0.0002304
4e-07,4e-07,3e-07,0.000154,0.0001414,0.0001263,0.00028,0.0002408,0.000330.0002408,0.00033
5e-07,3e-07,3e-07,0.0001144,0.0001034,9.66e-05,0.0002012,0.0002798,0.00023960.0002798,0.0002396
4e-07,2e-07,3e-07,0.0001571,0.0001289,0.000101,0.0002054,0.0002131,0.00021030.0002131,0.0002103
4e-07,3e-07,3e-07,0.0001225,0.0001005,0.0001323,0.0002022,0.0002731,0.00021520.0002731,0.0002152
6e-07,3e-07,3e-07,0.0002014,0.000149,0.0001315,0.0002295,0.0002384,0.00025010.0002384,0.0002501
5e-07,3e-07,3e-07,0.0001134,0.0001036,9.6e-05,0.0002018,0.0002146,0.0002290.0002146,0.000229
4e-07,3e-07,3e-07,0.0002686,0.0001741,0.0001511,0.0002357,0.0003003,0.00037330.0003003,0.0003733
5e-07,3e-07,3e-07,0.0001976,0.0001419,0.0001069,0.0002201,0.000223,0.00023550.000223,0.0002355
5e-07,3e-07,3e-07,0.0002303,0.0001758,0.0001117,0.0002233,0.0002436,0.00021410.0002436,0.0002141
4e-07,3e-07,3e-07,0.0002716,0.0002094,0.0001149,0.0002357,0.0002784,0.00024580.0002784,0.0002458
5e-07,3e-07,3e-07,0.0001971,0.0001223,0.0001033,0.0002404,0.0002138,0.00020780.0002138,0.0002078
5e-07,2e-07,3e-07,0.000155,0.0001282,9.38e-05,0.000211,0.0002305,0.0003520.0002305,0.000352
4e-07,3e-07,3e-07,0.0001175,0.0001047,0.0001029,0.0002067,0.0002343,0.00021040.0002343,0.0002104
4e-07,3e-07,3e-07,0.0001104,0.0001055,0.0001005,0.0002058,0.0002076,0.00036640.0002076,0.0003664
6e-07,3e-07,3e-07,0.0002678,0.0001649,0.0001054,0.0002293,0.0003002,0.00022330.0003002,0.0002233
5e-07,6e-07,3e-07,0.0002044,0.0001885,0.0001053,0.000212,0.0002278,0.00021180.0002278,0.0002118
5e-07,2e-07,2e-07,0.0001235,0.0001083,0.0001016,0.000247,0.0002969,0.00023550.0002969,0.0002355
5e-07,3e-07,3e-07,0.0001604,0.0001387,0.000106,0.0002104,0.0002161,0.00020950.0002161,0.0002095
5e-07,3e-07,5e-07,0.0001168,0.0001074,0.0001044,0.0002116,0.0002233,0.00021560.0002233,0.0002156
4e-07,4e-07,2e-07,0.0001627,0.0001282,0.0001056,0.0002138,0.000226,0.00021580.000226,0.0002158
5e-07,3e-07,3e-07,0.0001559,0.0001274,0.0001023,0.0002133,0.0002176,0.00023740.0002176,0.0002374
4e-07,3e-07,3e-07,0.000117,0.0001101,0.0001055,0.000292,0.0002153,0.00021390.0002153,0.0002139
5e-07,3e-07,3e-07,0.0002076,0.0001642,0.0001061,0.000213,0.0002371,0.00021350.0002371,0.0002135
4e-07,3e-07,3e-07,0.0001191,0.0001075,0.0001038,0.0002145,0.0002369,0.00037420.0002369,0.0003742
5e-07,2e-07,2e-07,0.000129,0.0001144,0.0001072,0.0002143,0.0002236,0.0002150.0002236,0.000215
5e-07,8e-07,3e-07,0.0003241,0.0001997,0.0001099,0.0003481,0.0002265,0.00023030.0002265,0.0002303
5e-07,2e-07,3e-07,0.0001522,0.0001218,0.0001074,0.0002187,0.0002272,0.00021630.0002272,0.0002163
6e-07,2e-07,3e-07,0.0002147,0.0001377,0.0001109,0.0002316,0.0003012,0.00030580.0003012,0.0003058
6e-07,3e-07,2e-07,0.0002452,0.0001646,0.0001148,0.0002336,0.0002628,0.00024060.0002628,0.0002406
6e-07,4e-07,3e-07,0.0003591,0.000218,0.0001078,0.0002233,0.0002283,0.0002450.0002283,0.000245
4e-07,5e-07,3e-07,0.0002434,0.0001589,0.0001099,0.0002249,0.0002284,0.00023720.0002284,0.0002372
5e-07,3e-07,2e-07,0.0001379,0.0001183,0.0001091,0.0002192,0.0002274,0.00021490.0002274,0.0002149
5e-07,3e-07,2e-07,0.0001207,0.0001142,0.0001644,0.0002615,0.0002284,0.0002670.0002284,0.000267
4e-07,3e-07,3e-07,0.0002305,0.0001387,0.0001084,0.000219,0.0002386,0.00022370.0002386,0.0002237
4e-07,3e-07,3e-07,0.0001241,0.0001142,0.0001085,0.0002191,0.0002351,0.00036210.0002351,0.0003621
5e-07,3e-07,3e-07,0.0001646,0.0001311,0.0001063,0.0002807,0.000274,0.00024530.000274,0.0002453
4e-07,3e-07,3e-07,0.0001552,0.0001289,0.0001041,0.0002271,0.0002454,0.00028090.0002454,0.0002809
5e-07,3e-07,2e-07,0.0001232,0.0001119,0.0001096,0.0002209,0.0002346,0.00021980.0002346,0.0002198
4e-07,2e-07,3e-07,0.0001934,0.0001439,0.000109,0.0002213,0.0002878,0.00023420.0002878,0.0002342
5e-07,3e-07,2e-07,0.0003622,0.000271,0.0001865,0.0002607,0.0002437,0.00024750.0002437,0.0002475
5e-07,2e-07,2e-07,0.0001218,0.0001112,0.0001089,0.0002821,0.0002393,0.00022190.0002393,0.0002219
5e-07,3e-07,2e-07,0.000237,0.0001704,0.000109,0.0002225,0.0002262,0.00023610.0002262,0.0002361
5e-07,3e-07,2e-07,0.0001744,0.0001562,0.0001101,0.0002314,0.0002354,0.00023190.0002354,0.0002319
5e-07,2e-07,2e-07,0.0001934,0.0001238,0.0001088,0.0002231,0.0002256,0.00023730.0002256,0.0002373
5e-07,2e-07,3e-07,0.0001652,0.0001353,0.0001087,0.0002599,0.0002485,0.00024940.0002485,0.0002494
4e-07,3e-07,3e-07,0.0001206,0.0001811,0.00013,0.0002297,0.0003344,0.00034740.0003344,0.0003474
4e-07,3e-07,2e-07,0.0001517,0.0001205,0.0001104,0.0002273,0.0002691,0.00024570.0002691,0.0002457
7e-07,4e-07,3e-07,0.0003369,0.0002455,0.0001287,0.0002494,0.0002565,0.00025210.0002565,0.0002521
7e-07,3e-07,3e-07,0.0002401,0.0001644,0.0001159,0.000235,0.0002762,0.00026660.0002762,0.0002666
6e-07,5e-07,3e-07,0.0002713,0.000203,0.0001156,0.0002401,0.00024,0.00027070.00024,0.0002707
5e-07,2e-07,2e-07,0.000147,0.0001214,0.000113,0.0002293,0.0003857,0.00024280.0003857,0.0002428
4e-07,5e-07,3e-07,0.000304,0.0002344,0.0001521,0.0002471,0.0002951,0.00042180.0002951,0.0004218
5e-07,3e-07,3e-07,0.0002702,0.0001828,0.0001199,0.0002429,0.0002703,0.00025260.0002703,0.0002526
5e-07,4e-07,3e-07,0.0001971,0.000149,0.0001164,0.0002354,0.0002884,0.00032990.0002884,0.0003299
3e-07,3e-07,3e-07,0.0001553,0.0001258,0.0001154,0.0002327,0.0002649,0.00023340.0002649,0.0002334
5e-07,3e-07,3e-07,0.0001275,0.0001211,0.0001119,0.0002309,0.0002309,0.00025290.0002309,0.0002529
5e-07,3e-07,4e-07,0.0002059,0.0001348,0.000132,0.0002323,0.0002574,0.00023360.0002574,0.0002336
5e-07,3e-07,3e-07,0.0001664,0.0001381,0.0001123,0.0002339,0.0002444,0.00025330.0002444,0.0002533
5e-07,3e-07,3e-07,0.0001316,0.0001217,0.0001159,0.0003055,0.0002574,0.00022990.0002574,0.0002299
5e-07,4e-07,3e-07,0.0003382,0.0002319,0.0001244,0.0002541,0.0002881,0.00028240.0002881,0.0002824
5e-07,3e-07,3e-07,0.000217,0.0001628,0.0001106,0.0002402,0.0002746,0.0003940.0002746,0.000394
5e-07,3e-07,3e-07,0.0002762,0.0001896,0.0002245,0.000329,0.0003233,0.00032360.0003233,0.0003236
5e-07,3e-07,3e-07,0.0001424,0.0001268,0.0001085,0.0003019,0.0003469,0.0002890.0003469,0.000289
6e-07,3e-07,2e-07,0.0001849,0.0001371,0.0001179,0.0002369,0.0002642,0.00023970.0002642,0.0002397
4e-07,3e-07,3e-07,0.0003317,0.0002288,0.0001202,0.0003192,0.000306,0.00039620.000306,0.0003962
5e-07,3e-07,3e-07,0.0001581,0.0001318,0.0001167,0.0002366,0.0002499,0.00024330.0002499,0.0002433
4e-07,3e-07,3e-07,0.0002346,0.0001545,0.0001181,0.0002846,0.0002509,0.00031770.0002509,0.0003177
4e-07,6e-07,2e-07,0.0004556,0.000321,0.0001525,0.0003124,0.0004374,0.00025690.0004374,0.0002569
5e-07,3e-07,3e-07,0.0002846,0.0002111,0.0001222,0.0002513,0.0002729,0.00026350.0002729,0.0002635
4e-07,2e-07,3e-07,0.0002009,0.0001506,0.0001206,0.0002539,0.0002615,0.00028750.0002615,0.0002875
5e-07,2e-07,2e-07,0.0002644,0.0002338,0.0001629,0.0004923,0.0004487,0.00030670.0004487,0.0003067
5e-07,2e-07,3e-07,0.0001774,0.000146,0.000124,0.0002514,0.0002818,0.00027980.0002818,0.0002798
5e-07,3e-07,3e-07,0.0002115,0.0001708,0.0001281,0.0002543,0.0002672,0.00027140.0002672,0.0002714
4e-07,3e-07,3e-07,0.0001556,0.0001425,0.0001102,0.0002498,0.0003003,0.00034220.0003003,0.0003422
4e-07,4e-07,2e-07,0.0002267,0.0001659,0.0001249,0.00025,0.0002521,0.0002510.0002521,0.000251
6e-07,3e-07,3e-07,0.0002273,0.0001612,0.0001207,0.0002564,0.0002657,0.00027460.0002657,0.0002746
5e-07,2e-07,2e-07,0.0001908,0.0001583,0.0001213,0.0002517,0.000256,0.00027510.000256,0.0002751
4e-07,4e-07,4e-07,0.0002341,0.0001489,0.0001262,0.0002543,0.0002771,0.00025680.0002771,0.0002568
4e-07,3e-07,3e-07,0.000159,0.000139,0.0001253,0.0002551,0.0003099,0.00026390.0003099,0.0002639
6e-07,3e-07,3e-07,0.0001861,0.0001488,0.0001223,0.0002549,0.0002679,0.00028180.0002679,0.0002818
5e-07,4e-07,3e-07,0.0001989,0.0001564,0.0001238,0.000255,0.0003165,0.00027490.0003165,0.0002749
4e-07,3e-07,4e-07,0.0001557,0.00014,0.0001244,0.000255,0.0002662,0.00027610.0002662,0.0002761
5e-07,3e-07,3e-07,0.0001859,0.0001422,0.0001202,0.0002564,0.0003036,0.00029910.0003036,0.0002991
4e-07,4e-07,3e-07,0.0001858,0.0001576,0.0001478,0.0002792,0.0002702,0.00027920.0002702,0.0002792
4e-07,3e-07,3e-07,0.000164,0.0001403,0.0001272,0.0002558,0.0002935,0.00025890.0002935,0.0002589
5e-07,3e-07,3e-07,0.0001877,0.000149,0.0001269,0.0002572,0.0002805,0.00026270.0002805,0.0002627
7e-07,3e-07,2e-07,0.0003339,0.0002324,0.0001287,0.0002575,0.0002885,0.00025980.0002885,0.0002598
5e-07,4e-07,3e-07,0.0003252,0.0003189,0.0002079,0.0004099,0.0003683,0.0003470.0003683,0.000347
6e-07,3e-07,3e-07,0.0002594,0.0002084,0.0001177,0.0002933,0.0003019,0.00028760.0003019,0.0002876
4e-07,2e-07,3e-07,0.0002152,0.000176,0.0001235,0.0002484,0.0002482,0.00024730.0002482,0.0002473
5e-07,3e-07,3e-07,0.0002082,0.0001565,0.0001243,0.0002475,0.0002686,0.00024710.0002686,0.0002471
4e-07,3e-07,2e-07,0.0002412,0.0001617,0.0001376,0.0002477,0.0002846,0.00026480.0002846,0.0002648
4e-07,3e-07,2e-07,0.0001477,0.0001342,0.0001197,0.0002449,0.0002566,0.00026050.0002566,0.0002605
5e-07,2e-07,3e-07,0.0002259,0.0001553,0.0001202,0.0002447,0.0002459,0.00025440.0002459,0.0002544
5e-07,4e-07,2e-07,0.0002392,0.0001847,0.0001338,0.0002642,0.0002705,0.00028660.0002705,0.0002866
5e-07,3e-07,3e-07,0.00022,0.0001634,0.000127,0.0002602,0.0002895,0.00027730.0002895,0.0002773
5e-07,2e-07,3e-07,0.0001595,0.0001451,0.0001285,0.0002595,0.0002598,0.00031450.0002598,0.0003145
5e-07,2e-07,3e-07,0.0001911,0.0001549,0.0001297,0.0002607,0.0002682,0.00026170.0002682,0.0002617
4e-07,3e-07,3e-07,0.0002283,0.0001852,0.0001253,0.0002578,0.0002592,0.00028520.0002592,0.0002852
5e-07,3e-07,3e-07,0.0001559,0.0001901,0.0001492,0.0003122,0.0002906,0.00029610.0002906,0.0002961
4e-07,3e-07,3e-07,0.0001723,0.0001495,0.0001312,0.000263,0.0002776,0.00025960.0002776,0.0002596
5e-07,3e-07,3e-07,0.0002929,0.000218,0.0001294,0.0002596,0.0002791,0.00025930.0002791,0.0002593
5e-07,4e-07,3e-07,0.0002169,0.0001664,0.0001264,0.0002653,0.0002956,0.00030050.0002956,0.0003005
4e-07,2e-07,2e-07,0.0001788,0.0001451,0.0002121,0.0002741,0.0002666,0.00025760.0002666,0.0002576
5e-07,5e-07,3e-07,0.0006479,0.0004418,0.0001995,0.0003112,0.0003211,0.00028630.0003211,0.0002863
5e-07,5e-07,2e-07,0.0004364,0.0004529,0.0002437,0.0003147,0.0004221,0.00037220.0004221,0.0003722
5e-07,3e-07,3e-07,0.0003617,0.0004548,0.0001749,0.000419,0.0003383,0.00030410.0003383,0.0003041
5e-07,4e-07,3e-07,0.0004423,0.0003538,0.0001493,0.0002926,0.0002949,0.00026990.0002949,0.0002699
4e-07,2e-07,3e-07,0.0001641,0.0001426,0.000243,0.0003317,0.000261,0.00030070.000261,0.0003007
4e-07,3e-07,3e-07,0.000166,0.0001627,0.0001231,0.0002586,0.0002609,0.00029490.0002609,0.0002949
5e-07,3e-07,3e-07,0.0002126,0.0001782,0.0001317,0.0002764,0.0002626,0.00026080.0002626,0.0002608
5e-07,3e-07,3e-07,0.0001837,0.0001423,0.0001293,0.0002608,0.0003061,0.00026110.0003061,0.0002611
4e-07,2e-07,3e-07,0.0001716,0.000164,0.0001423,0.0002614,0.000287,0.00028120.000287,0.0002812
5e-07,3e-07,3e-07,0.0002989,0.0002263,0.0001771,0.0002857,0.0002934,0.0003920.0002934,0.000392
5e-07,3e-07,3e-07,0.0001737,0.0001542,0.0001292,0.0003335,0.0002838,0.00028460.0002838,0.0002846
4e-07,5.1e-06,3e-07,0.00027,0.0002908,0.0001903,0.0003682,0.0004016,0.00035950.0004016,0.0003595
5e-07,2e-07,3e-07,0.0002073,0.0001645,0.0001305,0.0002654,0.0002745,0.000270.0002745,0.00027
4e-07,3e-07,3e-07,0.0001927,0.0001615,0.0001316,0.0002649,0.0002789,0.00026550.0002789,0.0002655
5e-07,4e-07,3e-07,0.0002307,0.0001715,0.0001344,0.0003087,0.0003198,0.00028350.0003198,0.0002835
4e-07,3e-07,4e-07,0.0003497,0.0002144,0.0002037,0.0003577,0.000287,0.00030150.000287,0.0003015
4e-07,2e-07,3e-07,0.0001672,0.0001444,0.0001311,0.0002665,0.0003142,0.00028220.0003142,0.0002822
5e-07,3e-07,2e-07,0.0002093,0.0001761,0.0001332,0.0002675,0.0002749,0.00026690.0002749,0.0002669
5e-07,7e-07,4e-07,0.0003164,0.0002144,0.0001253,0.0002666,0.0003134,0.00032720.0003134,0.0003272
5e-07,6e-07,3e-07,0.00059,0.0005667,0.000357,0.0004978,0.0004797,0.00037310.0004797,0.0003731
5e-07,4e-07,2e-07,0.0003224,0.0002524,0.0002385,0.000517,0.0004962,0.00041920.0004962,0.0004192
5e-07,3e-07,3e-07,0.000422,0.000288,0.0001578,0.0002754,0.0002775,0.0002770.0002775,0.000277
7e-07,3e-07,3e-07,0.0003328,0.0002437,0.0001348,0.0002679,0.0002769,0.00026570.0002769,0.0002657
5e-07,3e-07,2e-07,0.0003563,0.0002091,0.0001347,0.0002777,0.0002992,0.00030920.0002992,0.0003092
5e-07,3e-07,3e-07,0.0002819,0.0001887,0.000141,0.0002843,0.0003213,0.00028960.0003213,0.0002896
5e-07,3e-07,3e-07,0.0002015,0.0001641,0.0001422,0.0002865,0.0002995,0.00028950.0002995,0.0002895
4e-07,3e-07,3e-07,0.0002528,0.0002169,0.0001572,0.0002858,0.0003157,0.00031280.0003157,0.0003128
5e-07,3e-07,2e-07,0.0002117,0.0001825,0.0001861,0.0002961,0.0003085,0.00029810.0003085,0.0002981
4e-07,3e-07,3e-07,0.0002191,0.0001835,0.0001415,0.0003133,0.0003359,0.00033310.0003359,0.0003331
5e-07,3e-07,3e-07,0.0002213,0.0001808,0.0001423,0.0003349,0.0003388,0.00028690.0003388,0.0002869
4e-07,2e-07,2e-07,0.0001913,0.0001709,0.0001388,0.0002852,0.0002927,0.00031020.0002927,0.0003102
5e-07,3e-07,3e-07,0.0002095,0.0001706,0.0001424,0.0002867,0.0003079,0.00029240.0003079,0.0002924
5e-07,2e-07,2e-07,0.0002266,0.0001859,0.0001377,0.0002808,0.0002859,0.00029920.0002859,0.0002992
4e-07,3e-07,3e-07,0.0002074,0.0001669,0.0001344,0.0002722,0.0003234,0.0002830.0003234,0.000283
4e-07,4e-07,3e-07,0.0004097,0.000195,0.0002027,0.0003712,0.0004871,0.00043640.0004871,0.0004364
5e-07,3e-07,2e-07,0.0002592,0.0002034,0.0001375,0.000276,0.0002858,0.00027740.0002858,0.0002774
4e-07,3e-07,2e-07,0.0003197,0.0002511,0.000135,0.0002767,0.0002773,0.00031740.0002773,0.0003174
6e-07,3e-07,3e-07,0.0003279,0.000245,0.00013,0.0003368,0.0003334,0.00041340.0003334,0.0004134
4e-07,4e-07,3e-07,0.0003633,0.0002532,0.0001519,0.0002791,0.0002937,0.0003180.0002937,0.000318
5e-07,7e-07,3e-07,0.0003906,0.0003831,0.000145,0.0003135,0.0003084,0.00035050.0003084,0.0003505
6e-07,4e-07,3e-07,0.0003979,0.0003356,0.000182,0.0003349,0.0003115,0.00034580.0003115,0.0003458
5e-07,3e-07,3e-07,0.0005091,0.0002891,0.000179,0.000428,0.000317,0.00031910.000317,0.0003191
5e-07,3e-07,3e-07,0.0002197,0.0001687,0.0001379,0.000291,0.0003451,0.00034210.0003451,0.0003421
4e-07,3e-07,3e-07,0.0002679,0.0002004,0.0001459,0.0002919,0.0003452,0.00029860.0003452,0.0002986
5e-07,3e-07,3e-07,0.0002804,0.0002057,0.0001461,0.0002931,0.0003026,0.00029480.0003026,0.0002948
5e-07,7e-07,2e-07,0.0003434,0.0002619,0.0001466,0.0002941,0.0003059,0.00029240.0003059,0.0002924
5e-07,3e-07,3e-07,0.0002653,0.0002039,0.0001428,0.0002947,0.000296,0.00031660.000296,0.0003166
4e-07,3e-07,3e-07,0.0002029,0.0001753,0.0001466,0.0002957,0.0003067,0.0003010.0003067,0.000301
5e-07,3e-07,3e-07,0.000223,0.0001841,0.0001362,0.0002831,0.0002936,0.00031410.0002936,0.0003141
5e-07,3e-07,3e-07,0.0002468,0.0002008,0.0001367,0.0002776,0.0002853,0.00029220.0002853,0.0002922
6e-07,3e-07,3e-07,0.0003217,0.0002599,0.0001349,0.0003573,0.000313,0.00032150.000313,0.0003215
4e-07,5e-07,3e-07,0.0004379,0.0003159,0.0001488,0.0003262,0.0003315,0.00029980.0003315,0.0002998
5e-07,4e-07,2e-07,0.0005151,0.0003859,0.0001758,0.0003169,0.0004319,0.00036570.0004319,0.0003657
6e-07,3e-07,2e-07,0.0002694,0.0002045,0.0001422,0.0002843,0.0005074,0.00036350.0005074,0.0003635
5e-07,3e-07,3e-07,0.000255,0.0002101,0.0001474,0.0002922,0.000305,0.00054110.000305,0.0005411
8e-07,3e-07,3e-07,0.0001998,0.0001867,0.0002287,0.0003069,0.0003113,0.0003130.0003113,0.000313
4e-07,3e-07,3e-07,0.0002801,0.000215,0.0001553,0.0003025,0.0003366,0.00035270.0003366,0.0003527
5e-07,3e-07,3e-07,0.000251,0.0001954,0.0001471,0.000337,0.0003254,0.00032370.0003254,0.0003237
5e-07,4e-07,3e-07,0.000247,0.0002206,0.0001462,0.0003095,0.0003067,0.00035340.0003067,0.0003534
5e-07,3e-07,3e-07,0.0002143,0.0001787,0.0001445,0.0003018,0.0003192,0.00033820.0003192,0.0003382
7e-07,3e-07,2e-07,0.0002609,0.0002119,0.0001478,0.0003039,0.0003074,0.00033410.0003074,0.0003341
5e-07,2e-07,3e-07,0.0002591,0.0002075,0.0001493,0.0003026,0.000321,0.0003120.000321,0.000312
5e-07,4e-07,3e-07,0.0002378,0.0001985,0.0001451,0.000298,0.0003001,0.00032220.0003001,0.0003222
5e-07,6e-07,3e-07,0.0002958,0.0002116,0.0001398,0.0002913,0.0003267,0.00049350.0003267,0.0004935
5e-07,3e-07,2e-07,0.0001999,0.0001796,0.0001416,0.0002907,0.0002913,0.00062480.0002913,0.0006248
5e-07,3e-07,3e-07,0.0001923,0.0002285,0.0002333,0.000302,0.000312,0.00029910.000312,0.0002991
5e-07,3e-07,3e-07,0.0004618,0.0003026,0.0001498,0.0003012,0.0003068,0.00030520.0003068,0.0003052
6e-07,4e-07,3e-07,0.0003746,0.0002986,0.0001486,0.0003348,0.0003223,0.00041970.0003223,0.0004197
6e-07,3e-07,3e-07,0.0002784,0.000226,0.0001368,0.0004455,0.0003467,0.00034620.0003467,0.0003462
4e-07,5e-07,3e-07,0.0003571,0.000248,0.0001666,0.0003087,0.0003008,0.00030970.0003008,0.0003097
4e-07,3e-07,3e-07,0.0002813,0.0002386,0.0001611,0.0003133,0.0003308,0.00031520.0003308,0.0003152
7e-07,3e-07,3e-07,0.0002251,0.0001873,0.000157,0.0003117,0.0003238,0.00030790.0003238,0.0003079
5e-07,3e-07,3e-07,0.0002201,0.0001848,0.0001524,0.0003093,0.0003126,0.0003290.0003126,0.000329
8e-07,3e-07,3e-07,0.0002416,0.0002095,0.0001514,0.0003063,0.0003623,0.00032650.0003623,0.0003265
5e-07,5e-07,3e-07,0.0002553,0.0002703,0.0001675,0.0003168,0.0003313,0.00031810.0003313,0.0003181
4e-07,5e-07,3e-07,0.0002819,0.0002222,0.0001557,0.0003101,0.000329,0.00031530.000329,0.0003153
6e-07,4e-07,3e-07,0.0004285,0.0002533,0.0001932,0.0003674,0.0003449,0.00035070.0003449,0.0003507
5e-07,3e-07,3e-07,0.0001961,0.0001691,0.0001544,0.0003099,0.0004674,0.00032430.0004674,0.0003243
8e-07,3e-07,3e-07,0.0002187,0.0001902,0.0001414,0.0002952,0.0003715,0.00033630.0003715,0.0003363
6e-07,3e-07,3e-07,0.0002349,0.0001977,0.0001491,0.0004929,0.000362,0.00031370.000362,0.0003137
4e-07,3e-07,3e-07,0.0002778,0.0002146,0.0001694,0.0003107,0.0003029,0.0002950.0003029,0.000295
5e-07,3e-07,3e-07,0.0003589,0.0002961,0.0001463,0.0002926,0.0004891,0.00033150.0004891,0.0003315
5e-07,4e-07,2e-07,0.0004575,0.000303,0.0001637,0.0003,0.0003055,0.00031030.0003055,0.0003103
6e-07,4e-07,3e-07,0.0003703,0.0002939,0.0001489,0.0003007,0.0003936,0.0003160.0003936,0.000316
4e-07,3e-07,3e-07,0.000357,0.000287,0.0001581,0.0003,0.0003,0.00034890.0003,0.0003489
5e-07,2e-07,3e-07,0.0002173,0.0001778,0.0001581,0.0003175,0.0003613,0.00031880.0003613,0.0003188
6e-07,3e-07,2e-07,0.0003045,0.0002478,0.000154,0.0003158,0.0003277,0.00034720.0003277,0.0003472
5e-07,3e-07,3e-07,0.0002278,0.0001957,0.0001565,0.0003659,0.0003308,0.00032920.0003308,0.0003292
6e-07,2e-07,3e-07,0.0002731,0.0002196,0.0001459,0.0003173,0.0003242,0.00039860.0003242,0.0003986
5e-07,6e-07,3e-07,0.0003958,0.0002956,0.000155,0.0003203,0.0004038,0.00036870.0004038,0.0003687
6e-07,3e-07,3e-07,0.0003461,0.000252,0.0001572,0.0003239,0.0003244,0.00035830.0003244,0.0003583
5e-07,4e-07,2e-07,0.000282,0.0002201,0.0001606,0.0003225,0.0003575,0.00033110.0003575,0.0003311
5e-07,3e-07,3e-07,0.0002941,0.0002215,0.0001475,0.0003086,0.000324,0.00042840.000324,0.0004284
5e-07,3e-07,3e-07,0.0002109,0.000191,0.0001524,0.0003844,0.0004056,0.00031010.0004056,0.0003101
5e-07,3e-07,3e-07,0.0002447,0.0001907,0.000196,0.0003088,0.000366,0.00031620.000366,0.0003162
5e-07,2e-07,3e-07,0.0002625,0.0002701,0.0001433,0.000309,0.000327,0.00037850.000327,0.0003785
5e-07,3e-07,3e-07,0.0005056,0.0004186,0.0001858,0.0003312,0.0003321,0.00033120.0003321,0.0003312
6e-07,5e-07,4e-07,0.0004519,0.0003461,0.0001643,0.0003535,0.0003493,0.00037260.0003493,0.0003726
6e-07,3e-07,3e-07,0.0002216,0.0001933,0.0001517,0.0004352,0.0003209,0.00032290.0003209,0.0003229
4e-07,7e-07,3e-07,0.0005607,0.0002995,0.0001517,0.0003102,0.0003319,0.00033790.0003319,0.0003379
6e-07,4e-07,3e-07,0.0003042,0.0002456,0.0001684,0.0003086,0.0003114,0.00041390.0003114,0.0004139
4e-07,3e-07,3e-07,0.0003422,0.0002306,0.0001582,0.0003563,0.0003236,0.00033580.0003236,0.0003358
5e-07,2e-07,2e-07,0.0002244,0.0001859,0.0001516,0.000309,0.0004777,0.00043970.0004777,0.0004397
5e-07,3e-07,3e-07,0.0002283,0.0001938,0.0001977,0.0003127,0.000324,0.00031630.000324,0.0003163
5e-07,3e-07,2e-07,0.0002391,0.0002067,0.0001504,0.0004692,0.0003238,0.00038730.0003238,0.0003873
4e-07,3e-07,2e-07,0.0003131,0.000242,0.0001561,0.0003153,0.0003395,0.00031960.0003395,0.0003196
6e-07,3e-07,3e-07,0.0002881,0.0002331,0.0001543,0.000314,0.000335,0.00032990.000335,0.0003299
4e-07,3e-07,3e-07,0.0002862,0.0002142,0.0002214,0.0003442,0.0003216,0.00032030.0003216,0.0003203
4e-07,3e-07,3e-07,0.0002781,0.0002202,0.0001589,0.0003211,0.0003552,0.000330.0003552,0.00033
5e-07,4e-07,3e-07,0.0002789,0.0002235,0.000151,0.0003691,0.0003406,0.00041660.0003406,0.0004166
6e-07,3e-07,3e-07,0.0002141,0.0003633,0.0002084,0.0003719,0.0003336,0.00037050.0003336,0.0003705
6e-07,3e-07,3e-07,0.0004723,0.0004048,0.0001671,0.0004256,0.0003873,0.00043950.0003873,0.0004395
6e-07,4e-07,3e-07,0.000509,0.0004304,0.0001738,0.0004403,0.000385,0.0003110.000385,0.000311
5e-07,2e-07,2e-07,0.0002174,0.0001878,0.0001553,0.0003117,0.0003982,0.00031890.0003982,0.0003189
5e-07,8e-07,2e-07,0.0004398,0.0003399,0.0001624,0.0003216,0.0003263,0.00037550.0003263,0.0003755
6e-07,3e-07,3e-07,0.0004592,0.0003027,0.0001583,0.0003198,0.0003668,0.00033950.0003668,0.0003395
4e-07,2e-07,3e-07,0.000219,0.0002016,0.0001543,0.000311,0.000313,0.00031770.000313,0.0003177
4e-07,3e-07,2e-07,0.0002651,0.0002822,0.0002245,0.0003927,0.000381,0.0003260.000381,0.000326
5e-07,3e-07,3e-07,0.0002749,0.0002251,0.000156,0.0003148,0.0003326,0.0003250.0003326,0.000325
5e-07,3e-07,3e-07,0.0003102,0.0003309,0.0001833,0.0003222,0.0003495,0.00046020.0003495,0.0004602
5e-07,3e-07,3e-07,0.000233,0.000194,0.0001571,0.0003173,0.0003344,0.00033080.0003344,0.0003308
4e-07,3e-07,2e-07,0.0002595,0.000218,0.0001571,0.0003189,0.0003481,0.00047650.0003481,0.0004765
5e-07,3e-07,3e-07,0.0003001,0.0002997,0.0001592,0.0003168,0.0003239,0.00033020.0003239,0.0003302
5e-07,3e-07,3e-07,0.0003096,0.0002442,0.0001589,0.0003201,0.0003242,0.00032960.0003242,0.0003296
5e-07,3e-07,3e-07,0.0002227,0.0002879,0.0003174,0.0004446,0.0004657,0.00043590.0004657,0.0004359
6e-07,2e-07,3e-07,0.0004015,0.0003353,0.0002478,0.00033,0.0003177,0.00041470.0003177,0.0004147
5e-07,4e-07,3e-07,0.0004364,0.0003369,0.000162,0.0004662,0.000358,0.00035210.000358,0.0003521
4e-07,3e-07,3e-07,0.0005231,0.0003748,0.0001615,0.0003712,0.0003294,0.00037910.0003294,0.0003791
4e-07,3e-07,2e-07,0.0003074,0.0002521,0.0001645,0.0003303,0.0003293,0.00033320.0003293,0.0003332
5e-07,3e-07,3e-07,0.000348,0.0002466,0.0001623,0.0003252,0.0003302,0.00032890.0003302,0.0003289
4e-07,3e-07,3e-07,0.0002664,0.0002212,0.0001604,0.0003232,0.0003302,0.00047490.0003302,0.0004749
4e-07,3e-07,2e-07,0.0003597,0.0002432,0.00018,0.0003416,0.0003832,0.00034460.0003832,0.0003446
5e-07,3e-07,3e-07,0.0002857,0.000232,0.0001669,0.0003777,0.0003939,0.00034830.0003939,0.0003483
5e-07,3e-07,3e-07,0.0003011,0.0002497,0.0001701,0.0003454,0.0003572,0.00036720.0003572,0.0003672
5e-07,3e-07,3e-07,0.0003139,0.0002349,0.0001585,0.0003256,0.0004146,0.00035410.0004146,0.0003541
5e-07,3e-07,3e-07,0.0002781,0.0002332,0.0001605,0.0003266,0.0003327,0.00034260.0003327,0.0003426
4e-07,3e-07,3e-07,0.0003244,0.0002294,0.0001611,0.0004012,0.0003601,0.00034730.0003601,0.0003473
4e-07,3e-07,3e-07,0.0003005,0.0002337,0.0001611,0.0003285,0.0003638,0.00044570.0003638,0.0004457
4e-07,4e-07,3e-07,0.0006828,0.0004317,0.0003364,0.0003896,0.0004461,0.00046490.0004461,0.0004649
5e-07,7e-07,2e-07,0.000476,0.0004096,0.0002096,0.0003412,0.0003439,0.00034930.0003439,0.0003493
4e-07,4e-07,2e-07,0.0005079,0.0003335,0.0002229,0.0004324,0.0004494,0.00037350.0004494,0.0003735
5e-07,4e-07,3e-07,0.000381,0.0002993,0.0001662,0.0003412,0.0003607,0.00036920.0003607,0.0003692
5e-07,2e-07,2e-07,0.0003629,0.0002114,0.0001634,0.0004773,0.0006284,0.00039580.0006284,0.0003958
5e-07,3e-07,3e-07,0.0002573,0.0002161,0.0001669,0.0003342,0.0003465,0.00033490.0003465,0.0003349
4e-07,2e-07,3e-07,0.0004224,0.000322,0.0001629,0.0003348,0.0003413,0.00036960.0003413,0.0003696
5e-07,2e-07,3e-07,0.0003016,0.0002467,0.0001668,0.0003348,0.0004907,0.00034230.0004907,0.0003423
6e-07,2e-07,3e-07,0.0003278,0.000268,0.0001657,0.0003359,0.0003473,0.00035210.0003473,0.0003521
5e-07,3e-07,3e-07,0.0004031,0.000411,0.0002128,0.0003407,0.0004301,0.00035130.0004301,0.0003513
5e-07,2e-07,3e-07,0.0003153,0.0002642,0.0001673,0.0003382,0.0003424,0.00035230.0003424,0.0003523
5e-07,3e-07,2e-07,0.0003403,0.0002716,0.0001675,0.0003389,0.0003625,0.00035860.0003625,0.0003586
4e-07,2e-07,3e-07,0.0002944,0.0002448,0.0001712,0.0003651,0.0004159,0.0003470.0004159,0.000347
7e-07,3e-07,2e-07,0.0003157,0.0002605,0.0002059,0.0003432,0.000504,0.0006370.000504,0.000637
5e-07,4e-07,3e-07,0.0003019,0.0002552,0.0001649,0.0003394,0.000352,0.00037780.000352,0.0003778
5e-07,3e-07,3e-07,0.0005272,0.0003799,0.0001736,0.0003424,0.0003614,0.00034350.0003614,0.0003435
5e-07,3e-07,2e-07,0.0004958,0.000445,0.000164,0.0003429,0.0004168,0.00040790.0004168,0.0004079
5e-07,3e-07,3e-07,0.0004714,0.0004321,0.0002247,0.0003693,0.0003699,0.00035550.0003699,0.0003555
6e-07,2e-07,2e-07,0.0003077,0.0002566,0.0001732,0.0004584,0.0005281,0.00062640.0005281,0.0006264
5e-07,3e-07,2e-07,0.0004302,0.0003767,0.0003385,0.0007214,0.0004685,0.00037110.0004685,0.0003711
5e-07,3e-07,2e-07,0.0002926,0.000241,0.0001722,0.0003457,0.00035,0.00039110.00035,0.0003911
4e-07,3e-07,2e-07,0.0003512,0.000255,0.0001732,0.000346,0.0003722,0.00034930.0003722,0.0003493
5e-07,3e-07,3e-07,0.0003433,0.0002887,0.0002016,0.0003809,0.0003775,0.00039840.0003775,0.0003984
5e-07,3e-07,3e-07,0.0003178,0.0002609,0.0001821,0.0003607,0.0003894,0.00040850.0003894,0.0004085
6e-07,3e-07,3e-07,0.0003491,0.0002877,0.0001802,0.000359,0.000365,0.0003660.000365,0.000366
5e-07,4e-07,3e-07,0.0003348,0.0002731,0.0001834,0.0003623,0.0004075,0.00037460.0004075,0.0003746
5e-07,3e-07,3e-07,0.0003302,0.0002759,0.000182,0.0003595,0.0004009,0.0003650.0004009,0.000365
6e-07,3e-07,3e-07,0.0005608,0.0004494,0.0004875,0.0004872,0.0005216,0.00037750.0005216,0.0003775
5e-07,3e-07,3e-07,0.0005229,0.0003933,0.0002202,0.0004941,0.000582,0.00060.000582,0.0006
5e-07,5e-07,3e-07,0.0005936,0.0004529,0.0001827,0.0003602,0.0003604,0.00036830.0003604,0.0003683
5e-07,3e-07,3e-07,0.0004449,0.000333,0.000192,0.0003686,0.0003706,0.00042820.0003706,0.0004282
5e-07,3e-07,3e-07,0.0002765,0.0002415,0.000198,0.0004591,0.0003883,0.00036180.0003883,0.0003618
6e-07,4e-07,3e-07,0.0004607,0.0003927,0.0002101,0.000401,0.0003662,0.00048970.0003662,0.0004897
7e-07,3e-07,2e-07,0.0003564,0.0002987,0.0001802,0.0004087,0.0003832,0.00036590.0003832,0.0003659
4e-07,3e-07,3e-07,0.000279,0.0002363,0.0001814,0.0003675,0.0003684,0.00037760.0003684,0.0003776
8e-07,3e-07,3e-07,0.0004684,0.0003745,0.0001862,0.0003701,0.0003724,0.00037130.0003724,0.0003713
4e-07,3e-07,3e-07,0.0002749,0.0002391,0.0001822,0.0003702,0.0003698,0.00038740.0003698,0.0003874
5e-07,3e-07,4e-07,0.0003197,0.0003835,0.0001869,0.0003715,0.0003792,0.00045730.0003792,0.0004573
4e-07,3e-07,2e-07,0.0002559,0.0002274,0.0001682,0.0003627,0.0004164,0.00050610.0004164,0.0005061
4e-07,2e-07,3e-07,0.0003109,0.000269,0.000181,0.0003642,0.0003657,0.00042510.0003657,0.0004251
5e-07,7e-07,2e-07,0.0005385,0.0004046,0.0001832,0.0003597,0.0003602,0.00047350.0003602,0.0004735
5e-07,3e-07,3e-07,0.0007381,0.0007911,0.000439,0.0007692,0.0004509,0.0004030.0004509,0.000403
5e-07,5e-07,5e-07,0.0005537,0.0003989,0.0001944,0.0003526,0.0004424,0.00036960.0004424,0.0003696
4e-07,5e-07,3e-07,0.0003493,0.0003679,0.0002057,0.0003688,0.0004254,0.00035250.0004254,0.0003525
5e-07,3e-07,3e-07,0.0003674,0.0002931,0.0001759,0.0003561,0.0004057,0.00046440.0004057,0.0004644
4e-07,4e-07,3e-07,0.000415,0.0003401,0.0001767,0.000354,0.000369,0.00036690.000369,0.0003669
5e-07,7e-07,3e-07,0.0004279,0.0003367,0.00019,0.0003794,0.0004163,0.00041220.0004163,0.0004122
4e-07,4e-07,3e-07,0.0003623,0.0002808,0.0001793,0.0003719,0.0004064,0.0004190.0004064,0.000419
5e-07,8e-07,3e-07,0.0004393,0.0003515,0.00019,0.0003739,0.0003786,0.00037580.0003786,0.0003758
5e-07,3e-07,3e-07,0.0003566,0.0003295,0.0001801,0.0003722,0.0004096,0.0004490.0004096,0.000449
5e-07,3e-07,2e-07,0.0003252,0.000269,0.0001781,0.0004057,0.0004121,0.00043330.0004121,0.0004333
4e-07,5e-07,3e-07,0.0003494,0.0002707,0.0001844,0.0003721,0.0004353,0.00045850.0004353,0.0004585
5e-07,2e-07,3e-07,0.0003357,0.0002736,0.0001863,0.0003725,0.0003941,0.00037770.0003941,0.0003777
5e-07,8e-07,3e-07,0.0005548,0.0004618,0.0001916,0.0003988,0.0005279,0.00054220.0005279,0.0005422
5e-07,7e-07,3e-07,0.000812,0.0007221,0.0003632,0.0004313,0.0005363,0.00037780.0005363,0.0003778
4e-07,3e-07,3e-07,0.0004016,0.0003597,0.0001815,0.000361,0.0003704,0.00036680.0003704,0.0003668
4e-07,3e-07,2e-07,0.0004078,0.0002884,0.0001802,0.0003583,0.0003923,0.00037380.0003923,0.0003738
5e-07,2e-07,3e-07,0.000327,0.0003658,0.0001965,0.0003589,0.0005217,0.00038260.0005217,0.0003826
6e-07,3e-07,3e-07,0.0003205,0.0002773,0.0002307,0.0004496,0.000383,0.00042540.000383,0.0004254
5e-07,3e-07,3e-07,0.0003267,0.0002742,0.0001787,0.0003749,0.0004895,0.00046610.0004895,0.0004661
5e-07,3e-07,3e-07,0.0003383,0.0002869,0.0001899,0.0003811,0.0003925,0.0004270.0003925,0.000427
5e-07,3e-07,3e-07,0.0003749,0.0003118,0.0001918,0.0003842,0.0003844,0.00039430.0003844,0.0003943
5e-07,2e-07,3e-07,0.000446,0.0003519,0.0001927,0.0003829,0.0004179,0.00039330.0004179,0.0003933
5e-07,3e-07,2e-07,0.0003533,0.000294,0.0001902,0.0003845,0.0003887,0.00040650.0003887,0.0004065
5e-07,3e-07,2e-07,0.000437,0.0003286,0.0001883,0.0003837,0.0003889,0.00041950.0003889,0.0004195
5e-07,3e-07,3e-07,0.0005739,0.0004732,0.0002107,0.0003982,0.0004673,0.00041930.0004673,0.0004193
4e-07,3e-07,2e-07,0.0004747,0.0003703,0.0001914,0.0004124,0.000475,0.00070090.000475,0.0007009
4e-07,2e-07,2e-07,0.0003742,0.0003151,0.0001987,0.0004886,0.0004809,0.00038760.0004809,0.0003876
4e-07,4e-07,2e-07,0.0003761,0.0003044,0.0001827,0.0003993,0.0004232,0.00042380.0004232,0.0004238
4e-07,3e-07,4e-07,0.0003589,0.0003952,0.000226,0.0003673,0.0004414,0.00039450.0004414,0.0003945
4e-07,3e-07,3e-07,0.0004407,0.0003523,0.0001926,0.0003692,0.0004072,0.00044930.0004072,0.0004493
4e-07,5e-07,3e-07,0.0005165,0.0003864,0.0002034,0.0003921,0.0004321,0.00042670.0004321,0.0004267
5e-07,4e-07,3e-07,0.0003999,0.0003581,0.0001932,0.0003849,0.0003935,0.00043380.0003935,0.0004338
4e-07,4e-07,4e-07,0.0004581,0.0004684,0.0002029,0.0003865,0.0004109,0.0004180.0004109,0.000418
4e-07,6e-07,3e-07,0.0003861,0.0003762,0.0002372,0.0003892,0.0004062,0.00042810.0004062,0.0004281
5e-07,3e-07,3e-07,0.0003935,0.0003312,0.0002011,0.0003906,0.0004114,0.00042050.0004114,0.0004205
4e-07,3e-07,3e-07,0.0003471,0.0002766,0.0001827,0.0003723,0.0004085,0.00039610.0004085,0.0003961
5e-07,6e-07,3e-07,0.0005522,0.0004002,0.0002005,0.0003945,0.0004674,0.00040050.0004674,0.0004005
7e-07,4e-07,3e-07,0.0005012,0.0004141,0.0001889,0.0004637,0.0004287,0.00037690.0004287,0.0003769
5e-07,3e-07,3e-07,0.0007578,0.0005954,0.0005473,0.0004062,0.0003893,0.00038710.0003893,0.0003871
5e-07,3e-07,3e-07,0.0004147,0.0003426,0.0001887,0.0003721,0.0003755,0.00037810.0003755,0.0003781
4e-07,4e-07,3e-07,0.0003738,0.0003117,0.0001887,0.0003724,0.0003801,0.00037660.0003801,0.0003766
5e-07,5e-07,3e-07,0.0003628,0.0002944,0.0001982,0.0003893,0.0004369,0.00039050.0004369,0.0003905
4e-07,4e-07,2e-07,0.0003633,0.000303,0.0001969,0.0003895,0.0003919,0.00039460.0003919,0.0003946
5e-07,3e-07,3e-07,0.0004074,0.0003274,0.0001978,0.0003929,0.0004082,0.00040310.0004082,0.0004031
6e-07,3e-07,3e-07,0.0003929,0.0003207,0.0001961,0.0003924,0.0003975,0.00039820.0003975,0.0003982
5e-07,3e-07,3e-07,0.0003605,0.000307,0.0001992,0.0003899,0.0004361,0.00041240.0004361,0.0004124
5e-07,2e-07,3e-07,0.0004011,0.000311,0.0001978,0.0003894,0.0004587,0.00039560.0004587,0.0003956
5e-07,3e-07,3e-07,0.0004509,0.0003547,0.0001839,0.0003729,0.0004645,0.00053750.0004645,0.0005375
6e-07,3e-07,3e-07,0.0005116,0.0004102,0.0002168,0.0003902,0.0004597,0.00039670.0004597,0.0003967
5e-07,6e-07,3e-07,0.0005057,0.0006228,0.0002018,0.0003733,0.0003807,0.00036740.0003807,0.0003674
5e-07,1e-06,2e-07,0.0004966,0.0003909,0.0001941,0.000379,0.0004205,0.00046370.0004205,0.0004637
6e-07,4e-07,3e-07,0.000417,0.0003227,0.0001904,0.0003812,0.0004693,0.00039710.0004693,0.0003971
5e-07,3e-07,2e-07,0.0003576,0.0003594,0.0002423,0.0003806,0.0004633,0.00041470.0004633,0.0004147
5e-07,3e-07,3e-07,0.0003312,0.0002838,0.0002114,0.0004171,0.0004701,0.00040250.0004701,0.0004025
4e-07,3e-07,3e-07,0.000339,0.0003401,0.000222,0.0004108,0.0004754,0.00039310.0004754,0.0003931
5e-07,3e-07,2e-07,0.0004121,0.0003297,0.0002366,0.0003959,0.0004355,0.00041670.0004355,0.0004167
5e-07,3e-07,2e-07,0.000422,0.0003024,0.0002158,0.0003849,0.0004405,0.00039610.0004405,0.0003961
5e-07,3e-07,2e-07,0.0003863,0.0003147,0.0001937,0.0003859,0.0004064,0.0003950.0004064,0.000395
4e-07,3e-07,3e-07,0.000377,0.0003107,0.0001956,0.0003865,0.0004074,0.00038570.0004074,0.0003857
5e-07,4e-07,3e-07,0.0005672,0.0004714,0.0002019,0.0004123,0.0004068,0.00044130.0004068,0.0004413
5e-07,4e-07,3e-07,0.0005689,0.0005787,0.0002996,0.0004426,0.0004486,0.00043650.0004486,0.0004365
5e-07,3e-07,3e-07,0.0006423,0.0005773,0.0003628,0.0006617,0.000452,0.00039640.000452,0.0003964
5e-07,3e-07,3e-07,0.0005044,0.0004189,0.0002091,0.000415,0.0004334,0.00041450.0004334,0.0004145
5e-07,3e-07,3e-07,0.000388,0.0004784,0.0002015,0.0003851,0.0003886,0.00042530.0003886,0.0004253
4e-07,3e-07,3e-07,0.0003322,0.0002782,0.0001877,0.0004047,0.0004099,0.00050010.0004099,0.0005001
4e-07,4e-07,3e-07,0.0003659,0.0003115,0.0002059,0.0004241,0.0004354,0.00041270.0004354,0.0004127
5e-07,6e-07,3e-07,0.0004699,0.0004022,0.0002113,0.0004154,0.0004218,0.00042180.0004218,0.0004218
6e-07,5e-07,3e-07,0.0003782,0.0003252,0.0002642,0.0004426,0.0004257,0.00042810.0004257,0.0004281
4e-07,3e-07,3e-07,0.0003548,0.0002879,0.0001976,0.0004011,0.0004405,0.00043910.0004405,0.0004391
5e-07,3e-07,3e-07,0.0003576,0.0002993,0.0001989,0.0004003,0.0004225,0.00042670.0004225,0.0004267
4e-07,3e-07,2e-07,0.000378,0.0003148,0.0001963,0.0003879,0.0004057,0.00038840.0004057,0.0003884
4e-07,3e-07,3e-07,0.0003538,0.0002938,0.0001943,0.0003864,0.0005233,0.00041180.0005233,0.0004118
5e-07,3e-07,3e-07,0.0005781,0.0005927,0.0002095,0.0003921,0.0003998,0.00041140.0003998,0.0004114
5e-07,3e-07,3e-07,0.00058,0.000448,0.0001981,0.0003918,0.0004807,0.00082870.0004807,0.0008287
5e-07,3e-07,2e-07,0.0006865,0.000478,0.0002321,0.0005466,0.0004467,0.00043640.0004467,0.0004364
5e-07,2e-07,2e-07,0.000423,0.0003484,0.0001887,0.000394,0.0004044,0.00046670.0004044,0.0004667
7e-07,3e-07,3e-07,0.0003825,0.0003323,0.0002006,0.0003942,0.0005246,0.00040630.0005246,0.0004063
4e-07,3e-07,3e-07,0.0002849,0.0002514,0.0001957,0.0004243,0.0005318,0.00040010.0005318,0.0004001
5e-07,3e-07,3e-07,0.0004832,0.0004041,0.0002006,0.000397,0.0004014,0.00041820.0004014,0.0004182
5e-07,2e-07,2e-07,0.000409,0.0003314,0.0001999,0.0003965,0.0004182,0.00041790.0004182,0.0004179
5e-07,3e-07,3e-07,0.0003503,0.0002958,0.000235,0.0003995,0.0004932,0.00049370.0004932,0.0004937
5e-07,3e-07,2e-07,0.0004789,0.0004091,0.0003162,0.000474,0.000444,0.00041210.000444,0.0004121
5e-07,2e-07,3e-07,0.0004195,0.0003219,0.0002254,0.0003969,0.0004278,0.00045720.0004278,0.0004572
5e-07,8e-07,3e-07,0.0005546,0.0004351,0.0002102,0.000407,0.000443,0.00048250.000443,0.0004825
8e-07,8e-07,3e-07,0.0006158,0.0005151,0.00021,0.0004111,0.0004205,0.00042210.0004205,0.0004221
4e-07,3e-07,2e-07,0.0004999,0.0006274,0.000478,0.0007391,0.000626,0.00054470.000626,0.0005447
5e-07,4e-07,3e-07,0.0007143,0.0004879,0.0002103,0.0004203,0.0004243,0.00044470.0004243,0.0004447
4e-07,4e-07,3e-07,0.0004159,0.0003402,0.0002099,0.0004459,0.000467,0.00042360.000467,0.0004236
4e-07,5e-07,3e-07,0.0005949,0.0004388,0.0002081,0.0004223,0.0004217,0.0004450.0004217,0.000445
5e-07,3e-07,3e-07,0.0004385,0.0003572,0.0002143,0.0004201,0.0004613,0.00052880.0004613,0.0005288
4e-07,3e-07,3e-07,0.0003103,0.0003089,0.0002288,0.000423,0.0004222,0.00043560.0004222,0.0004356
5e-07,3e-07,3e-07,0.0003782,0.0003209,0.0002084,0.0004137,0.0004918,0.0004270.0004918,0.000427
5e-07,4e-07,3e-07,0.0005091,0.0004051,0.0002142,0.0004704,0.000453,0.00054960.000453,0.0005496
5e-07,3e-07,3e-07,0.0003945,0.0004122,0.0002148,0.0004127,0.0004688,0.0004270.0004688,0.000427
4e-07,8e-07,2e-07,0.0005916,0.000494,0.0002076,0.0004016,0.0004049,0.00040080.0004049,0.0004008
6e-07,3e-07,3e-07,0.0006124,0.0004625,0.0002453,0.0004354,0.0004202,0.00046080.0004202,0.0004608
5e-07,3e-07,3e-07,0.0005305,0.0004272,0.000202,0.0004048,0.0004305,0.00073620.0004305,0.0007362
5e-07,3e-07,2e-07,0.0004527,0.0005687,0.0003689,0.0004586,0.0004901,0.0004060.0004901,0.000406
5e-07,5e-07,3e-07,0.0005212,0.0003812,0.0002026,0.0004113,0.0004107,0.00044460.0004107,0.0004446
5e-07,4e-07,3e-07,0.0003813,0.0003266,0.0001884,0.0004889,0.0004202,0.00049350.0004202,0.0004935
4e-07,4e-07,3e-07,0.0004096,0.0003401,0.0002555,0.0004045,0.0004315,0.00043740.0004315,0.0004374
4e-07,3e-07,4e-07,0.0003588,0.0003414,0.0002061,0.0004081,0.000422,0.00057730.000422,0.0005773
5e-07,3e-07,3e-07,0.0004705,0.0003265,0.0002039,0.0004098,0.0004292,0.00102730.0004292,0.0010273
5e-07,5e-07,3e-07,0.0006683,0.0004011,0.0002451,0.000414,0.0004664,0.00054510.0004664,0.0005451
4e-07,4e-07,2e-07,0.0005065,0.0003211,0.0002017,0.0004444,0.000483,0.00043580.000483,0.0004358
4e-07,6e-07,3e-07,0.0004082,0.0003396,0.0002063,0.0005035,0.0004613,0.00044360.0004613,0.0004436
5e-07,3e-07,3e-07,0.0005967,0.0005208,0.0002067,0.0004067,0.0004182,0.00042180.0004182,0.0004218
6e-07,6e-07,2e-07,0.0005583,0.0004575,0.0003156,0.0007468,0.0006243,0.00044740.0006243,0.0004474
5e-07,3e-07,2e-07,0.0005445,0.0003853,0.0002091,0.0004085,0.0004559,0.0004130.0004559,0.000413
5e-07,4e-07,3e-07,0.0004249,0.0003931,0.0002476,0.0004097,0.0004914,0.00040530.0004914,0.0004053
4e-07,3e-07,3e-07,0.0004396,0.0003347,0.0002438,0.000414,0.0004291,0.00042680.0004291,0.0004268
6e-07,3e-07,3e-07,0.0003402,0.0002939,0.0002026,0.0004164,0.0005032,0.00046350.0005032,0.0004635
4e-07,3e-07,3e-07,0.0004835,0.0003484,0.0002051,0.0004107,0.0004107,0.00043530.0004107,0.0004353
7e-07,4e-07,3e-07,0.0006138,0.000758,0.0004219,0.0007172,0.0005232,0.00042410.0005232,0.0004241
4e-07,4e-07,3e-07,0.0005209,0.0004263,0.0002126,0.000486,0.000515,0.00044410.000515,0.0004441
5e-07,4e-07,3e-07,0.0004455,0.0003476,0.0002069,0.0004175,0.00044,0.00059970.00044,0.0005997
6e-07,3e-07,3e-07,0.0004361,0.0003647,0.0002255,0.0005661,0.0004848,0.00044480.0004848,0.0004448
5e-07,4e-07,3e-07,0.0006851,0.0005927,0.0002387,0.0004635,0.0004898,0.00046710.0004898,0.0004671
5e-07,4e-07,3e-07,0.000523,0.0004388,0.000212,0.0004155,0.0004176,0.00041780.0004176,0.0004178
5e-07,3e-07,3e-07,0.000616,0.0003771,0.000324,0.0004158,0.0004236,0.00044570.0004236,0.0004457
4e-07,3e-07,3e-07,0.000423,0.0003567,0.0002112,0.0004163,0.0004196,0.00048580.0004196,0.0004858
5e-07,3e-07,2e-07,0.0005688,0.0004176,0.0002072,0.0004423,0.0004233,0.00047220.0004233,0.0004722
5e-07,3e-07,3e-07,0.0004685,0.0003827,0.0002074,0.0004176,0.0004883,0.00052550.0004883,0.0005255
4e-07,5e-07,3e-07,0.0004878,0.000372,0.0002252,0.000453,0.0004622,0.00041560.0004622,0.0004156
4e-07,2e-07,2e-07,0.0003773,0.0003247,0.000207,0.0004187,0.0004223,0.00061940.0004223,0.0006194
5e-07,3e-07,3e-07,0.0003982,0.0004062,0.0002101,0.0004155,0.0004327,0.00043960.0004327,0.0004396
4e-07,2e-07,3e-07,0.0003932,0.0003364,0.0002121,0.0004183,0.0004244,0.00053690.0004244,0.0005369
4e-07,2e-07,2e-07,0.0005494,0.0003572,0.0002622,0.0004409,0.0005553,0.00046050.0005553,0.0004605
5e-07,5e-07,3e-07,0.0006044,0.000531,0.0002272,0.0004451,0.0004617,0.00047560.0004617,0.0004756
5e-07,3e-07,3e-07,0.0005745,0.0007679,0.0004829,0.0007874,0.0004759,0.00042420.0004759,0.0004242
5e-07,3e-07,3e-07,0.0004874,0.0003616,0.000214,0.0004202,0.000526,0.00052690.000526,0.0005269
5e-07,4e-07,3e-07,0.0004564,0.0002909,0.0002182,0.0004275,0.0005095,0.00045820.0005095,0.0004582
5e-07,5e-07,3e-07,0.0004549,0.0003592,0.0002173,0.000518,0.0006047,0.00063020.0006047,0.0006302
6e-07,3e-07,3e-07,0.0004457,0.0003733,0.0002089,0.0004197,0.0004201,0.00045350.0004201,0.0004535
4e-07,3e-07,3e-07,0.0003478,0.0003037,0.0003236,0.0004561,0.0004463,0.00043630.0004463,0.0004363
4e-07,3e-07,2e-07,0.0005953,0.0005506,0.0002538,0.0005238,0.0005268,0.00057270.0005268,0.0005727
5e-07,6e-07,2e-07,0.0006446,0.0005298,0.0002388,0.0004567,0.0004855,0.00049040.0004855,0.0004904
4e-07,3e-07,3e-07,0.0004833,0.0003963,0.0002172,0.0004264,0.0004338,0.00042140.0004338,0.0004214
4e-07,3e-07,3e-07,0.0007905,0.000615,0.0002682,0.0004688,0.0004941,0.00047470.0004941,0.0004747
6e-07,9e-07,3e-07,0.0006003,0.0005612,0.0004243,0.0004477,0.0005572,0.00045170.0005572,0.0004517
5e-07,3e-07,3e-07,0.0005814,0.0004962,0.0002239,0.0004291,0.0004291,0.00050390.0004291,0.0005039
5e-07,7e-07,2e-07,0.0006888,0.0005418,0.0002247,0.0004503,0.0004415,0.00054660.0004415,0.0005466
4e-07,3e-07,3e-07,0.0005749,0.0004672,0.0002219,0.0004349,0.0004371,0.00043690.0004371,0.0004369
5e-07,3e-07,3e-07,0.0004765,0.0004892,0.0002365,0.0004326,0.0004488,0.00043350.0004488,0.0004335
5e-07,4e-07,3e-07,0.0005005,0.0003827,0.0002359,0.0004331,0.0005668,0.00047740.0005668,0.0004774
4e-07,4e-07,3e-07,0.0004554,0.0003571,0.0002272,0.0004437,0.0005428,0.00046790.0005428,0.0004679
4e-07,3e-07,3e-07,0.0004355,0.0003523,0.0002301,0.000431,0.0005073,0.00046880.0005073,0.0004688
5e-07,2e-07,3e-07,0.0005819,0.0004843,0.0002228,0.0005285,0.0004368,0.00062120.0004368,0.0006212
4e-07,4e-07,3e-07,0.0004891,0.0005282,0.00042,0.000603,0.0007393,0.00062750.0007393,0.0006275
5e-07,7e-07,3e-07,0.0007595,0.0006234,0.0002515,0.0005667,0.0006025,0.00053860.0006025,0.0005386
5e-07,3e-07,3e-07,0.0006194,0.0004866,0.0002168,0.0004355,0.0004455,0.00057170.0004455,0.0005717
6e-07,6e-07,3e-07,0.0007259,0.0005516,0.0002354,0.0004642,0.0004883,0.00054250.0004883,0.0005425
5e-07,2e-07,3e-07,0.0006811,0.0004858,0.0002279,0.0004365,0.0004432,0.00043950.0004432,0.0004395
5e-07,3e-07,3e-07,0.0005741,0.0005658,0.0002599,0.0004394,0.0004452,0.00045440.0004452,0.0004544
6e-07,2e-07,3e-07,0.0005011,0.0004284,0.0002367,0.0005147,0.0004827,0.0004680.0004827,0.000468
4e-07,3e-07,3e-07,0.0006813,0.0005708,0.0003123,0.0006337,0.0005713,0.00048960.0005713,0.0004896
4e-07,5e-07,3e-07,0.0006013,0.0005111,0.0002345,0.0005218,0.0005236,0.00047630.0005236,0.0004763
4e-07,3e-07,3e-07,0.0004861,0.0004077,0.0002247,0.0004552,0.0004568,0.00054840.0004568,0.0005484
5e-07,8e-07,3e-07,0.0007741,0.0007386,0.0003303,0.0008325,0.0017503,0.00093950.0017503,0.0009395
5e-07,7e-07,3e-07,0.0006651,0.0005885,0.0002487,0.0005167,0.0005807,0.00054340.0005807,0.0005434
5e-07,3e-07,3e-07,0.0005767,0.0004877,0.000236,0.0004578,0.0004613,0.00047040.0004613,0.0004704
6e-07,5e-07,3e-07,0.000574,0.0004272,0.0002448,0.0004575,0.0005434,0.00046060.0005434,0.0004606
6e-07,3e-07,3e-07,0.0004308,0.0004728,0.0002556,0.0004631,0.0004588,0.0004740.0004588,0.000474
6e-07,6e-07,3e-07,0.0007178,0.0006001,0.0002453,0.0004951,0.0004666,0.00045310.0004666,0.0004531
5e-07,2e-07,3e-07,0.0007523,0.0006799,0.000386,0.0004775,0.0004518,0.00053240.0004518,0.0005324
5e-07,3e-07,3e-07,0.0004963,0.0004845,0.0002355,0.0005301,0.0004707,0.00046380.0004707,0.0004638
5e-07,3e-07,3e-07,0.0004986,0.0004173,0.0002524,0.000564,0.0004741,0.00049570.0004741,0.0004957
4e-07,3e-07,3e-07,0.0004967,0.0004152,0.0002207,0.00055,0.0007705,0.00073060.0007705,0.0007306
5e-07,7e-07,3e-07,0.0005974,0.0005064,0.0003162,0.0007526,0.0005231,0.00051530.0005231,0.0005153
7e-07,5e-07,3e-07,0.0007865,0.0005738,0.0002329,0.0004373,0.0004579,0.00044760.0004579,0.0004476
5e-07,3e-07,3e-07,0.000832,0.0008807,0.0003521,0.0004741,0.0004592,0.00046350.0004592,0.0004635
7e-07,7e-07,2e-07,0.0006157,0.0004832,0.0002694,0.0004498,0.0004513,0.00045130.0004513,0.0004513
4e-07,4e-07,3e-07,0.00045,0.0003893,0.0002304,0.0005203,0.0005214,0.00049260.0005214,0.0004926
8e-07,3e-07,3e-07,0.0004655,0.0003987,0.0002306,0.0004473,0.0004572,0.00048570.0004572,0.0004857
5e-07,3e-07,3e-07,0.0006007,0.0005526,0.0003026,0.0004544,0.0005029,0.00048390.0005029,0.0004839
5e-07,3e-07,2e-07,0.0004936,0.0003864,0.000234,0.0004618,0.0004564,0.00044720.0004564,0.0004472
4e-07,2e-07,2e-07,0.0005504,0.0004175,0.0002704,0.0004875,0.0004681,0.0004690.0004681,0.000469
5e-07,3e-07,3e-07,0.0004167,0.000364,0.0002235,0.0005031,0.0004601,0.00049060.0004601,0.0004906
5e-07,5e-07,3e-07,0.0006333,0.0006158,0.000272,0.0005249,0.0004922,0.0004560.0004922,0.000456
6e-07,3e-07,3e-07,0.0007059,0.0006528,0.0003224,0.0004752,0.0005152,0.00047850.0005152,0.0004785
5e-07,2e-07,3e-07,0.0004653,0.0004641,0.0002853,0.0004533,0.0004647,0.00066770.0004647,0.0006677
4e-07,4e-07,3e-07,0.0005175,0.0004216,0.0003361,0.0005338,0.0004545,0.00044980.0004545,0.0004498
5e-07,8e-07,3e-07,0.0005621,0.000524,0.0003406,0.0005732,0.0005188,0.00046880.0005188,0.0004688
5e-07,3e-07,2e-07,0.0004356,0.0003724,0.000229,0.0005153,0.0005833,0.00050030.0005833,0.0005003
4e-07,5e-07,3e-07,0.0005496,0.000443,0.0002337,0.0005863,0.0005661,0.00050770.0005661,0.0005077
4e-07,6e-07,2e-07,0.000483,0.0004102,0.000289,0.0005692,0.0004719,0.00045320.0004719,0.0004532
5e-07,3e-07,3e-07,0.0004125,0.0003605,0.000227,0.0004502,0.0005933,0.00048560.0005933,0.0004856
5e-07,6e-07,3e-07,0.0007407,0.0006461,0.0002435,0.000457,0.0005847,0.00049810.0005847,0.0004981
4e-07,3e-07,3e-07,0.0004473,0.0003674,0.0002304,0.0004549,0.0006117,0.00088270.0006117,0.0008827
5e-07,2e-07,2e-07,0.000615,0.000533,0.0002319,0.0006821,0.0005219,0.0007440.0005219,0.000744
6e-07,1.2e-06,3e-07,0.0007259,0.0005793,0.0002358,0.0004642,0.0004717,0.00050420.0004717,0.0005042
4e-07,3e-07,2e-07,0.0004915,0.0003954,0.0003199,0.0004535,0.0004735,0.00045110.0004735,0.0004511
5e-07,2e-07,3e-07,0.0005693,0.0003883,0.0003603,0.0006032,0.0004753,0.00050750.0004753,0.0005075
5e-07,4e-07,3e-07,0.0004877,0.0004451,0.0002362,0.0004544,0.0004587,0.00045330.0004587,0.0004533
5e-07,3e-07,2e-07,0.0006072,0.0004853,0.0002419,0.0004586,0.0004745,0.00046220.0004745,0.0004622
5e-07,3e-07,2e-07,0.0006859,0.0004934,0.0002366,0.0005733,0.0005217,0.00052650.0005217,0.0005265
4e-07,3e-07,2e-07,0.0004724,0.0004377,0.0002341,0.0004532,0.000464,0.00044880.000464,0.0004488
4e-07,2e-07,3e-07,0.0004713,0.0004769,0.0002323,0.000452,0.000463,0.00047610.000463,0.0004761
5e-07,6e-07,5e-07,0.0009764,0.0006477,0.000319,0.0006615,0.0004853,0.00054430.0004853,0.0005443
4e-07,7e-07,2e-07,0.0006608,0.000562,0.0002764,0.0004585,0.0005959,0.0005150.0005959,0.000515
6e-07,3e-07,3e-07,0.0005923,0.0005154,0.0002327,0.0007795,0.0009334,0.00077350.0009334,0.0007735
1.97e-05,5e-07,3e-07,0.0005624,0.0004786,0.000239,0.0004611,0.000536,0.00050650.000536,0.0005065
4e-07,4e-07,3e-07,0.0005869,0.0005904,0.0002852,0.0004647,0.0004836,0.00050970.0004836,0.0005097
5e-07,3e-07,3e-07,0.0006004,0.0004777,0.0002925,0.0004563,0.0004593,0.00045320.0004593,0.0004532
6e-07,3e-07,3e-07,0.0005418,0.0004246,0.0002252,0.000461,0.0004761,0.00054650.0004761,0.0005465
4e-07,3e-07,3e-07,0.0004917,0.0003874,0.0002366,0.0004629,0.0004623,0.00046310.0004623,0.0004631
5e-07,3e-07,3e-07,0.0005857,0.0003952,0.0002344,0.0004561,0.0004781,0.00047030.0004781,0.0004703
6e-07,5e-07,3e-07,0.0006352,0.0005318,0.0002351,0.0004584,0.0005633,0.00054440.0005633,0.0005444
5e-07,3e-07,3e-07,0.0006121,0.000611,0.0003839,0.0007596,0.0008641,0.00061610.0008641,0.0006161
5e-07,3e-07,2e-07,0.0007089,0.0005662,0.0002459,0.0004609,0.000462,0.00046440.000462,0.0004644
5e-07,3e-07,3e-07,0.0005678,0.000447,0.0002334,0.0004619,0.0004747,0.00049970.0004747,0.0004997
7e-07,5e-07,3e-07,0.0006438,0.000529,0.0002493,0.0004839,0.0005874,0.00076810.0005874,0.0007681
8e-07,6e-07,3e-07,0.0005793,0.0004752,0.0002888,0.0005447,0.0005079,0.00049790.0005079,0.0004979
5e-07,3e-07,2e-07,0.000566,0.0004583,0.0002597,0.0005364,0.0004986,0.00049860.0004986,0.0004986
5e-07,3e-07,3e-07,0.0005411,0.0004506,0.0002512,0.000494,0.0007345,0.00054840.0007345,0.0005484
4e-07,4e-07,3e-07,0.0005389,0.0004274,0.0002564,0.0004968,0.0005713,0.00050050.0005713,0.0005005
4e-07,3e-07,3e-07,0.0004848,0.0004175,0.0002406,0.0004707,0.0004715,0.00055320.0004715,0.0005532
4e-07,2e-07,3e-07,0.0004876,0.0004051,0.0002418,0.0004699,0.0005902,0.0007430.0005902,0.000743
6e-07,8e-07,3e-07,0.0008479,0.0007022,0.0003292,0.0005147,0.0005058,0.00049330.0005058,0.0004933
5e-07,3e-07,3e-07,0.0006864,0.0006119,0.0002489,0.0005083,0.0005556,0.00059020.0005556,0.0005902
4e-07,3e-07,3e-07,0.0005796,0.0004919,0.0002381,0.0005933,0.0005124,0.00049750.0005124,0.0004975
4e-07,3e-07,2e-07,0.0004573,0.0004023,0.000299,0.0005042,0.000612,0.00049540.000612,0.0004954
4e-07,3e-07,3e-07,0.0006025,0.0004111,0.0002926,0.0004667,0.0004785,0.0006110.0004785,0.000611
5e-07,4e-07,3e-07,0.0005475,0.0004348,0.0002455,0.0004824,0.0004684,0.00047050.0004684,0.0004705
5e-07,3e-07,3e-07,0.0004724,0.0004102,0.0002442,0.0004718,0.0004892,0.00049520.0004892,0.0004952
4e-07,3e-07,3e-07,0.0004718,0.0004035,0.0002411,0.000475,0.0005666,0.00094140.0005666,0.0009414
5e-07,3e-07,2e-07,0.0005086,0.0004398,0.000247,0.0005471,0.0005255,0.00052560.0005255,0.0005256
6e-07,7e-07,3e-07,0.0007759,0.0006364,0.0003106,0.0005407,0.000537,0.00050980.000537,0.0005098
4e-07,3e-07,3e-07,0.0005516,0.0004596,0.000234,0.0004676,0.0004936,0.00063610.0004936,0.0006361
4e-07,2e-07,3e-07,0.0004581,0.0003868,0.00024,0.0004766,0.0006462,0.00051120.0006462,0.0005112
4e-07,3e-07,3e-07,0.0004952,0.000433,0.0002417,0.0009854,0.0009442,0.00052690.0009442,0.0005269
4e-07,5e-07,3e-07,0.0005186,0.0004764,0.0002503,0.0005055,0.0004837,0.00048340.0004837,0.0004834
5e-07,2e-07,2e-07,0.0005055,0.0004264,0.0002444,0.000479,0.000486,0.00047860.000486,0.0004786
5e-07,3e-07,3e-07,0.000619,0.000478,0.0002554,0.0004723,0.000486,0.00057460.000486,0.0005746
4e-07,5e-07,2e-07,0.0005459,0.0004442,0.0002462,0.0005722,0.0005181,0.00047810.0005181,0.0004781
4e-07,4e-07,3e-07,0.0004523,0.0003647,0.0003926,0.0004979,0.0005749,0.00048990.0005749,0.0004899
5e-07,4e-07,3e-07,0.0005742,0.0008125,0.0004436,0.0006665,0.0006242,0.00063760.0006242,0.0006376
5e-07,6e-07,2e-07,0.0007029,0.0006927,0.0003836,0.0004934,0.0004992,0.00052440.0004992,0.0005244
6e-07,4e-07,3e-07,0.0006032,0.000472,0.0002386,0.0004828,0.0005755,0.00055480.0005755,0.0005548
6e-07,3e-07,3e-07,0.0004893,0.0004234,0.0002483,0.0004834,0.0006303,0.00055150.0006303,0.0005515
5e-07,3e-07,3e-07,0.0004984,0.0004384,0.0002459,0.0006078,0.0004881,0.00049430.0004881,0.0004943
6e-07,4e-07,3e-07,0.0006984,0.0005767,0.0002536,0.000485,0.0004842,0.00049930.0004842,0.0004993
5e-07,3e-07,3e-07,0.0004898,0.0004049,0.0002461,0.0004855,0.0005422,0.00067920.0005422,0.0006792
4e-07,3e-07,3e-07,0.0004844,0.0004265,0.0002465,0.0006032,0.0006869,0.00064880.0006869,0.0006488
5e-07,3e-07,2e-07,0.0006578,0.0005635,0.0002831,0.000487,0.0004987,0.00057210.0004987,0.0005721
4e-07,4e-07,3e-07,0.0004816,0.0004081,0.0002514,0.0004854,0.0004964,0.00048660.0004964,0.0004866
6e-07,6e-07,3e-07,0.0007668,0.0007592,0.0003487,0.0005381,0.0005049,0.00049260.0005049,0.0004926
5e-07,6e-07,3e-07,0.0006933,0.0005871,0.0002528,0.0004856,0.0005093,0.00050570.0005093,0.0005057
5e-07,4e-07,3e-07,0.0005942,0.0004836,0.0002486,0.0006343,0.0005892,0.00059450.0005892,0.0005945
5e-07,4e-07,3e-07,0.0005534,0.0005116,0.000261,0.0004859,0.0004938,0.00048260.0004938,0.0004826
5e-07,3e-07,2e-07,0.0005078,0.0004185,0.0002486,0.0004843,0.0004895,0.0004870.0004895,0.000487
5e-07,5e-07,3e-07,0.0005564,0.0004777,0.0002486,0.0005023,0.0006481,0.00062070.0006481,0.0006207
5e-07,4e-07,3e-07,0.0006164,0.0004832,0.0002947,0.0005122,0.0005081,0.00055950.0005081,0.0005595
4e-07,3e-07,3e-07,0.0004829,0.0006259,0.0004704,0.0005739,0.0004901,0.00064030.0004901,0.0006403
4e-07,5e-07,2e-07,0.0005077,0.0004375,0.0002521,0.0006288,0.0006216,0.00051650.0006216,0.0005165
6e-07,5e-07,4e-07,0.0011227,0.0010265,0.0003699,0.0005516,0.0005429,0.00059230.0005429,0.0005923
4e-07,9e-07,3e-07,0.0010795,0.0006433,0.0002703,0.000492,0.0004948,0.00059370.0004948,0.0005937
5e-07,3e-07,3e-07,0.0007441,0.0005966,0.0003413,0.0005279,0.0004991,0.00054480.0004991,0.0005448
7e-07,4e-07,3e-07,0.0005149,0.0004364,0.0002427,0.0004883,0.0006134,0.00064090.0006134,0.0006409
5e-07,3e-07,3e-07,0.0004507,0.0003858,0.0003018,0.0006229,0.0005667,0.00049380.0005667,0.0004938
5e-07,4e-07,3e-07,0.000809,0.0005289,0.00027,0.0005041,0.0005293,0.0005230.0005293,0.000523
4e-07,4e-07,3e-07,0.0004932,0.000421,0.0002701,0.0005017,0.00065,0.00051970.00065,0.0005197
4e-07,3e-07,3e-07,0.0005676,0.0005177,0.0005338,0.0007149,0.0006396,0.0004950.0006396,0.000495
5e-07,5e-07,3e-07,0.0005496,0.0004505,0.0002644,0.0005156,0.0005615,0.00058390.0005615,0.0005839
5e-07,4e-07,3e-07,0.0006693,0.0006881,0.0004187,0.000526,0.0006162,0.00058570.0006162,0.0005857
5e-07,3e-07,3e-07,0.0007093,0.0006153,0.0002598,0.0004954,0.0006948,0.00094860.0006948,0.0009486
4e-07,3e-07,3e-07,0.0005337,0.0004947,0.000263,0.000541,0.0004974,0.00050540.0004974,0.0005054
5e-07,6e-07,3e-07,0.0005518,0.0004712,0.0002699,0.0004914,0.0005115,0.00057980.0005115,0.0005798
5e-07,3e-07,3e-07,0.000485,0.0005017,0.0003405,0.0006674,0.0005096,0.00054640.0005096,0.0005464
5e-07,5e-07,3e-07,0.0007003,0.0005553,0.0002773,0.0004953,0.0004997,0.00049910.0004997,0.0004991
5e-07,5e-07,3e-07,0.0005342,0.0004421,0.0002534,0.0005342,0.0007361,0.00059310.0007361,0.0005931
4e-07,3e-07,3e-07,0.0006051,0.000437,0.0002627,0.0004985,0.000616,0.00069750.000616,0.0006975
5e-07,4e-07,2e-07,0.0005301,0.0004607,0.0002566,0.0004999,0.0005023,0.00064670.0005023,0.0006467
4e-07,3e-07,3e-07,0.0005216,0.0005877,0.0002856,0.0005063,0.000507,0.00050230.000507,0.0005023
6e-07,4e-07,3e-07,0.0007145,0.0005955,0.0002634,0.0005371,0.0008724,0.00098890.0008724,0.0009889
6e-07,3e-07,2e-07,0.0007119,0.0005709,0.0002632,0.0005121,0.0005143,0.00051920.0005143,0.0005192
5e-07,4e-07,3e-07,0.0007541,0.0005984,0.0002639,0.0005,0.0005383,0.00052560.0005383,0.0005256
5e-07,3e-07,3e-07,0.0004896,0.0004184,0.0002568,0.0004966,0.0005044,0.00066530.0005044,0.0006653
4e-07,4e-07,2e-07,0.0005488,0.0006146,0.0002694,0.0005015,0.0005183,0.00050370.0005183,0.0005037
4e-07,6e-07,3e-07,0.0005605,0.0004795,0.0002681,0.0005087,0.0005299,0.00051080.0005299,0.0005108
4e-07,4e-07,2e-07,0.0004433,0.0003876,0.0002536,0.0005036,0.0007177,0.00079140.0007177,0.0007914
5e-07,4e-07,2e-07,0.0005921,0.0004797,0.0002682,0.0005076,0.0005769,0.00050940.0005769,0.0005094
5e-07,3e-07,2e-07,0.0006931,0.0006775,0.0003155,0.0005053,0.0005337,0.00072020.0005337,0.0007202
5e-07,7e-07,2e-07,0.0007654,0.0008056,0.0003719,0.0005849,0.0005805,0.00056170.0005805,0.0005617
6e-07,2e-07,2e-07,0.0007256,0.0005987,0.0002659,0.0005052,0.0010212,0.00109370.0010212,0.0010937
5e-07,5e-07,3e-07,0.0006977,0.0006092,0.0002723,0.0005871,0.0005779,0.00051150.0005779,0.0005115
5e-07,3e-07,3e-07,0.0006675,0.0004904,0.00026,0.0005033,0.0005214,0.0006730.0005214,0.000673
5e-07,6e-07,3e-07,0.0005627,0.0004874,0.0002737,0.0005277,0.0005425,0.00057250.0005425,0.0005725
4e-07,3e-07,3e-07,0.0006169,0.0004886,0.0002817,0.0005303,0.0005817,0.00053570.0005817,0.0005357
5e-07,8e-07,3e-07,0.0005658,0.0004892,0.0002709,0.00053,0.0005458,0.0005820.0005458,0.000582
7e-07,3e-07,2e-07,0.0005608,0.000477,0.000282,0.0005336,0.0005507,0.00053070.0005507,0.0005307
5e-07,3e-07,3e-07,0.0006503,0.0005394,0.0002657,0.0005943,0.000562,0.00052430.000562,0.0005243
5e-07,9e-07,3e-07,0.0007035,0.0006057,0.0002755,0.000662,0.0009585,0.0007110.0009585,0.000711
4e-07,7e-07,3e-07,0.0007226,0.0007513,0.0004744,0.0008686,0.0005123,0.00052230.0005123,0.0005223
5e-07,3e-07,3e-07,0.0007815,0.0006346,0.000406,0.00095,0.0006799,0.00060490.0006799,0.0006049
4e-07,4e-07,3e-07,0.0006719,0.000579,0.0002751,0.0005806,0.0006073,0.00057480.0006073,0.0005748
4e-07,3e-07,3e-07,0.0005819,0.0004866,0.000273,0.0005407,0.0005863,0.00071650.0005863,0.0007165
6e-07,4e-07,3e-07,0.0006216,0.000545,0.0003034,0.0005458,0.0005488,0.0006420.0005488,0.000642
4e-07,3e-07,3e-07,0.0005355,0.0004661,0.0002645,0.0005411,0.0006088,0.00062630.0006088,0.0006263
5e-07,6e-07,2e-07,0.0007781,0.0006075,0.0002576,0.0006518,0.0009609,0.00094340.0009609,0.0009434
5e-07,8e-07,2e-07,0.0007659,0.0009109,0.0004779,0.0006403,0.0005528,0.00055990.0005528,0.0005599
8e-07,3e-07,3e-07,0.0008378,0.0010602,0.0004916,0.000575,0.0005514,0.00053960.0005514,0.0005396
5e-07,4e-07,3e-07,0.0006919,0.0006752,0.0003584,0.000566,0.0005832,0.00060440.0005832,0.0006044
5e-07,3e-07,3e-07,0.0005613,0.0004839,0.0002729,0.0006447,0.0005641,0.0005750.0005641,0.000575
5e-07,5e-07,3e-07,0.0006471,0.0005585,0.0002834,0.0005445,0.0005471,0.00062160.0005471,0.0006216
5e-07,4e-07,3e-07,0.0005904,0.0005015,0.0002822,0.000549,0.0005816,0.00056420.0005816,0.0005642
5e-07,4e-07,3e-07,0.0006639,0.0007835,0.0003887,0.0005708,0.000543,0.00055030.000543,0.0005503
7e-07,3e-07,3e-07,0.0005865,0.0005109,0.0002923,0.0006857,0.0005403,0.00051110.0005403,0.0005111
5e-07,4e-07,2e-07,0.0005799,0.0004997,0.0002626,0.0005156,0.0005197,0.00057260.0005197,0.0005726
6e-07,8e-07,3e-07,0.0008863,0.0006532,0.0002899,0.0005409,0.0006007,0.00067680.0006007,0.0006768
6e-07,5e-07,3e-07,0.0006677,0.0005706,0.0002693,0.0005215,0.0005186,0.00065040.0005186,0.0006504
5e-07,3e-07,3e-07,0.0004786,0.0006336,0.0002808,0.0005174,0.0005486,0.00052760.0005486,0.0005276
5e-07,4e-07,3e-07,0.0005648,0.0004897,0.0002702,0.0005123,0.0005924,0.0006060.0005924,0.000606
4e-07,3e-07,3e-07,0.0006343,0.0003931,0.0002689,0.0005193,0.0005284,0.00051990.0005284,0.0005199
5e-07,4e-07,2e-07,0.0005886,0.0004778,0.0002727,0.0006037,0.0006247,0.00059790.0006247,0.0005979
4e-07,3e-07,3e-07,0.0005527,0.0004517,0.0002608,0.0005171,0.000524,0.00054910.000524,0.0005491
5e-07,4e-07,2e-07,0.0006784,0.0006922,0.0003638,0.0005603,0.000545,0.00052330.000545,0.0005233
4e-07,3e-07,3e-07,0.0005217,0.0004537,0.0002682,0.0005274,0.0006054,0.00056840.0006054,0.0005684
5e-07,6e-07,3e-07,0.0008093,0.0006945,0.0004054,0.0007746,0.0007645,0.00063120.0007645,0.0006312
6e-07,2e-07,2e-07,0.00068,0.0006993,0.0004157,0.000692,0.0005948,0.00051280.0005948,0.0005128
5e-07,3e-07,3e-07,0.0005736,0.000484,0.0002642,0.0005197,0.0005674,0.00073610.0005674,0.0007361
4e-07,2e-07,3e-07,0.0006409,0.0004598,0.0002755,0.0005207,0.0006194,0.00057330.0006194,0.0005733
6e-07,8e-07,3e-07,0.0006934,0.000788,0.0004649,0.0006291,0.0005828,0.00054190.0005828,0.0005419
5e-07,3e-07,3e-07,0.0007874,0.0009953,0.0005193,0.0006711,0.0005288,0.00052750.0005288,0.0005275
5e-07,4e-07,3e-07,0.0006625,0.0005712,0.000268,0.0005207,0.0006837,0.00054990.0006837,0.0005499
5e-07,5e-07,3e-07,0.0008582,0.0005657,0.0002782,0.0005263,0.0005272,0.00059220.0005272,0.0005922
8e-07,4e-07,2e-07,0.000721,0.0006387,0.0002764,0.0005228,0.0006253,0.00060260.0006253,0.0006026
5e-07,9e-07,2e-07,0.000761,0.0006786,0.000388,0.0005915,0.0006094,0.00054230.0006094,0.0005423
5e-07,3e-07,3e-07,0.0006921,0.0006582,0.0004183,0.0007462,0.0006481,0.00059520.0006481,0.0005952
5e-07,3e-07,3e-07,0.0006525,0.0005652,0.0003362,0.0005967,0.0005595,0.00056070.0005595,0.0005607
4e-07,3e-07,3e-07,0.0006059,0.0005225,0.0002866,0.0005545,0.0007155,0.00060060.0007155,0.0006006
5e-07,4e-07,3e-07,0.0005829,0.0005008,0.0002741,0.0005462,0.0005726,0.00065590.0005726,0.0006559
5e-07,5e-07,3e-07,0.0008664,0.0006293,0.000273,0.0005281,0.0005441,0.00061090.0005441,0.0006109
4e-07,3e-07,3e-07,0.0006804,0.0005625,0.0002792,0.0005251,0.00053,0.00052770.00053,0.0005277
5e-07,4e-07,3e-07,0.0007556,0.0006495,0.0002821,0.000569,0.0005318,0.00056620.0005318,0.0005662
4e-07,3e-07,3e-07,0.0009409,0.0010535,0.0007574,0.0009218,0.0005653,0.00074460.0005653,0.0007446
5e-07,4e-07,3e-07,0.0008323,0.0006819,0.0003043,0.0005655,0.0006094,0.00062730.0006094,0.0006273
9e-07,3e-07,3e-07,0.0007061,0.0005149,0.000293,0.000564,0.0005736,0.00058350.0005736,0.0005835
5e-07,3e-07,3e-07,0.0005881,0.0005581,0.0002843,0.0005512,0.0005556,0.0005830.0005556,0.000583
5e-07,5e-07,3e-07,0.0006518,0.0005482,0.0003001,0.0005597,0.0005888,0.00056510.0005888,0.0005651
6e-07,6e-07,2e-07,0.0007615,0.0007052,0.0002915,0.0005352,0.0008625,0.00122080.0008625,0.0012208
4e-07,5e-07,3e-07,0.0006979,0.0005919,0.0002896,0.0006914,0.0006379,0.00058390.0006379,0.0005839
5e-07,5e-07,3e-07,0.0007313,0.0006096,0.0002955,0.0006525,0.00055,0.00059220.00055,0.0005922
.00166540.00418780.00166
2e-07,1e-07,0.0088028,2e-07,3.3e-06,4.4e-06,8.41e-05,8.32e-05,8.3e-050.0016650.00437330.0017405
2e-07,2e-07,0.0088892,2e-07,9.9e-06,1.7e-06,8.41e-05,8.18e-05,8.36e-050.00166370.00425280.001717
2e-07,2e-07,0.0092395,2e-07,1e-06,1.2e-06,8.82e-05,8.59e-05,8.56e-050.0016660.00438770.0018868
2e-07,1e-07,0.0087582,2e-07,8e-07,1e-06,8.42e-05,8.4e-05,8.39e-050.00168810.00448750.0017875
3e-07,1e-07,0.0087432,2e-07,1.54e-05,3.5e-06,8.41e-05,8.11e-05,8.36e-050.00175740.00426920.0017413
3e-07,2e-07,0.009113,1e-07,2e-06,1.19e-05,8.44e-05,8.65e-05,8.18e-050.00171910.00417750.0016718
3e-07,1e-07,0.0100573,1e-07,1e-06,2.9e-06,9.96e-05,9.03e-05,8.98e-050.00204270.00449730.0017002
2e-07,2e-07,0.0091678,1e-07,2.3e-06,7.8e-06,8.65e-05,8.6e-05,8.47e-050.00194410.0045380.0017533
2e-07,2e-07,0.0091279,3e-07,9.6e-06,1.85e-05,8.48e-05,8.24e-05,8.07e-050.00184260.0042340.0018507
3e-07,2e-07,0.0087152,2e-07,6.6e-06,3.7e-06,8.48e-05,8.32e-05,8.61e-050.00197970.00420940.0016802
2e-07,1e-07,0.0087669,2e-07,2.9e-06,2.4e-06,8.5e-05,8.42e-05,8.42e-050.00176310.0045540.0016801
2e-07,1e-07,0.0089058,2e-07,8e-07,1.29e-05,8.51e-05,8.47e-05,8.2e-050.00168840.0042590.0016985
3e-07,2e-07,0.0096359,1e-07,1.5e-06,2.2e-06,8.5e-05,8.46e-05,8.44e-050.00169780.00421990.0016909
1e-07,2e-07,0.0088124,2e-07,7.4e-06,2.2e-06,8.53e-05,8.36e-05,8.46e-050.00169830.00455920.0016907
3e-07,2e-07,0.008986,2e-07,4.1e-06,1.4e-06,8.53e-05,8.43e-05,8.48e-050.00170560.00421840.0017677
2e-07,2e-07,0.0089929,2e-07,1.5e-06,1.13e-05,8.52e-05,8.49e-05,0.00010280.00169030.00422440.0017733
2e-07,2e-07,0.0092226,2e-07,8.4e-06,2.7e-06,8.36e-05,8.4e-05,8.3e-050.00297190.00428760.0017104
2e-07,1e-07,0.0095334,2e-07,6e-07,2.49e-05,0.0001526,0.0001582,0.00019940.00186530.00496070.0016577
3e-07,1e-07,0.0100474,3e-07,1.78e-05,4e-06,8.99e-05,8.35e-05,8.67e-050.00177990.00444950.002385
1.64e-05,1e-07,0.0088875,2e-07,2.1e-06,3.6e-06,8.36e-05,8.33e-05,8.31e-050.00170490.00475750.001775
