Muestras,Insertar0,InsertarM,Insertar1,Buscar0,BuscarM,Buscar1,Eliminar0,EliminarM,Eliminar1,Ordenar0,OrdenarM,Ordenar1
50,0.0006,0.0003,0.0002,0.0006,0.0012,0.0004,0.002,0.0009,0.0016,0.0013,0.0012,0.0011
100,0.0005,0.0003,0.0003,0.0005,0.0011,0.0005,0.0019,0.0012,0.0012,0.0022,0.00225,0.0023
150,0.0005,0.0003,0.0003,0.0006,0.0013,0.0006,0.0019,0.0014,0.0016,0.0037,0.0034,0.0031
200,0.0006,0.0003,0.0003,0.0007,0.0016,0.0007,0.0023,0.0018,0.0019,0.0046,0.00455,0.0045
250,0.0004,0.0003,0.0003,0.0009,0.0019,0.0008,0.0026,0.0021,0.0023,0.0057,0.00535,0.005
300,0.0004,0.0003,0.0003,0.0011,0.0021,0.001,0.0028,0.0024,0.0026,0.0068,0.0067,0.0066
350,0.0004,0.0003,0.0003,0.0013,0.0024,0.0011,0.003,0.0026,0.0046,0.0086,0.00845,0.0083
400,0.0004,0.0003,0.0003,0.0014,0.0027,0.0013,0.0033,0.003,0.0032,0.0095,0.00945,0.0094
450,0.0004,0.0002,0.0002,0.002,0.0033,0.0014,0.0042,0.0035,0.0037,0.0114,0.01075,0.0101
500,0.0005,0.0003,0.0003,0.0019,0.0035,0.0017,0.0044,0.0042,0.0044,0.0115,0.01115,0.0108
550,0.0004,0.0003,0.0004,0.0026,0.0045,0.0021,0.0053,0.0049,0.0052,0.013,0.01265,0.0123
600,0.0005,0.0003,0.0003,0.0027,0.0048,0.0024,0.0062,0.0058,0.0061,0.0147,0.01435,0.014
650,0.0004,0.0003,0.0003,0.0027,0.0042,0.0026,0.0064,0.0063,0.0067,0.0163,0.0161,0.0159
700,0.0005,0.0003,0.0003,0.0029,0.0048,0.0028,0.0069,0.0068,0.0075,0.0179,0.01755,0.0172
750,0.0004,0.0002,0.0003,0.0036,0.0077,0.003,0.0073,0.0074,0.008,0.0197,0.01925,0.0188
800,0.0004,0.0003,0.0003,0.0038,0.0075,0.0031,0.0076,0.0076,0.0082,0.0199,0.0195,0.0191
850,0.0005,0.0003,0.0003,0.0035,0.0049,0.0033,0.0075,0.0078,0.0086,0.0207,0.023,0.0253
900,0.0005,0.0003,0.0003,0.0038,0.0055,0.0036,0.0083,0.0229,0.0092,0.0222,0.0294,0.0366
950,0.0005,0.0003,0.0003,0.004,0.0056,0.0038,0.0086,0.0093,0.0101,0.0225,0.02175,0.021
1000,0.0004,0.0003,0.0002,0.0041,0.0058,0.004,0.0091,0.0096,0.0108,0.0237,0.02325,0.0228
1050,0.0005,0.0003,0.0003,0.0044,0.0064,0.0042,0.0096,0.0123,0.0116,0.0252,0.02485,0.0245
1100,0.0005,0.0003,0.0003,0.0045,0.007,0.0043,0.0101,0.0106,0.0118,0.027,0.02665,0.0263
1150,0.0005,0.0003,0.0003,0.0047,0.0066,0.0045,0.0103,0.0111,0.0124,0.0281,0.02785,0.0276
1200,0.0005,0.0003,0.0003,0.0049,0.0207,0.0053,0.0125,0.0119,0.0134,0.0306,0.0301,0.0296
1250,0.0004,0.0003,0.0003,0.0067,0.009,0.0049,0.0114,0.0121,0.014,0.0323,0.0318,0.0313
1300,0.0004,0.0003,0.0003,0.0053,0.0077,0.0051,0.0114,0.0124,0.0142,0.0341,0.03385,0.0336
1350,0.0005,0.0003,0.0003,0.0055,0.0221,0.0059,0.012,0.0131,0.0147,0.0355,0.0353,0.0351
1400,0.0005,0.0003,0.0003,0.0057,0.0079,0.0055,0.0122,0.0134,0.0151,0.0373,0.0369,0.0365
1450,0.0005,0.0003,0.0002,0.0061,0.0087,0.0057,0.0126,0.0139,0.0158,0.0393,0.03915,0.039
1500,0.0004,0.0003,0.0003,0.0067,0.0122,0.0058,0.0135,0.0143,0.0166,0.0409,0.0404,0.0399
1550,0.0004,0.0003,0.0003,0.0072,0.0093,0.006,0.0135,0.0148,0.0251,0.0429,0.04245,0.042
1600,0.0004,0.0003,0.0003,0.0065,0.0114,0.0063,0.0138,0.0154,0.0235,0.043,0.0427,0.0424
1650,0.0005,0.0003,0.0003,0.0106,0.0199,0.0065,0.0149,0.0162,0.0184,0.0438,0.0434,0.043
1700,0.0004,0.0003,0.0002,0.0107,0.0151,0.0066,0.0151,0.0164,0.0183,0.0459,0.04555,0.0452
1750,0.0005,0.0003,0.0003,0.0075,0.0107,0.0069,0.0172,0.0169,0.0189,0.0462,0.04535,0.0445
1800,0.0005,0.0003,0.0003,0.0083,0.0145,0.007,0.0163,0.0177,0.0197,0.0466,0.04625,0.0459
1850,0.0005,0.0006,0.0005,0.0101,0.0148,0.0074,0.0158,0.0176,0.0204,0.0476,0.0469,0.0462
1900,0.0005,0.0003,0.0003,0.0076,0.0119,0.0074,0.0162,0.0185,0.0207,0.048,0.0477,0.0474
1950,0.0004,0.0003,0.0003,0.0081,0.0145,0.0076,0.0167,0.0186,0.0211,0.0499,0.0494,0.0489
2000,0.0004,0.0005,0.0003,0.01,0.0134,0.0078,0.017,0.0193,0.0218,0.0505,0.0498,0.0491
2050,0.0004,0.0003,0.0003,0.0089,0.0137,0.008,0.0175,0.0195,0.0222,0.0522,0.05165,0.0511
2100,0.0005,0.0003,0.0003,0.0085,0.0121,0.0081,0.0179,0.0201,0.0228,0.053,0.0529,0.0528
2150,0.0004,0.0003,0.0002,0.0091,0.0125,0.0084,0.0181,0.0204,0.0321,0.0544,0.0542,0.054
2200,0.0004,0.0003,0.0003,0.0115,0.0168,0.0086,0.019,0.0209,0.024,0.0563,0.05615,0.056
2250,0.0005,0.0004,0.0003,0.0096,0.0126,0.0087,0.0191,0.0215,0.0244,0.0577,0.0575,0.0573
2300,0.0005,0.0002,0.0003,0.0095,0.0139,0.009,0.0197,0.0219,0.0248,0.0598,0.0593,0.0588
2350,0.0005,0.0002,0.0004,0.0096,0.0165,0.0093,0.0202,0.023,0.0259,0.0621,0.0618,0.0615
2400,0.0004,0.0003,0.0003,0.0125,0.0199,0.0094,0.0203,0.0233,0.0289,0.0633,0.063,0.0627
2450,0.0005,0.0003,0.0004,0.0104,0.0179,0.0097,0.0211,0.062,0.0385,0.0753,0.07325,0.0712
2500,0.0006,0.0003,0.0003,0.0142,0.0343,0.0146,0.0281,0.0309,0.0361,0.0679,0.06705,0.0662
2550,0.0005,0.0003,0.0003,0.0113,0.0175,0.0101,0.0218,0.0243,0.0275,0.0687,0.06825,0.0678
2600,0.0004,0.0004,0.0003,0.0145,0.0204,0.0102,0.0226,0.0248,0.0281,0.0726,0.07195,0.0713
2650,0.0005,0.0003,0.0003,0.0111,0.0172,0.0104,0.0226,0.0253,0.0287,0.0735,0.0729,0.0723
2700,0.0005,0.0003,0.0003,0.0187,0.0292,0.011,0.0243,0.0272,0.0313,0.076,0.0762,0.0764
2750,0.0004,0.0003,0.0002,0.0293,0.0375,0.0108,0.0327,0.0268,0.031,0.0771,0.0763,0.0755
2800,0.0004,0.0003,0.0002,0.0125,0.0157,0.011,0.0235,0.0264,0.0301,0.0787,0.0781,0.0775
2850,0.0004,0.0004,0.0003,0.019,0.0192,0.0115,0.0251,0.0287,0.0326,0.0816,0.0811,0.0806
2900,0.0005,0.0003,0.0002,0.0123,0.0171,0.0114,0.0242,0.0274,0.0312,0.0836,0.0829,0.0822
2950,0.0005,0.0005,0.0003,0.0175,0.0249,0.0117,0.025,0.0281,0.0318,0.0845,0.0837,0.0829
3000,0.0004,0.0003,0.0003,0.0141,0.0806,0.0177,0.0331,0.0439,0.045,0.0859,0.09025,0.0946
3050,0.0006,0.0003,0.0003,0.0188,0.0216,0.0153,0.0372,0.0336,0.0346,0.0875,0.0894,0.0913
3100,0.0007,0.0004,0.0003,0.0175,0.0236,0.024,0.0288,0.0329,0.0352,0.0905,0.0898,0.0891
3150,0.0005,0.0003,0.0003,0.0148,0.0176,0.0127,0.0273,0.0308,0.0352,0.0904,0.09045,0.0905
3200,0.0004,0.0003,0.0003,0.0136,0.0193,0.013,0.0278,0.0314,0.036,0.0902,0.0918,0.0934
3250,0.0005,0.0002,0.0003,0.0138,0.0182,0.0132,0.028,0.0319,0.0498,0.0913,0.0909,0.0905
3300,0.0004,0.0006,0.0005,0.0228,0.0265,0.0132,0.0292,0.0326,0.0369,0.0938,0.09265,0.0915
3350,0.0004,0.0003,0.0003,0.015,0.0219,0.0138,0.0298,0.0336,0.038,0.0955,0.0949,0.0943
3400,0.0004,0.0008,0.0004,0.0793,0.0415,0.0144,0.0318,0.0352,0.0413,0.0973,0.0974,0.0975
3450,0.0005,0.0003,0.0003,0.0167,0.0226,0.0146,0.0314,0.0354,0.04,0.0955,0.09535,0.0952
3500,0.0007,0.0003,0.0003,0.0204,0.0264,0.0146,0.0315,0.0355,0.0417,0.097,0.09625,0.0955
3550,0.0004,0.0003,0.0003,0.0202,0.0209,0.0146,0.0309,0.0351,0.0399,0.0973,0.0968,0.0963
3600,0.0004,0.0003,0.0002,0.0165,0.0203,0.015,0.0322,0.0371,0.0413,0.0989,0.09835,0.0978
3650,0.0004,0.0003,0.0003,0.0206,0.0272,0.0154,0.0334,0.0372,0.0423,0.1013,0.1007,0.1001
3700,0.0005,0.0003,0.0003,0.0196,0.021,0.016,0.0336,0.038,0.0429,0.1004,0.1,0.0996
3750,0.0005,0.0003,0.0004,0.0234,0.0234,0.0161,0.0353,0.0396,0.0447,0.1387,0.13845,0.1382
3800,0.0006,0.0004,0.0003,0.0466,0.0726,0.017,0.0399,0.0533,0.053,0.1036,0.10275,0.1019
3850,0.0005,0.0003,0.0003,0.0342,0.0542,0.0169,0.0367,0.0408,0.0455,0.1047,0.1041,0.1035
3900,0.0005,0.0003,0.0003,0.0218,0.0308,0.0167,0.0366,0.041,0.0458,0.1057,0.10475,0.1038
3950,0.0004,0.0003,0.0003,0.0224,0.024,0.0168,0.0365,0.0416,0.0466,0.1047,0.10395,0.1032
4000,0.0004,0.0003,0.0003,0.0224,0.0241,0.017,0.0809,0.0431,0.0484,0.1056,0.10525,0.1049
4050,0.0004,0.0003,0.0003,0.0207,0.029,0.0171,0.0376,0.0425,0.0472,0.1094,0.10835,0.1073
4100,0.0004,0.0003,0.0003,0.0211,0.0276,0.018,0.0389,0.0443,0.0485,0.1244,0.12615,0.1279
4150,0.0004,0.0003,0.0003,0.0262,0.0715,0.018,0.0448,0.0553,0.0552,0.1129,0.1123,0.1117
4200,0.0004,0.0201,0.0003,0.046,0.0509,0.018,0.0398,0.0436,0.0481,0.1082,0.1078,0.1074
4250,0.0004,0.0005,0.0003,0.0203,0.0259,0.0184,0.0408,0.047,0.0546,0.1147,0.1143,0.1139
4300,0.0004,0.0003,0.0003,0.0272,0.0295,0.0186,0.0407,0.0463,0.0514,0.1171,0.11555,0.114
4350,0.0005,0.0003,0.0006,0.0263,0.0307,0.0192,0.041,0.047,0.0522,0.1165,0.11615,0.1158
4400,0.0004,0.0003,0.0003,0.0259,0.0341,0.02,0.044,0.0508,0.056,0.122,0.13005,0.1381
4450,0.0009,0.0003,0.0003,0.0286,0.0299,0.0197,0.0821,0.061,0.0968,0.1224,0.12145,0.1205
4500,0.0005,0.0003,0.0003,0.0394,0.0435,0.0226,0.0499,0.0546,0.0624,0.126,0.12465,0.1233
4550,0.0004,0.0004,0.0004,0.042,0.0443,0.0205,0.0454,0.052,0.0572,0.1606,0.14245,0.1243
4600,0.0004,0.0005,0.0003,0.0583,0.056,0.0218,0.0489,0.0554,0.0626,0.1349,0.1306,0.1263
4650,0.0004,0.0003,0.0003,0.0429,0.0594,0.0233,0.0496,0.0557,0.0609,0.1322,0.131,0.1298
4700,0.0004,0.0003,0.0003,0.0498,0.0509,0.0237,0.0488,0.0556,0.0607,0.1332,0.13225,0.1313
4750,0.0004,0.0003,0.0003,0.048,0.102,0.0592,0.0614,0.0694,0.078,0.158,0.181,0.204
4800,0.0007,0.0007,0.0004,0.1473,0.1971,0.0713,0.0627,0.0691,0.0781,0.2226,0.19125,0.1599
4850,0.0006,0.0015,0.0005,0.1047,0.068,0.0276,0.0562,0.0571,0.0624,0.1375,0.13685,0.1362
4900,0.0004,0.0004,0.0003,0.0288,0.0325,0.0232,0.0513,0.0582,0.0649,0.1417,0.1409,0.1401
4950,0.0004,0.0003,0.0003,0.0365,0.0331,0.0227,0.0513,0.0586,0.0647,0.1412,0.1405,0.1398
5000,0.0004,0.0004,0.0002,0.0342,0.0361,0.023,0.0518,0.0592,0.0654,0.1424,0.142,0.1416
5050,0.0004,0.0003,0.0003,0.0302,0.0324,0.0236,0.0521,0.0598,0.0696,0.1435,0.14335,0.1432
5100,0.0005,0.0003,0.0003,0.0293,0.0412,0.0242,0.0557,0.0634,0.0696,0.1465,0.1464,0.1463
5150,0.0004,0.0003,0.0003,0.0651,0.131,0.0289,0.0597,0.0707,0.0784,0.1506,0.1497,0.1488
5200,0.0005,0.0003,0.0003,0.0467,0.0298,0.0248,0.0563,0.0643,0.0712,0.1531,0.15275,0.1524
5250,0.0004,0.0003,0.0003,0.0424,0.0897,0.07,0.0787,0.0757,0.082,0.1892,0.2023,0.2154
5300,0.0007,0.0008,0.0003,0.0696,0.0669,0.0298,0.06,0.0669,0.0741,0.1566,0.1557,0.1548
5350,0.0004,0.0003,0.0003,0.0364,0.0491,0.0263,0.1634,0.2167,0.2268,0.1583,0.15765,0.157
5400,0.0006,0.0004,0.0003,0.0701,0.0498,0.0266,0.0624,0.0711,0.0782,0.3183,0.2384,0.1585
5450,0.0004,0.0003,0.0003,0.031,0.0458,0.0263,0.0621,0.0684,0.0764,0.1622,0.1613,0.1604
5500,0.0005,0.0004,0.0003,0.0373,0.0442,0.0269,0.0621,0.0716,0.0848,0.1667,0.16385,0.161
5550,0.0004,0.0005,0.0003,0.0402,0.0613,0.0277,0.0621,0.0713,0.078,0.1646,0.16425,0.1639
5600,0.0004,0.0006,0.0004,0.0725,0.0869,0.0351,0.0684,0.0788,0.0919,0.1836,0.1821,0.1806
5650,0.0004,0.0004,0.0003,0.0447,0.044,0.0277,0.0653,0.0737,0.0812,0.1688,0.16845,0.1681
5700,0.0004,0.0003,0.0003,0.0417,0.0468,0.0282,0.0746,0.0755,0.0829,0.1734,0.1727,0.172
5750,0.0004,0.0005,0.0003,0.0357,0.0343,0.0292,0.1409,0.0796,0.0843,0.1751,0.1743,0.1735
5800,0.0005,0.0003,0.0003,0.033,0.0523,0.0295,0.0664,0.0769,0.0848,0.1775,0.1765,0.1755
5850,0.0005,0.0003,0.0005,0.0435,0.0931,0.0432,0.0805,0.0901,0.103,0.1799,0.1779,0.1759
5900,0.0005,0.0005,0.0003,0.0799,0.0721,0.0308,0.0689,0.0792,0.0899,0.1784,0.18875,0.1991
5950,0.0006,0.0005,0.0004,0.0454,0.0351,0.0288,0.0666,0.0767,0.1101,0.1814,0.1868,0.1922
6000,0.0006,0.0009,0.0006,0.1907,0.077,0.0408,0.0811,0.1455,0.1164,0.182,0.18105,0.1801
6050,0.0005,0.0005,0.0002,0.0666,0.0511,0.0297,0.0811,0.0797,0.1141,0.185,0.18685,0.1887
6100,0.0004,0.0005,0.0002,0.0791,0.064,0.0307,0.0702,0.0807,0.1209,0.1852,0.1854,0.1856
6150,0.0005,0.0004,0.0003,0.0443,0.0377,0.0308,0.07,0.0816,0.0924,0.1865,0.18615,0.1858
6200,0.0004,0.0003,0.0003,0.0352,0.0488,0.052,0.0701,0.1534,0.104,0.1903,0.19005,0.1898
6250,0.0008,0.0004,0.0003,0.0359,0.0354,0.0312,0.0711,0.0824,0.0912,0.1919,0.1911,0.1903
6300,0.0005,0.0005,0.0003,0.0491,0.0521,0.0317,0.0732,0.0839,0.0932,0.2003,0.19605,0.1918
6350,0.0005,0.0003,0.0003,0.0504,0.0636,0.0375,0.0767,0.0867,0.0959,0.1938,0.1925,0.1912
6400,0.0004,0.0004,0.0003,0.0391,0.0529,0.0325,0.0758,0.0881,0.096,0.1927,0.19275,0.1928
6450,0.0004,0.0006,0.0005,0.1697,0.0699,0.0446,0.0796,0.1021,0.1176,0.2135,0.20345,0.1934
6500,0.0005,0.0004,0.0003,0.0379,0.0365,0.0327,0.0753,0.0891,0.0968,0.1935,0.20845,0.2234
6550,0.0005,0.0005,0.0003,0.0416,0.0383,0.0408,0.0804,0.0936,0.1023,0.196,0.19935,0.2027
6600,0.0004,0.0005,0.0003,0.0493,0.0454,0.0329,0.0762,0.0882,0.0983,0.2047,0.1998,0.1949
6650,0.0005,0.0003,0.0002,0.0431,0.0384,0.0332,0.108,0.0973,0.1017,0.1969,0.1968,0.1967
6700,0.0005,0.0004,0.0003,0.0596,0.0733,0.0477,0.0872,0.1009,0.1156,0.2124,0.20625,0.2001
6750,0.0005,0.0006,0.0003,0.1171,0.086,0.0392,0.0802,0.0924,0.1037,0.2025,0.20185,0.2012
6800,0.0005,0.0003,0.0003,0.0454,0.0534,0.0345,0.0797,0.0929,0.1029,0.205,0.20735,0.2097
6850,0.0005,0.0003,0.0003,0.0437,0.0407,0.0345,0.0809,0.1009,0.1053,0.206,0.2056,0.2052
6900,0.0005,0.0003,0.0004,0.0509,0.0428,0.0352,0.0809,0.0951,0.1051,0.2086,0.2069,0.2052
6950,0.0004,0.0006,0.0003,0.091,0.063,0.0362,0.0815,0.0953,0.1062,0.2308,0.2169,0.203
7000,0.0004,0.0004,0.0003,0.0463,0.0613,0.0391,0.0828,0.0947,0.1064,0.2063,0.2058,0.2053
7050,0.0005,0.0003,0.0003,0.0446,0.0565,0.0352,0.1018,0.0962,0.1056,0.2061,0.20555,0.205
7100,0.0005,0.0007,0.0003,0.1172,0.194,0.1325,0.0941,0.1059,0.1247,0.2214,0.21335,0.2053
7150,0.0004,0.0003,0.0003,0.065,0.0622,0.0358,0.0832,0.1303,0.1578,0.2108,0.20885,0.2069
7200,0.0005,0.0005,0.0003,0.0405,0.0664,0.0366,0.0848,0.0981,0.1086,0.2004,0.2021,0.2038
7250,0.0005,0.0003,0.0003,0.0473,0.0404,0.0348,0.0826,0.1437,0.1114,0.2127,0.21755,0.2224
7300,0.0007,0.0004,0.0003,0.0675,0.0617,0.0375,0.0872,0.1004,0.1118,0.2153,0.214,0.2127
7350,0.0005,0.0003,0.0003,0.0644,0.0485,0.0373,0.0862,0.1,0.1116,0.2138,0.2173,0.2208
7400,0.0005,0.0004,0.0003,0.0518,0.0436,0.0378,0.0938,0.1014,0.1133,0.2128,0.2128,0.2128
7450,0.0005,0.0006,0.0003,0.1262,0.2304,0.0621,0.0884,0.1044,0.1181,0.2159,0.22015,0.2244
7500,0.0004,0.0004,0.0003,0.0719,0.0667,0.0379,0.0862,0.1013,0.1119,0.2171,0.21645,0.2158
7550,0.0005,0.0003,0.0003,0.0442,0.0419,0.0392,0.0893,0.1013,0.113,0.2156,0.2156,0.2156
7600,0.0004,0.0003,0.0006,0.0464,0.0425,0.0382,0.0877,0.1024,0.1165,0.2184,0.21795,0.2175
7650,0.0005,0.0003,0.0003,0.0869,0.0817,0.0438,0.0914,0.108,0.1167,0.2197,0.22165,0.2236
7700,0.0009,0.0005,0.0003,0.108,0.0871,0.0545,0.0924,0.1062,0.1186,0.2639,0.2422,0.2205
7750,0.0004,0.0003,0.0003,0.0815,0.0569,0.0393,0.091,0.1062,0.1184,0.2223,0.22235,0.2224
7800,0.0004,0.0003,0.0003,0.062,0.07,0.0414,0.0917,0.106,0.1184,0.2271,0.22605,0.225
7850,0.0004,0.0003,0.0002,0.1098,0.0894,0.0464,0.0923,0.1069,0.1195,0.2245,0.22415,0.2238
7900,0.0004,0.0006,0.0003,0.0833,0.0654,0.0405,0.0936,0.1089,0.1287,0.2217,0.2215,0.2213
7950,0.0005,0.0005,0.0003,0.059,0.049,0.0408,0.0937,0.1091,0.1321,0.2542,0.2607,0.2672
8000,0.0006,0.0004,0.0003,0.0658,0.1324,0.0711,0.157,0.1786,0.1236,0.2545,0.23925,0.224
8050,0.0004,0.0004,0.0003,0.1509,0.1079,0.0568,0.0966,0.1106,0.1243,0.2252,0.2241,0.223
8100,0.0005,0.0003,0.0003,0.0804,0.0769,0.0744,0.0982,0.1113,0.1308,0.2319,0.2308,0.2297
8150,0.0004,0.0005,0.0003,0.0647,0.0743,0.0439,0.1053,0.1095,0.1288,0.229,0.2289,0.2288
8200,0.0004,0.0003,0.0003,0.1686,0.2066,0.1022,0.1055,0.115,0.1296,0.23,0.2294,0.2288
8250,0.0004,0.0009,0.0003,0.215,0.1133,0.0577,0.0985,0.1116,0.1244,0.2363,0.23585,0.2354
8300,0.0006,0.0005,0.0003,0.1414,0.0952,0.0434,0.0967,0.113,0.1329,0.2383,0.23805,0.2378
8350,0.0007,0.0008,0.0005,0.1335,0.0986,0.0476,0.1065,0.1131,0.1268,0.2391,0.24115,0.2432
8400,0.0004,0.0005,0.0003,0.0709,0.06,0.0433,0.0988,0.1154,0.1293,0.247,0.24325,0.2395
8450,0.0004,0.0003,0.0003,0.0545,0.0583,0.044,0.1014,0.1173,0.1325,0.243,0.24215,0.2413
8500,0.0004,0.0004,0.0003,0.0746,0.0576,0.0436,0.112,0.1313,0.1481,0.255,0.2496,0.2442
8550,0.0004,0.0005,0.0003,0.0505,0.0709,0.0442,0.0996,0.1163,0.1305,0.2453,0.2439,0.2425
8600,0.0005,0.0004,0.0004,0.1052,0.1248,0.0748,0.104,0.1202,0.1347,0.2502,0.24745,0.2447
8650,0.0005,0.0003,0.0003,0.0674,0.055,0.0668,0.1047,0.1181,0.1616,0.2476,0.24835,0.2491
8700,0.0004,0.0005,0.0003,0.0709,0.0583,0.0443,0.1027,0.1195,0.1342,0.2527,0.25025,0.2478
8750,0.0005,0.0005,0.0003,0.1043,0.0829,0.0501,0.1082,0.1273,0.1497,0.2525,0.25375,0.255
8800,0.0008,0.0005,0.0003,0.0859,0.0687,0.0452,0.1031,0.1457,0.1363,0.3351,0.3192,0.3033
8850,0.0005,0.0008,0.0002,0.1203,0.121,0.0677,0.107,0.1239,0.1375,0.2577,0.25775,0.2578
8900,0.0004,0.0004,0.0003,0.1936,0.2129,0.1091,0.1485,0.1653,0.1861,0.2597,0.30095,0.3422
8950,0.0005,0.0004,0.0002,0.094,0.0994,0.0558,0.1138,0.1743,0.1421,0.3428,0.32305,0.3033
9000,0.0006,0.0013,0.0008,0.2313,0.1951,0.0538,0.1163,0.1192,0.1345,0.2435,0.2678,0.2921
9050,0.0004,0.0002,0.0003,0.0522,0.0477,0.0574,0.1002,0.1168,0.1323,0.2508,0.26835,0.2859
9100,0.0004,0.0005,0.0003,0.2217,0.132,0.0816,0.1061,0.123,0.1409,0.288,0.2774,0.2668
9150,0.0005,0.0003,0.0003,0.296,0.1451,0.1099,0.1566,0.1456,0.1744,0.267,0.2672,0.2674
9200,0.0007,0.0005,0.0002,0.1035,0.0746,0.0461,0.1054,0.1224,0.1414,0.2685,0.26755,0.2666
9250,0.0005,0.0019,0.0005,0.2784,0.1589,0.1015,0.121,0.1433,0.1629,0.3274,0.32795,0.3285
9300,0.0009,0.0008,0.0006,0.2056,0.1699,0.0567,0.1103,0.1273,0.1536,0.2758,0.278,0.2802
9350,0.0005,0.0004,0.0003,0.0784,0.0611,0.0475,0.1082,0.1263,0.143,0.2784,0.2814,0.2844
9400,0.0005,0.0004,0.0004,0.0947,0.0845,0.0485,0.1102,0.129,0.1456,0.2806,0.291,0.3014
9450,0.0005,0.0003,0.0003,0.0843,0.0613,0.0478,0.1086,0.1273,0.144,0.2798,0.2795,0.2792
9500,0.0005,0.0003,0.0003,0.0563,0.0528,0.0478,0.1098,0.1288,0.1464,0.3935,0.36995,0.3464
9550,0.0004,0.0011,0.0004,0.3982,0.149,0.0972,0.1157,0.134,0.1515,0.2864,0.2856,0.2848
9600,0.0005,0.0003,0.0003,0.0643,0.1101,0.0493,0.1236,0.1245,0.1413,0.3062,0.29545,0.2847
9650,0.0005,0.0003,0.0003,0.0589,0.0629,0.0468,0.1089,0.1319,0.2013,0.3639,0.3573,0.3507
9700,0.0004,0.0004,0.0004,0.077,0.1151,0.0858,0.1319,0.1416,0.2078,0.2912,0.29165,0.2921
9750,0.0005,0.001,0.0005,0.2914,0.1732,0.0645,0.1195,0.1451,0.1704,0.2933,0.293,0.2927
9800,0.0004,0.0003,0.0004,0.0999,0.0747,0.0506,0.1167,0.1359,0.1553,0.298,0.29825,0.2985
9850,0.0005,0.0003,0.0004,0.1463,0.1919,0.1047,0.1158,0.1402,0.1668,0.2857,0.2856,0.2855
9900,0.0004,0.0004,0.0003,0.1595,0.1767,0.0611,0.1195,0.1409,0.1584,0.3029,0.3113,0.3197
9950,0.0005,0.0003,0.0003,0.1039,0.1303,0.0508,0.1279,0.1298,0.1477,0.3115,0.2985,0.2855
10000,0.0005,0.0004,0.0003,0.1415,0.1206,0.0605,0.1165,0.1415,0.1555,0.3085,0.30695,0.3054
10050,0.0005,0.0005,0.0003,0.0941,0.0808,0.049,0.1499,0.1526,0.258,0.3166,0.3046,0.2926
10100,0.0004,0.0004,0.0003,0.4096,0.2505,0.3109,0.1942,0.1557,0.1777,0.3081,0.3065,0.3049
10150,0.0005,0.0004,0.0003,0.0767,0.0903,0.0524,0.1163,0.1364,0.1934,0.3082,0.3096,0.311
10200,0.0004,0.0003,0.0003,0.0945,0.0875,0.0571,0.1232,0.1528,0.1641,0.3124,0.3102,0.308
10250,0.0005,0.0012,0.0006,0.2898,0.1522,0.0559,0.1198,0.1404,0.1592,0.3133,0.31195,0.3106
10300,0.0004,0.0003,0.0003,0.1166,0.1291,0.0523,0.1196,0.1389,0.1582,0.317,0.3169,0.3168
10350,0.0005,0.0007,0.0003,0.1389,0.1307,0.0592,0.1267,0.1428,0.1628,0.3273,0.3262,0.3251
10400,0.0004,0.0005,0.0003,0.1045,0.076,0.053,0.1207,0.1596,0.161,0.3361,0.3293,0.3225
10450,0.0004,0.0008,0.0003,0.1399,0.3487,0.2208,0.374,0.3637,0.1692,0.3262,0.3257,0.3252
10500,0.0004,0.0005,0.0003,0.1409,0.1641,0.0954,0.1264,0.1458,0.1628,0.3266,0.32775,0.3289
10550,0.0004,0.0004,0.0003,0.1003,0.0852,0.0594,0.1243,0.1481,0.1736,0.3294,0.3314,0.3334
10600,0.0004,0.0004,0.0003,0.0913,0.102,0.0675,0.126,0.1451,0.1658,0.3291,0.3282,0.3273
10650,0.0005,0.0007,0.0003,0.1742,0.2334,0.0948,0.1281,0.1603,0.1843,0.3367,0.33485,0.333
10700,0.0008,0.0003,0.0003,0.1261,0.1017,0.0544,0.125,0.1457,0.1963,0.3462,0.33815,0.3301
10750,0.0004,0.0004,0.0003,0.098,0.0817,0.0549,0.1349,0.1473,0.1684,0.3304,0.3419,0.3534
10800,0.0007,0.0006,0.0002,0.1459,0.116,0.0686,0.1391,0.1601,0.1685,0.3441,0.3397,0.3353
10850,0.0005,0.0003,0.0003,0.1033,0.0785,0.0545,0.1252,0.1487,0.1686,0.3384,0.33875,0.3391
10900,0.0007,0.0003,0.0003,0.1395,0.1421,0.0686,0.1258,0.1456,0.1726,0.4166,0.46235,0.5081
10950,0.0005,0.0006,0.0003,0.192,0.1328,0.0596,0.1382,0.1518,0.1719,0.4774,0.4311,0.3848
11000,0.0006,0.0004,0.0004,0.2209,0.1842,0.1185,0.1409,0.158,0.1733,0.3456,0.34455,0.3435
11050,0.0005,0.0004,0.0003,0.121,0.1432,0.0911,0.1432,0.1801,0.1813,0.3459,0.3453,0.3447
11100,0.0004,0.0004,0.0003,0.1324,0.1138,0.104,0.1332,0.1607,0.1768,0.3953,0.39245,0.3896
11150,0.0004,0.0004,0.0003,0.1143,0.0865,0.0799,0.1307,0.1597,0.1755,0.4758,0.413,0.3502
11200,0.0005,0.0004,0.0003,0.2046,0.1733,0.134,0.1626,0.1509,0.1995,0.3868,0.38905,0.3913
11250,0.0005,0.0005,0.0003,0.1061,0.0824,0.0628,0.1302,0.1527,0.176,0.3536,0.3545,0.3554
11300,0.0004,0.0021,0.0017,0.7999,0.5243,0.3441,0.2485,0.181,0.1798,0.358,0.35855,0.3591
11350,0.0004,0.0004,0.0003,0.1559,0.127,0.0604,0.144,0.1584,0.1788,0.3607,0.3808,0.4009
11400,0.0004,0.0003,0.0002,0.1151,0.1229,0.0613,0.1347,0.1907,0.188,0.368,0.37005,0.3721
11450,0.0005,0.0009,0.0004,0.4293,0.2653,0.1647,0.3168,0.1945,0.2124,0.3662,0.3911,0.416
11500,0.0007,0.0006,0.0003,0.1248,0.0913,0.0584,0.1325,0.155,0.1814,0.4089,0.4237,0.4385
11550,0.0005,0.0008,0.0003,0.2695,0.2548,0.1243,0.1367,0.1622,0.1807,0.3778,0.37705,0.3763
11600,0.0005,0.0004,0.0003,0.1722,0.1288,0.0599,0.1345,0.1569,0.1808,0.3749,0.37315,0.3714
11650,0.0005,0.0005,0.0003,0.1411,0.1018,0.0592,0.1355,0.1586,0.1826,0.3811,0.37755,0.374
11700,0.0005,0.0009,0.0004,0.2664,0.4699,0.2055,0.1555,0.1669,0.1866,0.3723,0.37215,0.372
11750,0.0005,0.0003,0.0004,0.1072,0.0945,0.0573,0.1315,0.1537,0.2721,0.3545,0.35675,0.359
11800,0.0004,0.0003,0.0002,0.146,0.1127,0.0607,0.1507,0.1531,0.1756,0.3791,0.37925,0.3794
11850,0.0005,0.0006,0.0003,0.1481,0.17,0.1125,0.147,0.1654,0.1851,0.3803,0.38865,0.397
11900,0.0004,0.0004,0.0003,0.1999,0.1468,0.0856,0.1392,0.1632,0.1864,0.3923,0.38655,0.3808
11950,0.0004,0.0006,0.0004,0.3402,0.3003,0.1465,0.1599,0.1753,0.1967,0.383,0.38285,0.3827
12000,0.0004,0.0003,0.0003,0.1076,0.1333,0.0772,0.1473,0.1657,0.1919,0.3844,0.38535,0.3863
12050,0.0005,0.0009,0.0004,0.1904,0.1643,0.0877,0.1469,0.1695,0.1939,0.3911,0.3879,0.3847
12100,0.0005,0.0005,0.0003,0.1379,0.0962,0.0598,0.1349,0.1985,0.2401,0.4229,0.40645,0.39
12150,0.0005,0.0004,0.0003,0.2141,0.1683,0.0909,0.1432,0.1656,0.1891,0.392,0.3906,0.3892
12200,0.0005,0.0004,0.0003,0.1542,0.1179,0.0633,0.1513,0.1561,0.1792,0.4874,0.44585,0.4043
12250,0.0004,0.0006,0.0003,0.1712,0.1401,0.1185,0.1463,0.1623,0.2337,0.3949,0.3943,0.3937
12300,0.0004,0.0003,0.0003,0.1398,0.1238,0.0761,0.1416,0.1642,0.1883,0.3957,0.39625,0.3968
12350,0.0005,0.0005,0.0002,0.2128,0.2003,0.1588,0.1593,0.1833,0.1982,0.3999,0.40085,0.4018
12400,0.0004,0.0006,0.0003,0.144,0.1048,0.0633,0.1436,0.1675,0.1928,0.4068,0.404,0.4012
12450,0.0004,0.0004,0.0003,0.3675,0.3367,0.1074,0.1659,0.1733,0.1956,0.4324,0.41845,0.4045
12500,0.0004,0.0004,0.0003,0.1415,0.1081,0.0656,0.147,0.171,0.1971,0.4083,0.4061,0.4039
12550,0.0004,0.0007,0.0003,0.1496,0.1486,0.1239,0.1459,0.1694,0.1965,0.4256,0.43325,0.4409
12600,0.0005,0.0003,0.0003,0.1835,0.1505,0.0979,0.1442,0.168,0.1928,0.4085,0.40745,0.4064
12650,0.0005,0.0003,0.0003,0.11,0.1451,0.1034,0.1745,0.1867,0.2109,0.4051,0.39515,0.3852
12700,0.0004,0.0009,0.0003,0.3411,0.17,0.0645,0.1485,0.1779,0.1979,0.4065,0.40905,0.4116
12750,0.0005,0.0017,0.0002,0.4679,0.1706,0.0658,0.1494,0.1791,0.201,0.4058,0.40695,0.4081
12800,0.0004,0.0003,0.0003,0.0829,0.1087,0.0843,0.1547,0.2262,0.2018,0.4065,0.4109,0.4153
12850,0.0005,0.0005,0.0003,0.2203,0.1421,0.0652,0.149,0.1742,0.2155,0.4092,0.42955,0.4499
12900,0.0005,0.0012,0.0003,0.1821,0.1332,0.0664,0.1482,0.1732,0.2017,0.4168,0.4132,0.4096
12950,0.0005,0.0006,0.0003,0.3792,0.4197,0.2872,0.1893,0.1911,0.2115,0.4121,0.41125,0.4104
13000,0.0005,0.0004,0.0003,0.1043,0.0854,0.0667,0.1529,0.179,0.211,0.4108,0.4161,0.4214
13050,0.0007,0.0008,0.0004,0.2623,0.2715,0.1311,0.159,0.2031,0.2141,0.4129,0.41165,0.4104
13100,0.0005,0.0004,0.0003,0.1686,0.1126,0.0644,0.1509,0.1707,0.1973,0.4426,0.41825,0.3939
13150,0.0004,0.0016,0.0005,0.426,0.4316,0.3446,0.2411,0.1782,0.2065,0.4177,0.41595,0.4142
13200,0.0004,0.0003,0.0003,0.171,0.1258,0.0679,0.1513,0.1758,0.2029,0.4149,0.41515,0.4154
13250,0.0005,0.0012,0.0004,0.7385,0.6032,0.3963,0.3285,0.2214,0.2563,0.4381,0.4339,0.4297
13300,0.0005,0.0003,0.0003,0.1966,0.1689,0.0813,0.2311,0.1707,0.1968,0.3996,0.40825,0.4169
13350,0.0005,0.0006,0.0002,0.1883,0.2859,0.2555,0.2689,0.1881,0.2779,0.4015,0.4023,0.4031
13400,0.0005,0.0008,0.0003,0.0938,0.0853,0.0648,0.1483,0.1719,0.1975,0.562,0.483,0.404
13450,0.0004,0.0005,0.0003,0.2822,0.1943,0.0884,0.1601,0.1835,0.2554,0.4301,0.42855,0.427
13500,0.0005,0.0003,0.0003,0.1414,0.1881,0.0705,0.1539,0.1732,0.1987,0.4057,0.4247,0.4437
13550,0.0005,0.0005,0.0003,0.12,0.1317,0.2922,0.953,0.882,0.2227,0.4345,0.4908,0.5471
13600,0.0004,0.0003,0.0002,0.169,0.144,0.0905,0.1565,0.1826,0.2183,0.4848,0.4667,0.4486
13650,0.0004,0.001,0.0002,0.4343,0.3266,0.1872,0.2665,0.2188,0.2426,0.4586,0.48105,0.5035
13700,0.0007,0.0006,0.0004,0.152,0.158,0.1012,0.1604,0.1933,0.2179,0.4306,0.4316,0.4326
13750,0.0005,0.0017,0.0003,0.5674,0.3,0.4297,0.3182,0.2246,0.2195,0.431,0.4304,0.4298
13800,0.0004,0.0004,0.0003,0.1026,0.1303,0.0964,0.1608,0.1843,0.2153,0.4306,0.4298,0.429
13850,0.0004,0.0009,0.0003,0.3589,0.3949,0.2145,0.1643,0.1847,0.2086,0.4392,0.4396,0.44
13900,0.0005,0.0004,0.0003,0.1447,0.1214,0.0728,0.1603,0.1887,0.2218,0.4389,0.442,0.4451
13950,0.0005,0.001,0.0004,0.2358,0.2006,0.0805,0.1613,0.1883,0.2168,0.4438,0.44235,0.4409
14000,0.0005,0.0005,0.0003,0.0999,0.1194,0.0737,0.1629,0.1971,0.2171,0.4357,0.43665,0.4376
14050,0.0004,0.0004,0.0003,0.1718,0.5165,0.4071,0.4707,0.3567,0.3219,0.4813,0.46365,0.446
14100,0.0004,0.0003,0.0003,0.207,0.1905,0.1112,0.1695,0.2396,0.251,0.4862,0.4641,0.442
14150,0.0005,0.0005,0.0003,0.1828,0.1311,0.073,0.1638,0.1922,0.2206,0.4471,0.44555,0.444
14200,0.0004,0.0015,0.0002,0.3903,0.2734,0.078,0.1724,0.1966,0.2255,0.4354,0.43725,0.4391
14250,0.0004,0.0011,0.0003,0.2429,0.1791,0.1181,0.177,0.2036,0.2288,0.4398,0.4377,0.4356
14300,0.0005,0.0004,0.0003,0.1962,0.1636,0.1075,0.1666,0.1922,0.2366,0.4794,0.49275,0.5061
14350,0.0005,0.0007,0.0005,0.3759,0.2277,0.1725,0.1784,0.1977,0.2259,0.4411,0.52905,0.617
14400,0.0005,0.0008,0.0003,0.2264,0.162,0.0845,0.1541,0.2712,0.219,0.4224,0.4324,0.4424
14450,0.0005,0.0008,0.0003,0.2757,0.1763,0.078,0.172,0.2048,0.2252,0.4465,0.44595,0.4454
14500,0.0004,0.0005,0.0003,0.1816,0.1292,0.0733,0.1664,0.1949,0.2244,0.4939,0.4752,0.4565
14550,0.0006,0.001,0.0003,0.2841,0.3569,0.0966,0.1648,0.2113,0.3197,0.4949,0.46115,0.4274
14600,0.0004,0.0003,0.0002,0.1619,0.1624,0.1288,0.1821,0.1968,0.2292,0.4575,0.4532,0.4489
14650,0.0005,0.0009,0.0004,0.2261,0.1885,0.1072,0.1651,0.1939,0.2231,0.4521,0.45205,0.452
14700,0.0004,0.0003,0.0003,0.2505,0.4207,0.134,0.1874,0.2029,0.2427,0.4503,0.45135,0.4524
14750,0.0004,0.0003,0.0003,0.1747,0.1797,0.0914,0.1705,0.2099,0.2504,0.4541,0.4531,0.4521
14800,0.0004,0.0005,0.0005,0.2526,0.2132,0.1406,0.1866,0.2063,0.3182,0.455,0.452,0.449
14850,0.0005,0.0004,0.0003,0.2266,0.2206,0.0967,0.1741,0.2091,0.2455,0.451,0.45065,0.4503
14900,0.0004,0.001,0.0004,0.2948,0.2143,0.076,0.2116,0.1934,0.2219,0.4583,0.45855,0.4588
14950,0.0005,0.0003,0.0003,0.1442,0.123,0.077,0.1728,0.2191,0.2319,0.4655,0.46325,0.461
15000,0.0005,0.0005,0.0004,0.1972,0.1595,0.078,0.1764,0.2862,0.2404,0.4569,0.4579,0.4589
15050,0.0007,0.0007,0.0003,0.2489,0.1802,0.0809,0.1744,0.2032,0.2437,0.4555,0.4552,0.4549
15100,0.0005,0.0008,0.0003,0.2674,0.2514,0.0808,0.1856,0.2101,0.2368,0.4589,0.4801,0.5013
15150,0.0004,0.0005,0.0004,0.1711,0.1371,0.0879,0.1809,0.2065,0.2397,0.4644,0.4769,0.4894
15200,0.0005,0.0003,0.0003,0.1819,0.1536,0.0836,0.177,0.2131,0.2531,0.4659,0.46465,0.4634
15250,0.0005,0.0006,0.0003,0.2034,0.1434,0.0799,0.1795,0.2534,0.2426,0.5057,0.48575,0.4658
15300,0.0008,0.0014,0.0003,0.3524,0.2086,0.0797,0.18,0.215,0.2428,0.4852,0.4732,0.4612
15350,0.0005,0.0005,0.0003,0.1398,0.1058,0.0774,0.1754,0.2046,0.2813,0.4612,0.46145,0.4617
15400,0.0004,0.0013,0.0003,0.2266,0.196,0.0822,0.1775,0.21,0.2486,0.4676,0.46675,0.4659
15450,0.0004,0.0015,0.0003,0.446,0.327,0.1304,0.1821,0.2083,0.2452,0.4709,0.4704,0.4699
15500,0.0005,0.0004,0.0003,0.2836,0.187,0.082,0.1769,0.2133,0.2653,0.4748,0.4733,0.4718
15550,0.0005,0.0012,0.0003,0.9856,0.2541,0.1825,0.186,0.2115,0.2466,0.4763,0.4755,0.4747
15600,0.0005,0.0007,0.0003,0.2406,0.2564,0.1324,0.1855,0.2085,0.2408,0.4762,0.47805,0.4799
15650,0.0005,0.0003,0.0003,0.2458,0.164,0.0807,0.1781,0.209,0.2865,0.4742,0.47415,0.4741
15700,0.0005,0.0003,0.0004,0.2397,0.227,0.1375,0.1803,0.2296,0.2563,0.4796,0.5198,0.56
15750,0.0004,0.0005,0.0003,0.2762,0.1888,0.0777,0.2102,0.2179,0.233,0.4738,0.4728,0.4718
15800,0.0005,0.0011,0.0003,0.3359,0.3364,0.1542,0.1976,0.2145,0.2467,0.4701,0.47105,0.472
15850,0.0004,0.0004,0.0004,0.2008,0.1766,0.1172,0.1828,0.2127,0.2425,0.4719,0.47315,0.4744
15900,0.0004,0.0003,0.0003,0.1794,0.2346,0.1656,0.1998,0.2183,0.2587,0.4769,0.47525,0.4736
15950,0.0004,0.0004,0.0003,0.2388,0.1716,0.0815,0.1806,0.2131,0.2436,0.4779,0.4775,0.4771
16000,0.0006,0.0004,0.0004,0.4679,0.3544,0.142,0.1757,0.2048,0.2644,0.504,0.51585,0.5277
16050,0.0006,0.0004,0.0003,0.2236,0.1767,0.1246,0.1947,0.2212,0.2514,0.4849,0.48665,0.4884
16100,0.0005,0.0719,0.0004,0.3905,0.2452,0.1908,0.2295,0.2924,0.2775,0.4838,0.48125,0.4787
16150,0.0004,0.0007,0.0002,0.2494,0.1985,0.1701,0.3006,0.3002,0.3023,0.483,0.5092,0.5354
16200,0.0007,0.0007,0.0003,0.3161,0.2823,0.2079,0.2413,0.2275,0.251,0.4884,0.51225,0.5361
16250,0.0004,0.0011,0.0003,0.3702,0.4358,0.1599,0.1897,0.2218,0.2598,0.4871,0.4855,0.4839
16300,0.0004,0.0008,0.0003,0.2642,0.2435,0.1618,0.1946,0.2214,0.2588,0.494,0.50695,0.5199
16350,0.0005,0.0003,0.0003,0.184,0.1555,0.0831,0.1877,0.2705,0.2606,0.4974,0.4966,0.4958
16400,0.0005,0.0014,0.0003,0.2204,0.1995,0.0853,0.1894,0.2215,0.256,0.4925,0.49205,0.4916
16450,0.0005,0.0007,0.0004,0.4688,0.319,0.3073,0.3493,0.3035,0.4673,0.5268,0.50985,0.4929
16500,0.0004,0.0004,0.0003,0.2367,0.1674,0.0808,0.1804,0.2935,0.2432,0.6638,0.6571,0.6504
16550,0.0005,0.0013,0.0003,0.3136,0.2058,0.0862,0.1962,0.2196,0.254,0.5002,0.50305,0.5059
16600,0.0004,0.0008,0.0003,0.3147,0.2647,0.1604,0.1898,0.2244,0.2688,0.5102,0.51235,0.5145
16650,0.001,0.0007,0.0004,0.2671,0.2892,0.1025,0.2086,0.2552,0.2689,0.5073,0.50425,0.5012
16700,0.0005,0.0006,0.0003,0.6855,0.3101,0.3198,0.2909,0.2846,0.3432,0.5288,0.5174,0.506
16750,0.0005,0.0004,0.0004,0.2906,0.2111,0.1135,0.1806,0.2109,0.2623,0.5397,0.6231,0.7065
16800,0.0005,0.0006,0.0003,0.339,0.4299,0.2866,0.2142,0.277,0.2854,0.5569,0.5572,0.5575
16850,0.0004,0.0005,0.0003,0.2852,0.2664,0.0882,0.1847,0.2603,0.2495,0.5453,0.52725,0.5092
16900,0.0005,0.0012,0.0002,0.2643,0.1899,0.0899,0.2084,0.2188,0.2532,0.4874,0.5242,0.561
16950,0.0005,0.0005,0.0003,0.2208,0.1964,0.1326,0.2131,0.2346,0.2658,0.5157,0.51725,0.5188
17000,0.0005,0.0004,0.0003,0.176,0.1868,0.0952,0.2101,0.2351,0.3145,0.5351,0.54605,0.557
17050,0.0005,0.001,0.0004,0.331,0.3475,0.2705,0.2118,0.246,0.2936,0.5412,0.5198,0.4984
17100,0.0005,0.0004,0.0004,0.1648,0.2001,0.1339,0.1888,0.2265,0.2678,0.5883,0.55255,0.5168
17150,0.0005,0.0004,0.0004,0.2308,0.1802,0.087,0.1874,0.2772,0.3179,0.5299,0.57485,0.6198
17200,0.0008,0.0005,0.0003,0.551,0.3124,0.4077,0.2434,0.2427,0.2743,0.5255,0.5222,0.5189
17250,0.0005,0.0005,0.0003,0.4642,0.2731,0.2694,0.2629,0.3461,0.289,0.9943,0.80765,0.621
17300,0.0008,0.0008,0.0003,0.3355,0.3151,0.2269,0.2253,0.2583,0.3025,0.5538,0.56245,0.5711
17350,0.0005,0.0004,0.0003,0.2747,0.2239,0.0921,0.2164,0.2404,0.2609,0.5143,0.5529,0.5915
17400,0.0005,0.0005,0.0002,0.3821,0.2394,0.15,0.2002,0.2413,0.2705,0.5356,0.53305,0.5305
17450,0.0004,0.0003,0.0004,0.2327,0.1905,0.1371,0.1968,0.2395,0.2692,0.5323,0.5314,0.5305
17500,0.0004,0.0004,0.0004,0.3186,0.3388,0.1998,0.2147,0.2348,0.2726,0.5356,0.535,0.5344
17550,0.0004,0.0004,0.0003,0.2883,0.3654,0.1013,0.2059,0.237,0.3023,0.5429,0.54665,0.5504
17600,0.0007,0.0003,0.0003,0.2218,0.2,0.0879,0.2367,0.2831,0.3156,0.5425,0.54385,0.5452
17650,0.0005,0.0011,0.0003,0.3312,0.8355,0.2778,0.2464,0.2448,0.2781,0.5918,0.57075,0.5497
17700,0.0005,0.0003,0.0003,0.2348,0.2677,0.1276,0.1963,0.2638,0.2741,0.5459,0.5462,0.5465
17750,0.0005,0.0007,0.0003,0.2668,0.1915,0.0883,0.197,0.2368,0.266,0.6398,0.5924,0.545
17800,0.0004,0.0011,0.0003,0.2728,0.2134,0.0927,0.2047,0.2389,0.2828,0.6683,0.61605,0.5638
17850,0.0005,0.0005,0.0003,0.2609,0.2217,0.0971,0.2082,0.2441,0.2922,0.5587,0.58425,0.6098
17900,0.0005,0.0008,0.0004,0.3027,0.2121,0.0921,0.2047,0.2463,0.2759,0.5471,0.54825,0.5494
17950,0.0005,0.0004,0.0003,0.2333,0.1957,0.1088,0.2332,0.2615,0.3142,0.5538,0.5931,0.6324
18000,0.0006,0.0004,0.0003,0.1915,0.1622,0.0922,0.2064,0.2432,0.2958,0.5573,0.56155,0.5658
18050,0.0005,0.0007,0.0003,0.249,0.2121,0.099,0.2072,0.2479,0.2775,0.6545,0.6168,0.5791
18100,0.0006,0.0005,0.0003,0.4263,0.2801,0.1083,0.2076,0.2531,0.2803,0.5558,0.55605,0.5563
18150,0.0005,0.0013,0.0003,0.2603,0.1953,0.0956,0.2135,0.2456,0.2825,0.5571,0.5779,0.5987
18200,0.0005,0.0006,0.0007,0.253,0.2006,0.1002,0.211,0.25,0.3065,0.5623,0.57905,0.5958
18250,0.0006,0.0014,0.0004,0.5977,0.3832,0.1994,0.2135,0.2456,0.2871,0.5659,0.5661,0.5663
18300,0.0004,0.0003,0.0003,0.2973,0.3255,0.6813,0.9849,0.4101,0.3993,0.7483,0.6447,0.5411
18350,0.0004,0.0007,0.0004,0.2928,0.1504,0.0898,0.2297,0.2856,0.2823,0.5732,0.57375,0.5743
18400,0.0006,0.0007,0.0003,0.2454,0.356,0.2316,0.2501,0.2555,0.2687,0.694,0.61705,0.5401
18450,0.0004,0.0003,0.0003,0.2394,0.4225,0.6797,0.8211,0.3757,0.459,0.5884,0.6558,0.7232
18500,0.0004,0.0003,0.0003,0.263,0.1943,0.0909,0.1991,0.2325,0.2781,0.5961,0.6392,0.6823
18550,0.0004,0.001,0.0003,0.2707,0.2088,0.103,0.2124,0.2523,0.2908,0.5828,0.5921,0.6014
18600,0.0008,0.0011,0.0003,0.5814,0.3456,0.1945,0.2145,0.2593,0.3074,0.5885,0.5923,0.5961
18650,0.0004,0.0011,0.0003,0.2719,0.2021,0.0954,0.2111,0.2561,0.3374,0.5832,0.66245,0.7417
18700,0.0007,0.0009,0.0003,0.2785,0.3921,0.2382,0.2802,0.2527,0.2885,0.5615,0.561,0.5605
18750,0.0004,0.0004,0.0003,0.1807,0.1881,0.1804,0.2338,0.2584,0.3052,0.6312,0.66305,0.6949
18800,0.0004,0.0005,0.0003,0.3019,0.1999,0.1154,0.2078,0.2438,0.2815,0.8741,0.75125,0.6284
18850,0.0006,0.0007,0.0003,0.2803,0.2942,0.1052,0.2212,0.2615,0.2917,0.5905,0.5903,0.5901
18900,0.0005,0.0006,0.0003,0.2212,0.2542,0.1625,0.2159,0.271,0.3081,0.7649,0.6889,0.6129
18950,0.0004,0.0004,0.0003,0.2278,0.2562,0.1702,0.2331,0.2807,0.3264,0.654,0.62465,0.5953
19000,0.0006,0.0003,0.0003,0.2254,0.2059,0.1059,0.2187,0.2588,0.2946,0.5996,0.6025,0.6054
19050,0.0005,0.0011,0.0005,0.4575,0.2703,0.1585,0.2141,0.2579,0.2898,0.6993,0.6636,0.6279
19100,0.0004,0.0007,0.0003,0.3026,0.2223,0.0984,0.2252,0.2552,0.3147,0.6083,0.6172,0.6261
19150,0.0004,0.001,0.0003,0.3046,0.2464,0.1774,0.2206,0.2589,0.2918,0.6026,0.60225,0.6019
19200,0.0005,0.0015,0.0005,1.0561,0.3163,0.1807,0.2245,0.2806,0.3052,0.6096,0.615,0.6204
19250,0.0008,0.0004,0.0003,0.2257,0.1699,0.0991,0.2211,0.2589,0.314,0.6053,0.62275,0.6402
19300,0.0005,0.0005,0.0003,0.3153,0.2277,0.1101,0.2259,0.2681,0.3041,0.6075,0.6268,0.6461
19350,0.0005,0.0009,0.0006,0.2998,0.2476,0.1328,0.221,0.2541,0.2939,0.6102,0.60985,0.6095
19400,0.0005,0.0004,0.0003,0.2862,0.2789,0.1827,0.2419,0.2633,0.3354,0.9147,0.82705,0.7394
19450,0.0007,0.0011,0.0003,0.2835,0.2437,0.1432,0.2792,0.2527,0.3173,0.6214,0.6386,0.6558
19500,0.0004,0.0007,0.0003,0.3473,0.2399,0.103,0.2286,0.2619,0.3031,0.6314,0.7688,0.9062
19550,0.0005,0.0011,0.0003,0.3515,0.2437,0.1012,0.2268,0.2943,0.3381,0.6785,0.69355,0.7086
19600,0.0008,0.0006,0.0002,0.3592,0.2968,0.1083,0.2372,0.2635,0.3245,0.6363,0.63435,0.6324
19650,0.0005,0.0008,0.0003,0.3051,0.3238,0.1591,0.2227,0.2576,0.2953,0.6337,0.632,0.6303
19700,0.0005,0.0005,0.0003,0.4505,0.2911,0.1674,0.2322,0.2701,0.3069,0.6352,0.64115,0.6471
19750,0.0005,0.0004,0.0002,0.2325,0.2009,0.1044,0.2414,0.2633,0.3033,0.6398,0.6477,0.6556
19800,0.0006,0.0013,0.0003,0.319,0.231,0.1,0.2482,0.2708,0.3077,0.6663,0.6606,0.6549
19850,0.0005,0.0007,0.0003,0.2738,0.1998,0.1221,0.2399,0.2642,0.3046,0.6518,0.64265,0.6335
19900,0.0004,0.0009,0.0002,0.2686,0.2341,0.1036,0.234,0.2676,0.3111,0.6342,0.63555,0.6369
19950,0.0005,0.0007,0.0003,0.3227,0.4674,0.3936,0.3136,0.2756,0.3094,0.635,0.6365,0.638
20000,0.0006,0.0006,0.0003,0.2922,0.279,0.203,0.2462,0.6118,1.0676,0.645,0.6942,0.7434
20050,0.0005,0.0006,0.0003,0.4866,0.2931,0.1133,0.2636,0.2775,0.3119,0.637,0.628,0.619
20100,0.0005,0.0006,0.0003,0.2978,0.2042,0.1025,0.233,0.2761,0.331,0.6611,0.68105,0.701
20150,0.0004,0.0008,0.0003,0.4092,0.3353,0.158,0.2547,0.2777,0.3108,0.6699,0.66255,0.6552
20200,0.0004,0.0008,0.0003,0.321,0.246,0.1054,0.2326,0.2749,0.3119,0.6468,0.6532,0.6596
20250,0.0004,0.0011,0.0003,0.3115,0.2625,0.2004,0.2346,0.2667,0.3076,0.6487,0.6482,0.6477
20300,0.0005,0.0008,0.0003,0.3436,0.429,0.2191,0.2614,0.2858,0.3279,0.652,0.6503,0.6486
20350,0.0004,0.0003,0.0003,0.2345,0.2902,0.1464,0.3078,0.3174,0.3562,0.6845,0.6533,0.6221
20400,0.0005,0.0004,0.0003,0.3632,0.3405,0.107,0.2236,0.2691,0.4102,0.8015,0.7288,0.6561
20450,0.0005,0.0004,0.0003,0.2569,0.1911,0.1059,0.2315,0.2909,0.3323,0.6786,0.66735,0.6561
20500,0.0004,0.0014,0.0005,0.9209,0.5056,0.3663,0.3327,0.3663,0.3388,0.6592,0.65925,0.6593
20550,0.0005,0.0009,0.0003,0.3692,0.3494,0.1159,0.3969,0.3636,0.338,0.6618,0.66915,0.6765
20600,0.0005,0.0006,0.0003,0.3853,0.3993,0.4306,0.7526,0.329,0.3609,0.6691,0.70805,0.747
20650,0.0006,0.0008,0.0003,0.3423,0.3374,0.1272,0.2426,0.3063,0.3568,0.7016,0.6896,0.6776
20700,0.0004,0.0005,0.0003,0.2781,0.217,0.1069,0.2328,0.2725,0.3213,0.6782,0.68275,0.6873
20750,0.0005,0.0009,0.0003,0.3181,0.2866,0.1168,0.2352,0.2984,0.3281,0.6936,0.6854,0.6772
20800,0.0004,0.0006,0.0004,0.4019,0.2876,0.1182,0.2534,0.2982,0.3258,0.677,0.6848,0.6926
20850,0.0004,0.0013,0.0003,0.349,0.3508,0.1195,0.2378,0.3103,0.3256,0.7069,0.6983,0.6897
20900,0.0004,0.0006,0.0003,0.2695,0.2465,0.214,0.4208,0.2877,0.3174,0.6842,0.68375,0.6833
20950,0.0005,0.0006,0.0004,0.3687,0.2942,0.2341,0.247,0.2804,0.3274,0.6887,0.689,0.6893
21000,0.0006,0.0007,0.0004,0.5531,0.5102,0.2921,0.2617,0.2713,0.3414,0.697,0.7542,0.8114
21050,0.0005,0.0012,0.0005,0.7136,1.1943,0.5262,0.5646,0.324,0.3574,0.7131,0.70115,0.6892
21100,0.0005,0.0005,0.0003,0.2883,0.3306,0.1475,0.2456,0.3037,0.4106,0.7051,0.70125,0.6974
21150,0.0005,0.0003,0.0003,0.2451,0.2109,0.113,0.2369,0.2982,0.4182,0.6998,0.72195,0.7441
21200,0.0008,0.0007,0.0003,0.3886,0.3058,0.1069,0.2306,0.2875,0.3833,0.7424,0.72465,0.7069
21250,0.0007,0.0011,0.0003,0.3291,0.2938,0.1287,0.2412,0.2821,0.3346,0.7017,0.7092,0.7167
21300,0.0004,0.0005,0.0003,0.2907,0.2417,0.1158,0.2426,0.3095,0.3389,0.7305,0.72025,0.71
21350,0.0005,0.0008,0.0003,0.3694,0.2771,0.2034,0.2433,0.2801,0.3212,0.7165,0.7115,0.7065
21400,0.0007,0.0004,0.0003,0.3334,0.3122,0.3565,0.2904,0.3179,0.3488,0.7068,0.7077,0.7086
21450,0.0005,0.001,0.0002,0.5769,0.2952,0.1225,0.2445,0.2849,0.3295,0.7021,0.7158,0.7295
21500,0.0005,0.0008,0.0003,0.329,0.9125,0.5385,0.7327,0.3383,0.3447,0.7096,0.7084,0.7072
21550,0.0005,0.0004,0.0003,0.3014,0.518,0.3662,0.2961,0.3148,0.3635,0.7042,0.70325,0.7023
21600,0.0004,0.0003,0.0003,0.2802,0.2683,0.2234,0.2588,0.2978,0.3501,0.7924,0.75595,0.7195
21650,0.0005,0.0003,0.0003,0.3357,0.2989,0.1104,0.2365,0.3888,0.3169,0.7007,0.72195,0.7432
21700,0.0009,0.0008,0.0004,0.4463,0.545,0.2602,0.255,0.3107,0.3379,0.7863,0.75185,0.7174
21750,0.0004,0.0003,0.0003,0.3049,0.2891,0.1838,0.2935,0.2815,0.3244,0.7256,0.72185,0.7181
21800,0.0004,0.0008,0.0003,0.3036,0.264,0.174,0.2422,0.2826,0.33,0.7455,0.73755,0.7296
21850,0.0005,0.0003,0.0003,0.7205,0.3595,0.3667,0.5835,0.5139,0.421,0.7291,0.72855,0.728
21900,0.0005,0.0007,0.0003,0.3323,0.2848,0.2243,0.2405,0.2825,0.3243,0.7236,0.7313,0.739
21950,0.0005,0.0006,0.0003,0.4155,0.3278,0.1377,0.2517,0.3184,0.3616,0.7224,0.7224,0.7224
22000,0.0004,0.0004,0.0003,0.5134,0.4496,0.2671,0.2939,0.403,0.4086,0.7566,0.74055,0.7245
22050,0.0005,0.0164,0.0007,0.3829,0.3476,0.1334,0.263,0.2979,0.3671,0.7436,0.7617,0.7798
22100,0.0005,0.0005,0.0003,0.3072,0.29,0.2099,0.2598,0.2951,0.3393,0.7294,0.72905,0.7287
22150,0.0004,0.0003,0.0003,0.4848,0.3833,0.6172,0.7552,0.3087,0.3599,0.8748,0.84575,0.8167
22200,0.0005,0.001,0.0003,0.3764,0.2684,0.1623,0.2712,0.295,0.3444,0.7373,0.7612,0.7851
22250,0.001,0.0008,0.0003,0.3886,0.288,0.1238,0.266,0.3024,0.4024,0.7375,0.73625,0.735
22300,0.0005,0.0004,0.0004,0.9448,0.4603,0.2479,0.2738,0.3091,0.3426,0.7594,0.83285,0.9063
22350,0.0006,0.0005,0.0003,0.4646,0.4356,0.3156,0.2846,0.306,0.3566,0.746,0.78005,0.8141
22400,0.0005,0.0005,0.0004,0.3432,0.3138,0.2181,0.2554,0.2956,0.3587,0.7389,0.7389,0.7389
22450,0.0005,0.0003,0.0003,0.3167,0.2481,0.3408,0.3893,0.4234,0.5159,0.7426,0.74095,0.7393
22500,0.0005,0.0006,0.0003,0.296,0.3589,0.1923,0.2585,0.3722,0.389,0.9186,0.8484,0.7782
22550,0.0006,0.0004,0.0003,0.4744,0.3603,0.2453,0.3125,0.3185,0.3607,0.749,0.7887,0.8284
22600,0.0004,0.0006,0.0003,0.3366,0.2647,0.1143,0.2553,0.2903,0.363,0.7522,0.75285,0.7535
22650,0.0005,0.0007,0.0003,0.3564,0.3421,0.1504,0.2646,0.3047,0.3582,0.7835,0.77845,0.7734
22700,0.0005,0.0007,0.0003,0.3385,0.2529,0.1208,0.302,0.3207,0.3498,0.7618,0.76845,0.7751
22750,0.0008,0.0011,0.0003,0.3707,0.2536,0.1202,0.2638,0.3104,0.3545,0.8082,0.8086,0.809
22800,0.0004,0.0004,0.0003,0.3542,0.2977,0.1401,0.2636,0.3257,0.3584,0.7877,0.7795,0.7713
22850,0.0004,0.001,0.0003,0.4027,0.3357,0.2087,0.2546,0.2982,0.3426,0.7699,0.7692,0.7685
22900,0.0005,0.0004,0.0003,0.3252,0.353,0.1445,0.4379,0.6509,0.3592,0.9153,0.84365,0.772
22950,0.0005,0.0004,0.0003,0.3461,0.4295,0.2359,0.2577,0.3083,0.3847,0.9407,0.9544,0.9681
23000,0.0006,0.0012,0.0003,0.5992,0.3304,0.215,0.2734,0.3094,0.3554,0.8216,0.8196,0.8176
23050,0.0005,0.0018,0.0005,0.6785,0.5951,0.3439,0.3976,0.3198,0.355,0.7797,0.7815,0.7833
23100,0.0005,0.0008,0.0003,0.3931,0.372,0.2344,0.2674,0.3215,0.457,0.7964,0.7902,0.784
23150,0.0006,0.0008,0.0003,1.0163,0.3342,0.3263,0.5509,0.3634,0.3715,0.8622,0.8451,0.828
23200,0.0006,0.0004,0.0003,0.3475,0.332,0.1414,0.4367,0.3019,0.4184,0.978,0.88015,0.7823
23250,0.0005,0.0014,0.0004,0.3651,0.3382,0.2283,0.2732,0.3123,0.359,0.7979,0.7951,0.7923
23300,0.0006,0.0005,0.0003,0.3491,0.3619,0.2608,0.2834,0.3082,0.3529,0.7846,0.79845,0.8123
23350,0.0005,0.001,0.0004,0.6524,0.7399,0.3997,0.4553,0.4603,0.3671,0.7887,0.8012,0.8137
23400,0.0005,0.0005,0.0004,0.4042,0.3555,0.1317,0.2596,0.3005,0.5567,0.792,0.78875,0.7855
23450,0.0005,0.0006,0.0003,0.3045,0.3715,0.3017,0.3463,0.3734,0.4046,0.8124,0.8009,0.7894
23500,0.0005,0.0005,0.0003,0.3181,0.2412,0.1217,0.2737,0.3132,0.3739,0.839,0.83165,0.8243
23550,0.0004,0.001,0.0003,0.3781,0.3097,0.1346,0.3037,0.488,0.4357,0.9127,0.92085,0.929
23600,0.0005,0.0015,0.0003,0.4224,0.5018,0.4129,0.3744,0.3834,0.4206,0.753,0.81355,0.8741
23650,0.0005,0.0211,0.0003,0.4898,0.3371,0.1369,0.2713,0.324,0.3894,0.7953,0.81225,0.8292
23700,0.0004,0.0007,0.0003,0.3878,0.291,0.1271,0.2851,0.3219,0.3753,0.7996,0.80095,0.8023
23750,0.0005,0.0009,0.0004,0.394,0.5704,0.2416,0.2632,0.3045,0.6192,0.8176,0.8338,0.85
23800,0.0004,0.0004,0.0003,0.3327,0.3561,0.1572,0.4235,0.3433,0.3773,0.8308,0.82965,0.8285
23850,0.0005,0.0005,0.0003,0.5419,0.3848,0.2841,0.4379,0.6067,0.4385,0.8182,0.82775,0.8373
23900,0.0009,0.0009,0.0002,0.3717,0.3599,0.2658,0.2898,0.3343,0.3678,0.811,0.88925,0.9675
23950,0.0005,0.0007,0.0004,0.378,0.311,0.141,0.4984,0.3218,0.374,0.8951,0.85135,0.8076
24000,0.0005,0.0008,0.0003,0.551,0.7362,0.3613,0.4532,0.3072,0.3929,0.8987,0.88605,0.8734
24050,0.0005,0.001,0.0003,0.5439,0.3079,0.1184,0.2709,0.3051,0.3954,0.8647,0.8371,0.8095
24100,0.0005,0.0006,0.0003,0.3902,0.5523,0.3679,0.4194,0.3468,0.4144,0.8135,0.8124,0.8113
24150,0.0004,0.0008,0.0003,1.2428,0.7242,0.3539,0.3076,0.3171,0.3825,0.8166,0.81545,0.8143
24200,0.0005,0.0004,0.0003,0.3499,0.3266,0.16,0.3229,0.5332,0.5634,0.8655,0.84205,0.8186
24250,0.0004,0.0006,0.0003,0.4018,0.3614,0.2085,0.3467,0.3431,0.3699,0.8963,0.8761,0.8559
24300,0.0004,0.0004,0.0002,0.251,0.257,0.1248,0.2663,0.4377,0.4013,0.8873,0.96685,1.0464
24350,0.0005,0.0004,0.0003,0.4253,0.3268,0.1185,0.3219,0.321,0.3477,0.8277,0.85195,0.8762
24400,0.0004,0.0004,0.0002,0.3136,0.2484,0.1248,0.2763,0.3643,0.3769,0.8282,0.8321,0.836
24450,0.0004,0.0008,0.0003,0.4954,0.4838,0.3303,0.2998,0.3398,0.3609,0.79,0.7891,0.7882
24500,0.0004,0.0006,0.0003,0.4097,0.5123,0.2781,0.4436,0.3221,0.3665,0.9061,0.8776,0.8491
24550,0.0006,0.0011,0.0002,0.4343,0.4628,0.3506,0.4035,0.354,0.5358,0.9735,0.89185,0.8102
24600,0.0005,0.0004,0.0004,0.3882,1.332,1.0077,1.1331,0.8358,0.5611,0.8346,0.83275,0.8309
24650,0.0005,0.0003,0.0003,0.4064,0.3752,0.2019,0.2767,0.321,0.4501,1.0188,0.95845,0.8981
24700,0.0005,0.0004,0.0003,0.3293,0.2538,0.1259,0.2749,0.3233,0.5072,0.8442,0.872,0.8998
24750,0.0005,0.0007,0.0003,0.3441,0.2742,0.1276,0.2813,0.3305,0.3884,0.9314,0.89565,0.8599
24800,0.0005,0.0006,0.0003,0.341,0.2742,0.1357,0.2869,0.3351,0.4047,0.9216,0.88845,0.8553
24850,0.0005,0.0009,0.0003,0.3914,0.3614,0.1907,0.3094,0.334,0.3947,0.8612,0.857,0.8528
24900,0.0005,0.0008,0.0003,0.3767,0.3915,0.1314,0.2759,0.3267,0.3979,0.9101,0.9945,1.0789
24950,0.0006,0.0009,0.0003,0.4291,0.3654,0.1503,0.295,0.4144,0.447,0.9058,0.869,0.8322
25000,0.0005,0.0015,0.0002,0.5356,0.3662,0.2901,0.3012,0.3388,0.3931,0.8531,0.85185,0.8506
25050,0.0004,0.0004,0.0004,0.3325,0.3241,0.1574,0.2939,0.364,1.3354,0.8931,0.89015,0.8872
25100,0.0005,0.0003,0.0003,0.3356,0.3099,0.2315,0.3323,0.3947,0.5458,0.8802,0.8674,0.8546
25150,0.0005,0.0003,0.0003,0.317,0.3864,0.1551,0.291,0.3489,0.4131,0.9494,0.98165,1.0139
25200,0.0006,0.0003,0.0003,0.3588,0.2729,0.1365,0.2851,0.3291,0.4186,0.9074,0.899,0.8906
25250,0.0009,0.0007,0.0003,0.3787,0.4415,0.1604,0.2899,0.4905,0.4546,0.9896,1.02905,1.0685
25300,0.0006,0.0008,0.0003,0.3786,0.348,0.1553,0.2993,0.3567,0.422,0.8585,0.98545,1.1124
25350,0.0005,0.0009,0.0003,0.4042,0.4435,0.3452,0.4261,0.3629,0.3971,0.9706,0.927,0.8834
25400,0.0005,0.0005,0.0003,0.3834,0.283,0.1274,0.2833,0.3345,0.3838,0.9582,0.91435,0.8705
25450,0.0005,0.0007,0.0003,0.3846,0.3058,0.2213,0.2911,0.3538,0.4024,0.8569,0.85575,0.8546
25500,0.0006,0.0007,0.0003,0.4386,0.3705,0.1561,0.2974,0.3503,0.4023,0.8633,0.85895,0.8546
25550,0.0005,0.0008,0.0003,0.4506,0.339,0.2599,0.2946,0.3465,0.3949,0.8571,0.8572,0.8573
25600,0.0005,0.0013,0.0005,0.9231,0.5713,0.4813,0.3692,0.3556,0.4075,0.8583,0.8376,0.8169
25650,0.0004,0.0004,0.0004,0.3705,0.4945,0.3277,0.4957,0.4079,0.4132,0.8589,0.8607,0.8625
25700,0.0005,0.0004,0.0003,0.3608,0.2898,0.2139,0.2956,0.346,0.4004,0.8467,0.85315,0.8596
25750,0.0004,0.0003,0.0003,0.3256,0.4151,0.203,0.2789,0.3694,0.4201,1.1347,1.00185,0.869
25800,0.0008,0.0004,0.0004,0.372,0.3121,0.2553,0.3449,0.3529,0.4079,0.8785,0.8749,0.8713
25850,0.0006,0.0004,0.0004,0.436,0.334,0.1595,0.3086,0.3517,0.4397,0.8679,0.8765,0.8851
25900,0.0004,0.0009,0.0003,0.5001,0.3575,0.2857,0.3055,0.3466,0.4034,0.8681,0.8692,0.8703
25950,0.0006,0.0007,0.0003,0.4282,0.3422,0.2653,0.33,0.3691,0.4418,0.8704,0.86875,0.8671
26000,0.0005,0.0004,0.0003,0.4702,0.6827,0.7839,0.7919,0.3897,0.4757,1.0936,1.0681,1.0426
26050,0.0005,0.0006,0.0003,0.5261,0.3906,0.3619,0.4124,0.3567,0.5307,0.8732,0.87545,0.8777
26100,0.0007,0.0004,0.0002,0.4048,0.3081,0.15,0.365,0.4076,0.4891,0.8716,0.8693,0.867
26150,0.0004,0.0007,0.0003,0.384,0.3379,0.2704,0.3161,0.3661,0.4068,0.8723,0.8708,0.8693
26200,0.0005,0.0003,0.0003,0.3318,0.2783,0.156,0.2984,0.352,0.4041,0.8843,0.88305,0.8818
26250,0.0005,0.0007,0.0004,0.3938,0.3093,0.1392,0.3005,0.3543,0.4093,0.8736,0.8775,0.8814
26300,0.0005,0.0003,0.0004,0.2845,0.2317,0.1346,0.2979,0.3499,0.4031,0.9793,0.90605,0.8328
26350,0.0005,0.0005,0.0003,0.3593,0.2822,0.1441,0.3211,0.3769,0.4156,0.8743,0.874,0.8737
26400,0.0005,0.0003,0.0003,0.3821,0.3615,0.2414,0.306,0.3633,0.4299,0.8769,0.8751,0.8733
26450,0.0005,0.0003,0.0004,0.3034,0.2281,0.1344,0.2904,0.3393,0.3916,0.8371,0.89115,0.9452
26500,0.0005,0.0006,0.0004,0.2832,0.2654,0.1321,0.2873,0.3394,0.4785,0.9552,0.89605,0.8369
26550,0.0005,0.0004,0.0003,0.3418,0.3694,0.2809,0.3134,0.3678,0.4343,1.0077,1.1203,1.2329
26600,0.0005,0.0003,0.0003,0.3918,0.3427,0.2449,0.3433,0.3412,0.3936,0.8855,0.9731,1.0607
26650,0.0005,0.0005,0.0003,0.3549,0.277,0.1408,0.305,0.3574,0.4134,0.9498,0.91695,0.8841
26700,0.0005,0.0006,0.0003,0.3273,0.2569,0.1427,0.306,0.3673,0.4209,0.8899,0.8888,0.8877
26750,0.0009,0.0008,0.0004,0.5718,0.3819,0.165,0.3181,0.3605,0.4144,0.8946,0.89335,0.8921
26800,0.0005,0.001,0.0002,0.4731,0.3692,0.2845,0.3312,0.389,0.4509,0.8977,0.90045,0.9032
26850,0.0005,0.0004,0.0003,0.4091,0.3232,0.2366,0.3211,0.3785,0.4347,0.9029,0.9009,0.8989
26900,0.0005,0.0003,0.0002,0.3503,0.3286,0.2817,0.3507,0.3661,0.428,0.9084,0.9068,0.9052
26950,0.0005,0.0011,0.0004,0.3877,0.3895,0.231,0.319,0.3687,0.4255,0.95,0.92575,0.9015
27000,0.0005,0.0004,0.0003,0.4272,0.3286,0.2439,0.3185,0.3752,0.4298,0.9069,0.91005,0.9132
27050,0.0005,0.0004,0.0003,0.4072,0.3432,0.1539,0.3262,0.3735,0.4428,0.9058,0.9049,0.904
27100,0.0005,0.0005,0.0003,0.4872,0.4355,0.3416,0.3295,0.3635,0.4225,0.9041,0.90325,0.9024
27150,0.0005,0.0006,0.0003,0.5503,0.5635,0.3583,0.307,0.3455,0.4001,0.9068,0.9208,0.9348
27200,0.0004,0.0009,0.0003,0.7975,0.4456,0.2255,0.4381,0.3745,0.466,0.9633,0.9386,0.9139
27250,0.0005,0.0006,0.0004,0.5158,0.3133,0.1364,0.2937,0.3459,0.4079,0.9345,0.92905,0.9236
27300,0.0005,0.0004,0.0003,0.711,0.4392,0.5899,1.1755,0.4049,0.5108,0.9173,0.906,0.8947
27350,0.0004,0.0005,0.0003,0.5233,0.513,0.3341,0.3312,0.3682,0.4998,0.9096,0.9119,0.9142
27400,0.0005,0.0006,0.0003,0.4872,0.3247,0.231,0.3559,0.3998,0.4608,0.9113,0.91065,0.91
27450,0.0004,0.0003,0.0003,1.56,0.9729,0.5246,0.9047,0.4724,0.4739,0.9304,0.94285,0.9553
27500,0.0006,0.001,0.0003,0.7408,0.4085,0.2899,0.3153,0.3669,0.4675,0.9284,0.9201,0.9118
27550,0.0006,0.0009,0.0005,0.6584,0.4952,0.3082,0.3131,0.3757,0.4173,0.9617,1.0273,1.0929
27600,0.0005,0.0008,0.0003,0.4416,0.3385,0.1427,0.3161,0.381,0.4498,0.9096,0.90775,0.9059
27650,0.0005,0.0012,0.0004,0.5087,0.3585,0.144,0.3128,0.3657,0.4225,0.9118,0.91745,0.9231
27700,0.0005,0.0003,0.0003,0.3921,0.3023,0.1458,0.3481,1.8712,0.7341,0.9229,0.9223,0.9217
27750,0.0006,0.0003,0.0003,0.3948,0.2887,0.1381,0.356,0.3594,0.4095,0.919,0.96935,1.0197
27800,0.0005,0.0003,0.0003,0.3368,0.3062,0.1834,0.3286,0.3767,0.4397,0.9119,0.93755,0.9632
27850,0.0005,0.0004,0.0003,0.5438,0.3854,0.1538,0.3217,0.4218,0.5327,0.931,0.9267,0.9224
27900,0.0004,0.0003,0.0002,0.3952,0.4177,0.1725,0.3212,0.3869,0.4349,0.9215,0.92085,0.9202
27950,0.0005,0.0003,0.0003,0.3569,0.2793,0.1471,0.3204,0.3813,0.4739,0.9613,0.9593,0.9573
28000,0.0005,0.0009,0.0007,0.5863,0.4406,0.207,0.389,0.4014,0.4439,0.9419,0.938,0.9341
28050,0.0005,0.0013,0.0003,0.4243,0.3513,0.154,0.3224,0.3756,0.437,1.0203,0.97115,0.922
28100,0.0004,0.0005,0.0003,0.4192,0.3812,0.2916,0.3458,0.3846,0.4338,0.9309,0.99365,1.0564
28150,0.0005,0.0013,0.0005,0.6978,0.6597,0.6836,0.7926,0.68,2.6089,0.9258,0.94195,0.9581
28200,0.0005,0.0008,0.0003,0.5507,0.6216,0.339,0.3513,0.4371,0.4829,0.9063,0.96635,1.0264
28250,0.0005,0.0015,0.0003,0.6896,0.4599,0.3868,0.3953,0.4046,0.4606,1.1182,1.03245,0.9467
28300,0.0006,0.0009,0.0004,0.542,0.4587,0.3166,0.3499,0.379,0.4385,0.9402,0.9367,0.9332
28350,0.0008,0.0004,0.0003,0.5184,0.96,1.459,1.7818,0.5364,0.5389,1.0175,0.9685,0.9195
28400,0.0004,0.001,0.0003,0.9616,0.3982,0.3096,0.3239,0.373,0.4309,0.9242,0.92365,0.9231
28450,0.0005,0.0008,0.0003,0.725,0.3519,0.277,0.3228,0.4056,0.458,0.9512,1.09605,1.2409
28500,0.0005,0.0011,0.0003,0.4768,0.4315,0.2108,0.3325,0.386,0.4421,0.9324,0.93245,0.9325
28550,0.0005,0.0005,0.0006,0.5417,0.4599,0.2391,0.3949,0.4644,0.4973,0.923,0.9406,0.9582
28600,0.0005,0.0012,0.0004,0.7064,0.3954,0.3012,0.3328,0.3834,0.494,0.9297,0.9284,0.9271
28650,0.0006,0.0011,0.0006,0.5118,0.357,0.2667,0.3368,0.3903,0.4445,0.9672,0.95155,0.9359
28700,0.0005,0.0008,0.0003,0.42,0.3929,0.2975,0.3356,0.3939,0.4438,0.9378,0.93885,0.9399
28750,0.0004,0.0008,0.0003,0.4332,0.3529,0.2877,0.3319,0.3796,0.5029,1.0733,1.09295,1.1126
28800,0.0007,0.0012,0.0003,0.5879,0.9798,0.611,1.2195,0.6145,0.4605,1.0846,1.1159,1.1472
28850,0.0007,0.0007,0.0003,0.7333,0.6192,0.3311,0.3115,0.3601,0.5304,0.9683,1.0515,1.1347
28900,0.0005,0.0005,0.0003,0.4716,0.375,0.163,0.3416,0.3881,0.4471,0.9961,1.0565,1.1169
28950,0.0009,0.0004,0.0004,0.4159,0.3533,0.2922,0.3763,0.404,0.4477,1.2212,1.10005,0.9789
29000,0.0007,0.0006,0.0003,0.4605,0.3685,0.2658,0.3275,0.3827,0.4537,1.5163,1.23255,0.9488
29050,0.0005,0.0005,0.0003,0.4744,0.4482,0.2304,0.3197,0.4373,0.728,1.1617,1.06035,0.959
29100,0.0006,0.0006,0.0003,0.4741,0.496,0.2755,0.3438,0.3986,0.4616,0.9656,1.0135,1.0614
29150,0.0005,0.0004,0.0004,0.4284,0.4454,0.1837,0.3545,0.3972,0.4583,1.1077,1.0689,1.0301
29200,0.0005,0.0005,0.0003,0.4966,0.4381,0.4384,0.9692,0.5312,0.4453,0.9548,0.9553,0.9558
29250,0.0006,0.0004,0.0003,0.4755,0.3802,0.3091,0.3716,0.4475,0.4504,0.9769,1.07445,1.172
29300,0.0004,0.0012,0.0003,0.4097,0.3271,0.1543,0.3309,0.3885,0.4529,1.0367,0.99525,0.9538
29350,0.0005,0.001,0.0003,0.4673,0.393,0.16,0.3318,0.3883,0.4535,0.9838,0.97545,0.9671
29400,0.0005,0.0008,0.0003,0.5071,0.472,0.3443,0.3743,0.3879,0.4497,1.1193,1.04875,0.9782
29450,0.0007,0.0008,0.0003,0.4581,0.4081,0.3974,0.395,0.3934,0.452,1.0276,1.0711,1.1146
29500,0.0009,0.0008,0.0004,0.4469,0.387,0.2709,0.4169,0.4839,0.5876,0.9623,0.96155,0.9608
29550,0.0004,0.0003,0.0003,0.4054,0.3334,0.1705,0.3484,0.4069,0.4619,1.073,1.1255,1.178
29600,0.0005,0.0011,0.0002,0.5845,0.5043,0.3093,0.5102,0.6547,0.5518,0.9716,0.9411,0.9106
29650,0.0005,0.0005,0.0003,0.6452,0.5168,0.6382,1.0187,0.5503,0.4987,0.9699,0.94865,0.9274
29700,0.0004,0.0004,0.0003,0.7915,0.5306,0.2985,0.4694,0.3852,0.5297,0.9859,0.98635,0.9868
29750,0.0004,0.0004,0.0006,0.5452,0.3609,0.1565,0.3365,0.3954,0.4558,0.9728,0.96705,0.9613
29800,0.0006,0.0002,0.0002,0.4546,0.6388,0.533,0.5838,0.421,0.4642,1.0661,1.0134,0.9607
29850,0.0009,0.0005,0.0002,0.5792,0.6632,0.1687,0.3428,0.4262,0.4783,1.0688,1.0244,0.98
29900,0.0005,0.0012,0.0005,0.7532,0.509,0.3516,0.4863,0.6063,0.5708,0.9956,0.9943,0.993
29950,0.0004,0.001,0.0003,0.5646,0.4966,0.1628,0.3647,0.4089,0.487,0.9767,0.9731,0.9695
30000,0.0005,0.0008,0.0003,0.5211,0.4111,0.1677,0.3458,0.4024,0.4712,0.9704,0.96955,0.9687
30050,0.0007,0.0006,0.0003,0.5183,0.4754,0.3681,0.3752,0.3953,0.4564,0.9694,1.00615,1.0429
30100,0.0006,0.0006,0.0004,0.4589,0.4975,0.3729,0.3716,0.4165,0.4896,0.9659,0.97405,0.9822
30150,0.0006,0.0007,0.0003,0.5231,0.4517,0.3682,0.3716,0.4041,0.4658,0.968,0.9683,0.9686
30200,0.0004,0.0014,0.0003,0.6641,0.6673,0.4832,0.5179,0.4135,0.4717,0.9666,0.9708,0.975
30250,0.0005,0.0008,0.0003,0.4482,0.5111,0.2195,0.3663,0.419,0.4968,0.967,0.9835,1
30300,0.0006,0.0007,0.0004,0.4657,0.455,0.26,0.3706,0.4761,0.4915,0.9776,0.97915,0.9807
30350,0.0006,0.0004,0.0003,0.5539,0.5566,0.3948,0.7953,0.4457,0.4626,0.9688,1.03405,1.0993
30400,0.001,0.0005,0.0003,0.4952,0.4663,0.3618,0.3781,0.4076,0.4715,0.9857,1.0007,1.0157
30450,0.0006,0.0003,0.0003,0.4388,0.499,0.2774,0.3307,0.4174,0.435,0.9882,0.99335,0.9985
30500,0.0004,0.0003,0.0003,0.4582,0.4585,0.2326,0.3513,0.4215,0.5043,1.3027,1.14485,0.987
30550,0.0006,0.0003,0.0003,0.4237,0.3368,0.1639,0.4675,0.4332,0.5797,1.2058,1.11265,1.0195
30600,0.0005,0.0004,0.0003,0.5014,0.346,0.1586,0.346,0.4368,0.5833,1.0237,1.0007,0.9777
30650,0.0004,0.0006,0.0004,0.4869,0.3909,0.2899,0.3495,0.4065,0.4786,0.984,0.9886,0.9932
30700,0.0006,0.0008,0.0003,0.4888,0.3698,0.2945,0.3518,0.4143,0.4855,0.9907,0.9893,0.9879
30750,0.0004,0.0006,0.0003,0.9847,0.5936,0.3287,0.3709,0.4152,0.5153,0.9849,0.9828,0.9807
30800,0.0005,0.0008,0.0003,0.6416,0.4942,0.2944,0.387,0.4526,0.6013,1.1314,1.11805,1.1047
30850,0.0006,0.0008,0.0003,0.7803,0.8007,0.6959,1.8759,1.0693,0.6768,1.0579,1.0407,1.0235
30900,0.0005,0.001,0.0003,0.7579,0.4399,0.3548,0.3835,0.4364,0.5217,1.0182,1.0094,1.0006
30950,0.0005,0.0004,0.0004,0.7238,0.9492,0.5628,0.6616,0.4282,0.4842,1.1491,1.18815,1.2272
31000,0.0004,0.0009,0.0003,0.6056,0.4054,0.3203,0.3571,0.4113,0.4814,1.0393,1.0199,1.0005
31050,0.0006,0.0004,0.0003,0.5573,0.4106,0.1973,0.3989,0.4224,0.4799,0.9983,1.0071,1.0159
31100,0.0007,0.0005,0.0003,0.5545,0.4454,0.3907,0.4631,0.4582,0.4819,1.0072,1.00405,1.0009
31150,0.0005,0.0011,0.0005,0.6105,0.5578,0.5121,0.4334,0.4408,0.5061,1.008,1.00955,1.0111
31200,0.0005,0.0008,0.0003,1.3737,0.6713,0.7751,1.2534,0.7522,0.5404,1.0169,1.01265,1.0084
31250,0.0006,0.0007,0.0003,0.5084,0.5774,1.0564,1.8485,0.6551,0.7162,1.1015,1.14755,1.1936
31300,0.0005,0.0015,0.0003,1.3431,0.4636,0.4179,0.5029,0.4772,0.5548,1.0077,1.0171,1.0265
31350,0.0006,0.0006,0.0003,0.4972,0.463,0.3753,0.4408,0.5254,0.562,1.006,1.0074,1.0088
31400,0.0005,0.0008,0.0003,0.5549,0.4857,0.329,0.3917,1.5782,0.986,1.0169,1.0155,1.0141
31450,0.0005,0.0007,0.0004,0.5204,0.3995,0.3086,0.3651,0.4462,0.6037,1.0036,1,0.9964
31500,0.0005,0.0006,0.0003,0.5714,0.6183,0.2691,0.5943,0.5104,0.7484,0.9983,1.0846,1.1709
31550,0.0008,0.0007,0.0003,0.5673,0.8425,0.8096,1.0363,0.4138,0.7137,1.0021,1.0171,1.0321
31600,0.0004,0.0003,0.0004,0.7902,0.6041,0.4649,0.4232,0.4533,0.5971,1.1148,1.1242,1.1336
31650,0.0005,0.0006,0.0004,0.6825,0.4474,0.4453,0.8266,0.4929,0.5413,0.9984,0.99945,1.0005
31700,0.0005,0.0007,0.0003,0.5329,0.5838,0.4385,0.3531,0.4179,0.529,1.0034,1.01305,1.0227
31750,0.0006,0.001,0.0005,0.8916,0.4854,0.3437,0.3645,0.421,0.4914,1.0979,1.0494,1.0009
31800,0.0005,0.0007,0.0002,0.5078,0.4014,0.1753,0.3719,0.4596,0.5834,1.0067,1.0308,1.0549
31850,0.0006,0.001,0.0003,0.4575,0.3681,0.2292,0.7328,0.75,0.8809,1.0103,1.04735,1.0844
31900,0.0007,0.0004,0.0003,0.4515,0.3675,0.2,0.4213,0.4581,0.4973,1.0098,1.0114,1.013
31950,0.0006,0.0004,0.0003,0.5589,0.3823,0.1822,0.3698,0.4912,0.5347,1.0286,1.11195,1.1953
32000,0.0008,0.0008,0.0003,0.6154,0.6715,0.4819,0.8797,0.4466,0.5018,1.0193,1.02095,1.0226
32050,0.0005,0.0004,0.0003,0.5061,0.4678,0.2085,0.4431,0.4435,0.5405,1.1057,1.10265,1.0996
32100,0.0004,0.001,0.0003,0.584,0.5952,0.2453,0.4592,0.5227,0.5877,1.013,1.0111,1.0092
32150,0.0004,0.0004,0.0003,0.5043,0.633,0.2488,0.3649,0.4405,0.5101,0.9652,0.9817,0.9982
32200,0.0007,0.0015,0.0006,0.7874,0.5983,0.5528,0.6531,0.4667,0.4652,1.01,1.0108,1.0116
32250,0.0005,0.0009,0.0003,0.6646,0.6125,0.5671,0.5417,0.5012,0.496,1.0329,1.03015,1.0274
32300,0.0005,0.0007,0.0003,0.5382,0.4144,0.1737,0.3694,0.4346,0.5003,1.1106,1.09955,1.0885
32350,0.001,0.0009,0.0003,0.5707,0.5137,0.2432,0.5168,0.503,0.524,1.2266,1.1387,1.0508
32400,0.0005,0.0003,0.0003,0.4792,0.3808,0.171,0.3676,0.543,0.5839,1.2281,1.14775,1.0674
32450,0.0007,0.0012,0.0003,0.5717,0.5165,0.28,0.4323,0.5665,0.5589,1.1076,1.07565,1.0437
32500,0.0005,0.0004,0.0003,0.4999,0.3912,0.1937,0.4543,0.5275,0.5248,1.0877,1.0621,1.0365
32550,0.0005,0.0008,0.0004,0.9794,0.6345,0.4882,0.5182,0.4327,0.5012,1.0506,1.0492,1.0478
32600,0.0005,0.001,0.0003,0.5196,0.4102,0.1894,0.3675,0.4327,0.5122,1.0341,1.03635,1.0386
32650,0.0005,0.0008,0.0003,0.5045,0.3933,0.2118,0.3721,0.4303,0.4954,1.0328,1.03945,1.0461
32700,0.0006,0.0011,0.0002,0.5125,0.4269,0.1838,0.3809,0.4352,0.5186,1.0339,1.1079,1.1819
32750,0.0008,0.0009,0.0005,0.5217,0.4334,0.3214,0.4145,0.4582,0.5078,1.0299,1.0278,1.0257
32800,0.0006,0.0006,0.0002,0.5729,0.6314,0.414,0.4318,0.5035,0.5412,1.0819,1.0624,1.0429
32850,0.0005,0.0005,0.0004,1.2479,0.6355,0.7738,0.7287,0.4638,0.5747,1.0586,1.0563,1.054
32900,0.0005,0.0009,0.0003,0.5804,0.5619,0.216,0.6241,1.1869,0.7958,1.0301,1.0172,1.0043
32950,0.0005,0.0006,0.0003,0.8302,0.7065,0.6029,0.4564,0.4492,0.5551,1.0067,1.10545,1.2042
33000,0.0005,0.0012,0.0002,0.5005,0.5596,0.2737,0.4645,0.5232,0.5246,1.056,1.08385,1.1117
33050,0.0004,0.0003,0.0003,0.5388,0.4201,0.2894,0.414,0.4824,0.4916,1.0702,1.1702,1.2702
33100,0.0009,0.0002,0.0003,0.5028,0.4937,0.1991,0.3791,0.4422,0.5188,1.0566,1.0358,1.015
33150,0.0005,0.0003,0.0003,0.5771,0.5526,0.5074,0.4029,0.4506,0.6051,1.064,1.03795,1.0119
33200,0.0006,0.0011,0.0003,0.7899,0.4439,0.2668,1.5228,1.2272,0.5584,1.0222,1.0622,1.1022
33250,0.0005,0.0015,0.0003,0.8286,0.4555,0.2024,0.3754,0.4357,0.5004,1.0728,1.0541,1.0354
33300,0.0006,0.0009,0.0003,0.5312,0.4319,0.1711,0.37,0.9296,0.7894,1.0633,1.0513,1.0393
33350,0.0004,0.0008,0.0003,0.5724,0.5359,0.2798,0.6226,0.585,0.5841,1.0412,1.1808,1.3204
33400,0.0006,0.0005,0.0003,0.6201,0.4599,0.1784,0.372,0.4682,0.518,1.6067,1.42665,1.2466
33450,0.0005,0.0006,0.0003,0.8051,0.3794,0.2179,0.4221,0.4374,0.8026,1.083,1.07815,1.0733
33500,0.0005,0.0006,0.0003,1.831,1.3545,0.4911,0.6921,0.4743,0.5759,1.078,1.07575,1.0735
33550,0.0004,0.0008,0.0003,0.5091,0.4088,0.1961,0.3877,0.4516,0.5133,1.0992,1.088,1.0768
33600,0.0005,0.0008,0.0003,0.6023,0.4908,0.1938,0.4043,0.6081,0.6037,1.0779,1.1522,1.2265
33650,0.0005,0.0006,0.0003,0.5698,0.4486,0.4343,0.5705,0.464,0.5258,1.0969,1.09355,1.0902
33700,0.0005,0.0006,0.0003,0.5653,0.4438,0.1946,0.386,0.4781,0.5521,1.1024,1.10385,1.1053
33750,0.0005,0.0007,0.0003,0.6186,0.5378,0.1949,0.3844,0.6151,0.6192,1.0919,1.0936,1.0953
33800,0.0005,0.0013,0.0003,0.5494,0.4285,0.2332,0.4166,0.4913,0.5811,1.0976,1.09505,1.0925
33850,0.0006,0.0005,0.0003,1.3507,0.7675,0.4835,0.4634,0.4614,0.5231,1.1105,1.10135,1.0922
33900,0.0004,0.0005,0.0003,0.5263,0.5834,0.2702,0.3651,0.4441,0.5604,1.0872,1.0918,1.0964
33950,0.0004,0.0007,0.0003,0.6185,0.6713,0.6834,1.092,0.5762,0.5341,1.1965,1.14645,1.0964
34000,0.0005,0.0008,0.0003,0.5193,0.4093,0.1831,0.3927,0.475,0.6187,1.0925,1.0943,1.0961
34050,0.0006,0.0009,0.0003,0.4979,0.4026,0.1801,0.4523,0.4927,0.5232,1.093,1.0983,1.1036
34100,0.0006,0.0004,0.0003,0.5455,0.5067,0.2047,0.4085,0.4533,0.551,1.1469,1.0955,1.0441
34150,0.0006,0.0006,0.0003,0.6344,0.8331,0.4165,0.4735,0.4608,0.5315,1.0994,1.12965,1.1599
34200,0.0006,0.0005,0.0003,0.6819,0.5815,0.4369,0.3997,0.45,0.5167,1.199,1.1401,1.0812
34250,0.0004,0.0006,0.0003,0.5447,0.5461,0.4243,0.4091,0.5503,0.6737,1.2661,1.1985,1.1309
34300,0.0005,0.0013,0.0003,0.7873,0.7081,0.6337,0.4206,0.4896,0.4937,1.1261,1.09775,1.0694
34350,0.0005,0.0004,0.0003,0.5832,0.4356,0.1812,0.3804,0.6054,0.9353,1.0705,1.10685,1.1432
34400,0.0009,0.0011,0.0005,1.3302,0.722,0.4446,0.4612,0.4691,0.587,1.1006,1.0996,1.0986
34450,0.0006,0.0008,0.0003,0.5126,0.4104,0.2213,0.5418,0.5906,0.5183,1.0789,1.12255,1.1662
34500,0.0005,0.0009,0.0004,0.9577,0.5936,0.5233,0.5215,0.4683,0.5784,1.181,1.14285,1.1047
34550,0.0005,0.0004,0.0003,0.5259,0.448,0.3457,0.4148,0.5331,0.5541,1.1163,1.11745,1.1186
34600,0.0005,0.0012,0.0003,0.5865,0.4678,0.2256,0.3804,0.4851,0.5538,1.1523,1.28705,1.4218
34650,0.0006,0.0004,0.0003,0.5614,0.9357,0.5652,1.015,0.509,0.6353,1.2355,1.1594,1.0833
34700,0.0004,0.0008,0.0003,0.6424,0.592,0.2113,0.398,0.5493,0.6714,1.1489,1.1463,1.1437
34750,0.0006,0.0006,0.0003,0.5321,0.805,0.5682,0.4346,0.497,0.5832,1.1306,1.12485,1.1191
34800,0.0006,0.0007,0.0004,0.6293,0.624,0.2505,0.4431,0.51,0.7054,1.1598,1.16945,1.1791
34850,0.0005,0.0004,0.0003,0.7211,0.8984,0.6705,1.1094,0.7073,0.6744,1.2142,1.16895,1.1237
34900,0.0004,0.0008,0.0003,0.6826,0.8075,0.6046,0.4353,0.5116,0.6114,1.2994,1.3517,1.404
34950,0.0007,0.0011,0.0003,0.517,0.4484,0.2263,0.3955,0.4609,0.5659,1.1666,1.15285,1.1391
35000,0.0006,0.0004,0.0003,0.5841,0.5411,0.4885,1.0141,1.0697,0.6197,1.2933,1.2165,1.1397
35050,0.0008,0.001,0.0003,0.5787,0.4632,0.2027,0.3977,0.4673,0.5427,1.1493,1.1381,1.1269
35100,0.0004,0.001,0.0004,0.7383,0.6007,0.5281,0.7031,0.5031,0.5598,1.1449,1.1572,1.1695
35150,0.0007,0.0004,0.0003,0.525,0.4206,0.1897,0.4067,0.4679,0.5729,1.5003,1.3239,1.1475
35200,0.0005,0.0004,0.0003,0.509,0.4169,0.2112,0.4151,0.4746,0.5471,1.3856,1.2664,1.1472
35250,0.0005,0.0008,0.0003,1.0326,0.552,0.4067,0.5466,0.6971,0.5513,1.1464,1.1506,1.1548
35300,0.0004,0.0009,0.0003,0.7986,0.6274,0.4056,0.4044,0.5042,0.6006,1.1456,1.17155,1.1975
35350,0.0005,0.0007,0.0004,0.5696,0.5487,0.2286,0.3996,0.484,0.5762,1.1629,1.2798,1.3967
35400,0.0006,0.0008,0.0004,0.6049,0.732,0.5646,0.8155,0.6374,0.6573,1.2615,1.22095,1.1804
35450,0.0007,0.0003,0.0003,0.6509,0.7163,0.3582,0.4664,0.7468,0.5994,1.3946,1.2807,1.1668
35500,0.0005,0.0006,0.0002,0.6428,0.6449,0.3321,0.562,0.6559,0.7592,1.1713,1.18865,1.206
35550,0.0005,0.0008,0.0003,0.6126,0.5894,0.2283,0.4097,0.5649,0.669,1.1568,1.15895,1.1611
35600,0.0004,0.0011,0.0003,0.842,0.5896,0.4005,0.4191,0.5053,0.5887,1.1559,1.16495,1.174
35650,0.0005,0.001,0.0003,0.584,0.4866,0.2114,0.6191,0.6164,0.5523,1.1602,1.1586,1.157
35700,0.0005,0.0003,0.0003,0.5667,0.6383,0.2834,0.4846,0.517,0.5659,1.16,1.1712,1.1824
35750,0.0006,0.0008,0.0003,0.5548,0.4618,0.1946,0.4398,0.5103,0.5754,1.1989,1.1909,1.1829
35800,0.0005,0.0008,0.0003,0.5385,0.4551,0.2319,0.4298,0.4871,0.5551,1.2144,1.20065,1.1869
35850,0.0006,0.0009,0.0003,0.7252,0.5154,0.295,0.6207,0.7812,0.931,1.1938,1.2064,1.219
35900,0.0006,0.0016,0.0004,0.7034,0.511,0.2379,0.4171,0.4794,0.461,1.2113,1.19925,1.1872
35950,0.0005,0.0011,0.0003,0.6159,0.5196,0.4118,0.501,0.4934,0.6042,1.1874,1.18075,1.1741
36000,0.0006,0.0006,0.0003,0.5609,0.6165,0.6909,1.8888,1.0194,1.2519,1.1675,1.173,1.1785
36050,0.0005,0.0005,0.0003,0.6624,0.8244,0.5948,0.6129,0.5251,0.6412,1.1823,1.2132,1.2441
36100,0.0007,0.0008,0.0004,0.6981,0.5931,0.4958,0.7784,0.5634,0.6003,1.3972,1.3753,1.3534
36150,0.0008,0.0009,0.0003,0.5976,0.5165,0.5714,1.4395,1.0111,0.6225,1.24,1.20875,1.1775
36200,0.0005,0.0007,0.0003,0.6066,0.6684,0.44,0.4321,0.6135,0.6854,1.3402,1.29925,1.2583
36250,0.0005,0.0021,0.0004,1.1737,0.754,0.4894,0.4666,0.5495,0.5998,1.2473,1.22425,1.2012
36300,0.001,0.0014,0.0003,0.6287,0.5115,0.4103,1.5452,0.6554,0.7169,1.3548,1.3222,1.2896
36350,0.0004,0.0008,0.0003,0.7668,0.8478,0.5759,0.4873,0.4944,0.5738,1.1929,1.52545,1.858
36400,0.0007,0.0011,0.0005,0.6251,0.5069,0.4068,0.4337,0.4832,0.5575,1.2548,1.2222,1.1896
36450,0.0005,0.0007,0.0006,0.6933,0.7194,0.6553,1.5133,0.7783,0.5576,1.1902,1.18895,1.1877
36500,0.0005,0.0012,0.0006,0.6488,0.534,0.3218,0.4231,0.4735,0.541,1.2025,1.1963,1.1901
36550,0.0005,0.001,0.0003,0.8303,0.6514,0.5688,1.0198,0.577,0.5739,1.2684,1.23295,1.1975
36600,0.0005,0.0008,0.0005,0.6962,0.5865,0.4563,0.5499,0.5728,1.1214,1.2655,1.24735,1.2292
36650,0.001,0.0009,0.0003,0.6077,0.7617,0.3827,0.4499,0.4652,0.5868,1.1995,1.34245,1.4854
36700,0.0009,0.0012,0.0003,0.6429,0.5263,0.2011,0.4265,0.6289,0.8801,1.2188,1.3295,1.4402
36750,0.0006,0.0014,0.0003,0.5897,0.4829,0.2067,0.5062,0.5611,0.9204,1.2615,1.24025,1.219
36800,0.001,0.0011,0.0003,0.5915,0.489,0.2807,0.4251,0.4955,0.5806,1.2072,1.2057,1.2042
36850,0.0005,0.0012,0.0003,0.5462,0.4829,0.2417,0.4188,0.4906,0.5741,1.2517,1.27195,1.2922
36900,0.0005,0.0015,0.0005,1.0463,0.8394,0.494,0.4614,0.5659,1.5645,1.2424,1.238,1.2336
36950,0.0006,0.0005,0.0003,0.5878,0.4606,0.3623,0.4287,0.5163,1.0604,1.2269,1.22665,1.2264
37000,0.0006,0.0006,0.0003,0.7183,0.823,0.7883,0.8672,0.5764,0.5797,1.239,1.2486,1.2582
37050,0.0005,0.0008,0.0003,0.6109,0.7489,0.4434,0.4574,0.5162,0.6484,1.4755,1.4083,1.3411
37100,0.0006,0.0004,0.0003,0.6841,0.8593,0.6585,0.9661,1.7266,1.3736,1.2171,1.2251,1.2331
37150,0.0005,0.0006,0.0003,0.6142,0.5755,0.4614,0.5549,0.4993,0.5679,1.2298,1.22895,1.2281
37200,0.0008,0.0011,0.0003,0.555,0.5612,0.2266,0.4422,0.5228,0.6011,1.2422,1.2375,1.2328
37250,0.0005,0.0005,0.0003,0.4966,0.4976,0.2278,0.4241,0.513,0.6057,1.2175,1.26575,1.314
37300,0.0005,0.0003,0.0003,0.7096,0.753,0.5274,0.4962,0.4947,0.613,1.1808,1.2814,1.382
37350,0.0005,0.0009,0.0003,0.8406,0.6345,0.4272,0.4898,0.5226,0.7107,1.1867,1.4345,1.6823
37400,0.0008,0.0005,0.0003,0.87,0.6837,0.2606,0.5349,0.5679,0.6038,1.3461,1.30385,1.2616
37450,0.0005,0.0008,0.0003,0.589,1.4932,0.6978,0.7927,0.6833,0.6294,1.1847,1.1839,1.1831
37500,0.0005,0.0011,0.0003,1.0999,1.081,0.6808,1.3435,0.7079,0.5935,1.2502,1.25135,1.2525
37550,0.0005,0.0005,0.0003,0.6181,0.5306,0.199,0.4186,0.6425,1.3551,1.3862,1.33145,1.2767
37600,0.0006,0.0185,0.0004,0.6012,0.5295,0.4908,0.6326,0.5478,0.5987,1.4264,1.39585,1.3653
37650,0.0008,0.0015,0.0004,0.7128,0.6779,0.3889,0.5709,0.5159,0.5888,1.2982,1.3072,1.3162
37700,0.0007,0.0007,0.0003,0.5244,0.5082,0.1997,0.4528,0.4948,0.567,1.2406,1.25075,1.2609
37750,0.0005,0.0009,0.0003,0.869,0.4785,0.2582,0.4415,0.4955,0.6689,1.6132,1.45165,1.2901
37800,0.0006,0.0009,0.0002,0.5745,0.4923,0.5577,1.542,0.6891,0.6412,1.2495,1.2418,1.2341
37850,0.0005,0.0007,0.0003,0.5581,0.4974,0.2034,0.4242,0.493,0.5824,1.2324,1.2635,1.2946
37900,0.0005,0.0014,0.0003,0.7202,0.9689,0.5292,0.6478,0.5043,0.5727,1.2658,1.27605,1.2863
37950,0.0005,0.0003,0.0003,0.5759,0.5222,0.343,0.5892,0.6914,0.8431,1.2612,1.27455,1.2879
38000,0.0005,0.0017,0.0004,0.9427,0.7047,0.5487,0.8341,0.7859,0.6202,1.2036,1.42115,1.6387
38050,0.0005,0.0011,0.0003,0.722,0.5288,0.2594,0.5609,0.4801,0.6465,1.2504,1.2555,1.2606
38100,0.0004,0.0006,0.0003,0.7643,0.6072,0.4673,0.418,0.487,0.5929,1.2838,1.31895,1.3541
38150,0.0005,0.0006,0.0003,0.7177,0.6346,0.4567,0.4563,0.5527,0.8729,1.2687,1.27265,1.2766
38200,0.0005,0.0008,0.0003,0.7722,0.6655,0.3284,0.4148,0.5008,0.5483,1.2864,1.30015,1.3139
38250,0.0006,0.0003,0.0002,0.5536,0.4427,0.2002,0.4612,0.5868,0.6703,1.2782,1.2858,1.2934
38300,0.0004,0.0009,0.0003,1.4681,1.0901,0.7196,0.7081,0.5281,0.9345,1.2759,1.29535,1.3148
38350,0.0007,0.0009,0.0004,0.6183,0.6495,0.4373,0.5248,0.5624,0.6356,1.2757,1.27735,1.279
38400,0.0006,0.0005,0.0003,0.7022,0.7285,0.3336,0.5718,0.648,0.6312,1.2844,1.2986,1.3128
38450,0.0004,0.0006,0.0003,0.5324,0.4992,0.2754,0.4745,0.4997,0.5786,1.2807,1.40245,1.5242
38500,0.0008,0.0008,0.0003,1.0273,0.7657,0.7422,0.925,0.6299,0.801,1.2813,1.30705,1.3328
38550,0.0005,0.0015,0.0003,0.6858,0.4988,0.3716,1.1763,0.6328,0.8057,1.3583,1.3419,1.3255
38600,0.0005,0.0012,0.0003,0.6973,0.7578,0.4449,0.4997,0.5152,0.5853,1.3255,1.40795,1.4904
38650,0.0005,0.0009,0.0004,0.6281,0.492,0.2935,0.486,0.5214,0.864,1.3024,1.30565,1.3089
38700,0.0007,0.0006,0.0002,0.7431,0.9437,0.675,1.7504,0.8573,0.6564,1.3151,1.43975,1.5644
38750,0.0009,0.0007,0.0003,0.7297,0.5724,0.2601,0.4512,0.5613,0.6289,1.2941,1.31325,1.3324
38800,0.0005,0.0014,0.0003,0.7625,0.5647,0.4381,0.4497,0.5299,0.6166,1.2974,1.30725,1.3171
38850,0.0005,0.0009,0.0003,0.6801,0.611,0.3836,0.4521,0.6035,0.5688,1.2966,1.297,1.2974
38900,0.0005,0.0004,0.0003,0.631,0.5012,0.2099,0.4683,0.5053,0.62,1.5719,1.5276,1.4833
38950,0.0006,0.001,0.0003,0.8607,0.7911,0.5947,0.5672,0.5134,0.6076,1.3238,1.3769,1.43
39000,0.0006,0.0003,0.0003,0.6211,0.6378,0.5476,0.545,0.5307,0.6056,1.2756,1.3674,1.4592
39050,0.0006,0.0009,0.0003,0.7681,0.5794,0.4366,0.4508,0.545,0.9618,1.3143,1.3137,1.3131
39100,0.0005,0.0014,0.0005,0.6758,0.6019,0.2368,0.5057,0.6018,0.6615,1.3726,1.34395,1.3153
39150,0.0005,0.0014,0.0003,0.5907,0.5304,0.23,0.4453,0.5298,0.6157,1.3207,1.36045,1.4002
39200,0.0005,0.001,0.0003,1.423,0.7013,0.5337,0.6163,0.5993,0.7013,1.3243,1.33715,1.35
39250,0.0005,0.0003,0.0003,0.8186,0.5696,0.5082,0.5809,0.5161,0.6025,1.2903,1.35065,1.411
39300,0.0005,0.0004,0.0004,0.9623,0.8831,0.5139,0.7652,0.7257,0.6986,1.5738,1.6116,1.6494
39350,0.0007,0.0009,0.0003,0.5628,0.5206,0.4323,0.4666,0.4997,0.6099,1.5256,1.4274,1.3292
39400,0.0004,0.0005,0.0003,0.6362,0.5161,0.2278,0.4435,0.5118,1.1096,1.3519,1.353,1.3541
39450,0.0006,0.0011,0.0003,0.6552,0.5766,0.2919,0.4903,0.5349,0.6207,1.3399,1.6008,1.8617
39500,0.0008,0.0011,0.0003,1.0528,0.7252,0.4822,0.5092,0.7052,0.9795,1.4045,1.39045,1.3764
39550,0.0006,0.001,0.0003,0.7567,0.7616,0.7269,1.5389,0.715,0.5981,1.364,1.35205,1.3401
39600,0.0005,0.0009,0.0003,0.6849,0.5225,0.4214,0.4579,0.5758,0.6781,1.3405,1.34705,1.3536
39650,0.0007,0.0013,0.0006,1.0819,0.8954,0.705,1.453,1.1803,0.6389,1.3399,1.4796,1.6193
39700,0.0005,0.0004,0.0003,0.6553,0.7909,0.4998,0.5051,0.686,1.2728,1.4683,1.4108,1.3533
39750,0.0007,0.0009,0.0003,0.8941,0.9344,0.5716,1.0413,0.602,0.648,1.3444,1.3452,1.346
39800,0.0007,0.0004,0.0003,0.5843,0.6427,0.3714,0.5555,0.666,2.8286,1.3603,1.3489,1.3375
39850,0.0005,0.0008,0.0003,0.6388,0.5039,0.2354,0.6664,0.7211,0.6251,1.3568,1.3488,1.3408
39900,0.0006,0.0004,0.0003,0.7039,0.8742,0.8891,0.9768,0.5716,2.3332,1.3917,1.3711,1.3505
39950,0.0006,0.001,0.0003,0.7783,1.1353,0.7488,1.2637,0.5757,0.6187,1.5323,1.44545,1.3586
40000,0.0004,0.0005,0.0002,0.6987,0.6053,0.4629,0.9316,1.6787,0.9229,1.3832,1.3885,1.3938
40050,0.0005,0.0008,0.0003,0.6178,0.5766,0.5095,0.6668,0.5363,0.6708,1.4438,1.4144,1.385
40100,0.0005,0.0008,0.0003,0.703,0.6202,0.4651,0.5604,0.5697,0.7493,1.3817,1.37305,1.3644
40150,0.0006,0.0014,0.0005,1.1747,1.2986,0.5952,0.7609,0.5408,0.6179,1.3692,1.47595,1.5827
40200,0.0005,0.0005,0.0003,0.6348,0.5614,0.2357,0.4814,0.5382,0.6726,1.3649,1.4139,1.4629
40250,0.0005,0.0005,0.0002,0.6104,1.7511,1.1381,1.8033,0.5966,0.5784,1.2978,1.31605,1.3343
40300,0.0004,0.0008,0.0004,0.7438,0.6104,0.4671,0.4835,0.5292,0.7285,1.3725,1.3682,1.3639
40350,0.0007,0.0004,0.0003,0.8716,1.6937,0.7473,1.0324,0.6393,0.8087,1.3031,1.4387,1.5743
40400,0.0005,0.0003,0.0003,0.5664,0.4584,0.306,0.5104,0.5047,0.5772,1.5017,1.4409,1.3801
40450,0.0005,0.0004,0.0003,0.6879,0.6736,0.2513,0.4472,0.518,0.5996,1.368,1.3484,1.3288
40500,0.0004,0.0004,0.0004,0.597,0.6816,0.2522,0.4457,0.5433,0.6427,1.5086,1.43915,1.3697
40550,0.0005,0.0004,0.0003,0.5707,0.5802,0.4852,0.6927,0.6929,0.6655,1.3386,1.36355,1.3885
40600,0.0004,0.0008,0.0004,0.6379,0.6891,0.571,0.5209,0.5571,0.6547,1.4934,1.4218,1.3502
40650,0.0005,0.0004,0.0003,0.6074,0.6242,0.2524,0.4591,0.556,0.6616,1.4212,1.3989,1.3766
40700,0.0005,0.0003,0.0003,0.7384,0.6161,0.4173,0.6658,0.644,0.6533,1.4427,1.56495,1.6872
40750,0.0005,0.0009,0.0003,0.614,0.6124,0.4289,0.6366,0.54,0.622,1.3828,1.4004,1.418
40800,0.0007,0.0005,0.0003,0.6275,0.5271,0.3352,0.4565,0.5827,0.6502,1.3819,1.38435,1.3868
40850,0.0006,0.0012,0.0003,0.7087,0.6679,0.538,0.9435,0.7334,0.7114,1.6505,1.611,1.5715
40900,0.0005,0.0004,0.0003,0.7306,1.8261,0.7414,1.2946,0.6974,0.7723,1.3842,1.4301,1.476
40950,0.0005,0.0007,0.0003,0.7691,0.6056,0.4912,0.5572,0.5486,0.6539,1.4259,1.4465,1.4671
41000,0.0005,0.0008,0.0003,0.6393,0.5209,0.2375,0.4577,0.5311,0.6345,1.3582,1.5423,1.7264
41050,0.0007,0.0004,0.0003,0.5949,0.638,0.5248,0.5315,0.5653,0.6657,1.4356,1.39775,1.3599
41100,0.0005,0.0004,0.0003,0.7614,0.6809,0.4576,0.6041,0.5981,0.6488,1.4052,1.40285,1.4005
41150,0.0004,0.0009,0.0003,0.7839,0.6666,0.6024,0.6559,0.6274,0.6825,1.4847,1.4456,1.4065
41200,0.0005,0.0008,0.0004,0.6945,0.6837,0.5433,0.7968,0.5846,0.6314,1.4056,1.4663,1.527
41250,0.0006,0.001,0.0003,0.6848,0.6422,0.567,1.4718,0.7968,0.6234,1.436,1.43645,1.4369
41300,0.0005,0.0003,0.0003,0.6722,1.2758,0.706,1.1929,0.9179,0.681,1.4653,1.43325,1.4012
41350,0.0004,0.0005,0.0003,0.5276,0.4421,0.2072,0.5244,0.5244,0.6483,1.5959,1.49285,1.3898
41400,0.0005,0.0003,0.0003,0.7719,0.8397,0.6452,0.6805,0.5703,0.8032,1.4703,1.4353,1.4003
41450,0.0005,0.0006,0.0003,0.5587,0.4578,0.2096,0.4407,0.7417,0.7641,1.3603,1.3784,1.3965
41500,0.0005,0.0009,0.0003,0.832,0.6742,0.4387,0.4761,0.5981,0.612,1.47,1.4818,1.4936
41550,0.0005,0.0008,0.0003,0.6486,0.5883,0.2563,0.462,0.5957,0.6665,1.4358,1.4552,1.4746
41600,0.0004,0.0006,0.0004,0.5652,0.4805,0.2278,0.5079,0.6352,0.6201,1.4437,1.445,1.4463
41650,0.0005,0.0007,0.0003,0.6853,0.672,0.4054,0.8306,0.5933,0.6911,1.4439,1.4455,1.4471
41700,0.0006,0.0007,0.0003,0.7032,0.6051,0.4385,0.478,0.5643,0.9261,1.4456,1.5992,1.7528
41750,0.0005,0.0005,0.0002,0.6001,0.5838,0.2288,0.4619,0.5402,0.6656,1.4698,1.44605,1.4223
41800,0.0006,0.0006,0.0004,0.7886,0.6136,0.4561,0.5142,0.5671,0.6895,1.4447,1.45705,1.4694
41850,0.0005,0.0016,0.0004,0.7351,0.6013,0.2239,0.4639,0.7269,0.6614,1.4191,1.45085,1.4826
41900,0.0005,0.0005,0.0002,0.5405,0.4977,0.3478,0.514,0.5452,0.6292,1.4605,1.45655,1.4526
41950,0.0004,0.0009,0.0004,0.6774,0.4994,0.2149,0.5045,0.542,0.6756,1.4818,1.45045,1.4191
42000,0.0004,0.0003,0.0003,0.6353,0.5102,0.2188,0.5077,0.6227,0.6407,1.418,1.43695,1.4559
42050,0.0005,0.0008,0.0002,0.7077,0.6343,0.4853,0.528,0.6259,0.7514,1.464,1.4643,1.4646
42100,0.0006,0.0009,0.0003,0.7207,0.5379,0.2415,0.4698,0.5494,0.752,1.7785,1.6035,1.4285
42150,0.0006,0.0004,0.0003,0.6796,0.6869,0.5432,0.7278,0.5667,0.6546,1.7022,1.6164,1.5306
42200,0.0005,0.0007,0.0003,0.7186,0.6654,0.4817,0.5441,0.5541,0.8057,1.4706,1.47635,1.4821
42250,0.0006,0.0004,0.0003,0.6284,0.5425,0.2688,0.4555,0.5337,0.615,1.4247,1.4426,1.4605
42300,0.0008,0.0004,0.0003,0.6406,0.5626,0.2192,0.4791,0.5605,0.6588,1.3994,1.41795,1.4365
42350,0.0004,0.0004,0.0003,0.5398,0.485,0.3284,0.479,0.8148,0.8296,1.4692,1.46745,1.4657
42400,0.0005,0.0008,0.0003,0.6664,0.5755,0.4064,0.6265,0.6011,0.664,1.5839,1.58415,1.5844
42450,0.0005,0.0004,0.0003,0.679,0.5176,0.219,0.4583,0.5777,0.6569,1.8002,1.6338,1.4674
42500,0.0006,0.0005,0.0003,0.6559,0.7349,0.4435,0.5636,0.6089,0.7009,1.48,1.4917,1.5034
42550,0.0008,0.001,0.0003,0.7934,0.6732,0.5228,0.4919,0.55,0.8631,1.5242,1.4956,1.467
42600,0.0005,0.0006,0.0003,1.0318,0.8688,0.6394,0.6719,0.6495,0.6273,1.4008,1.4528,1.5048
42650,0.0004,0.0008,0.0002,0.6307,0.599,0.4913,0.5332,0.5613,0.663,1.473,1.4718,1.4706
42700,0.0005,0.0016,0.0003,0.8583,0.5493,0.226,0.4734,0.5614,0.6853,1.4978,1.46655,1.4353
42750,0.0005,0.0007,0.0003,0.6129,0.5781,0.3141,0.5113,0.5531,0.7429,1.4737,1.49065,1.5076
42800,0.0005,0.0004,0.0003,1.003,0.7306,0.4672,0.4993,0.5788,0.6706,1.4452,1.48885,1.5325
42850,0.0004,0.0004,0.0003,0.6316,0.538,0.2735,0.5382,0.5709,0.6601,1.4744,1.4738,1.4732
42900,0.0006,0.0003,0.0003,0.5374,0.4827,0.2173,0.4678,0.547,1.1515,1.4831,1.4795,1.4759
42950,0.0008,0.0007,0.0004,0.6923,0.5249,0.2241,0.4652,0.5456,0.926,1.8279,1.8345,1.8411
43000,0.0008,0.0008,0.0004,1.8581,0.8505,0.7341,0.6011,0.6244,0.6842,1.4768,1.51025,1.5437
43050,0.001,0.0005,0.0003,0.6481,0.4952,0.2209,0.46,0.5428,0.6232,1.4825,1.44685,1.4112
43100,0.0006,0.0002,0.0004,0.6603,0.535,0.2507,0.4942,0.5749,0.6678,1.4835,1.46425,1.445
43150,0.0004,0.0008,0.0003,0.8721,0.5524,0.234,0.4776,0.5955,0.6706,1.4893,1.4891,1.4889
43200,0.0005,0.0006,0.0003,0.6956,0.8505,1.3071,1.5656,0.5865,0.8385,1.5153,1.6021,1.6889
43250,0.0005,0.0009,0.0003,0.6754,0.6104,0.2565,0.4827,0.6408,0.8224,1.5054,1.50345,1.5015
43300,0.0004,0.0007,0.0003,0.9732,0.5471,0.4596,0.5036,0.5742,0.6615,1.522,1.49945,1.4769
43350,0.0005,0.0011,0.0003,0.6686,0.64,0.3554,0.6466,0.6941,0.7823,1.5124,1.5775,1.6426
43400,0.0008,0.0009,0.0005,0.7922,0.8699,0.6477,1.9008,1.8423,1.8634,1.5098,1.5104,1.511
43450,0.0006,0.0006,0.0003,0.939,0.7151,0.5431,0.6809,0.5962,0.6391,1.58,1.57475,1.5695
43500,0.0006,0.0004,0.0003,0.6641,0.5682,0.234,0.4677,0.761,1.081,1.5155,1.51265,1.5098
43550,0.0005,0.0007,0.0003,0.982,0.6723,0.5035,0.5113,0.5829,0.6833,1.5173,1.5261,1.5349
43600,0.0005,0.0006,0.0003,0.6326,0.5655,0.2482,0.5082,0.5838,0.674,1.556,1.5385,1.521
43650,0.0005,0.0011,0.0003,0.8805,0.8545,0.8136,1.736,0.876,0.7126,1.6636,1.593,1.5224
43700,0.0006,0.0005,0.0003,0.7349,0.5499,0.2632,0.5686,1.0077,2.8244,1.4446,1.4888,1.533
43750,0.0004,0.0009,0.0002,0.6708,0.5528,0.2205,0.5206,0.5624,0.7024,1.8831,1.86105,1.839
43800,0.0007,0.0006,0.0003,0.8669,0.8709,0.643,1.0942,0.868,0.8794,1.5248,1.53275,1.5407
43850,0.0005,0.0004,0.0003,0.6621,0.6645,0.3286,0.5433,0.6423,0.7417,1.6175,1.71375,1.81
43900,0.0006,0.0011,0.0011,1.2315,1.0844,0.6066,0.798,0.6063,0.6974,1.7308,1.6341,1.5374
43950,0.0006,0.0004,0.0003,0.6621,0.6502,0.2948,0.5296,0.6302,0.7419,1.4908,1.4907,1.4906
44000,0.0005,0.0005,0.0003,0.6337,0.6295,0.3319,0.5,0.7137,0.7124,1.6642,1.66955,1.6749
44050,0.0005,0.0012,0.0003,0.6501,0.8789,0.364,0.5007,0.5652,0.6535,1.5808,1.5347,1.4886
44100,0.0005,0.0007,0.0003,0.6635,0.691,0.2423,0.486,0.5691,0.657,1.5664,1.52945,1.4925
44150,0.0004,0.0006,0.0003,0.6183,0.5016,0.3041,0.5122,0.5699,0.6585,1.6056,1.54815,1.4907
44200,0.0004,0.001,0.0003,0.7186,0.5935,0.4725,0.5147,0.5934,0.6641,1.5408,1.5801,1.6194
44250,0.0006,0.0004,0.0003,0.665,0.5404,0.408,0.7008,0.7724,0.9097,1.5402,1.5371,1.534
44300,0.0005,0.0012,0.0003,0.8077,0.565,0.2797,0.5208,0.6062,0.7921,1.5623,1.5501,1.5379
44350,0.0005,0.0008,0.0003,0.6291,0.5697,0.2446,0.4911,0.6068,0.6773,1.5127,1.57415,1.6356
44400,0.0004,0.0003,0.0004,0.6985,0.6553,0.2617,0.5049,0.6947,0.6783,1.5511,1.5617,1.5723
44450,0.0005,0.0008,0.0003,0.6757,0.585,0.4555,0.5056,0.5791,0.6668,1.5644,1.56335,1.5623
44500,0.0005,0.0004,0.0005,0.691,0.534,0.2388,0.562,0.9772,0.7266,1.5468,1.63135,1.7159
44550,0.0006,0.0008,0.0004,0.7678,0.6006,0.4863,0.5775,0.6629,0.7215,1.5524,1.53505,1.5177
44600,0.0005,0.0004,0.0004,0.8434,1.0186,0.6517,0.7269,0.6066,0.6973,1.554,1.58005,1.6061
44650,0.0005,0.0011,0.0004,0.9736,0.8579,0.8187,1.7907,0.7181,0.6603,1.5138,1.57655,1.6393
44700,0.0005,0.0014,0.0003,1.0305,0.7953,0.4968,0.6598,0.6984,0.8401,1.6312,1.64255,1.6539
44750,0.0006,0.0004,0.0004,0.6183,0.6388,1.1262,1.3934,0.8222,0.671,1.5942,1.55595,1.5177
44800,0.0004,0.0006,0.0002,0.614,0.5048,0.2327,0.4945,0.6325,0.6914,1.5666,1.5776,1.5886
44850,0.0005,0.0005,0.0005,1.5808,0.9516,0.6673,0.8547,0.6175,0.8375,1.5704,1.58355,1.5967
44900,0.0006,0.0003,0.0003,0.6733,0.5932,0.2943,0.4992,0.5841,0.6751,1.5637,1.5889,1.6141
44950,0.0005,0.0006,0.0003,0.8347,0.7287,0.2965,0.5851,0.8717,0.9263,1.737,1.6608,1.5846
45000,0.0006,0.0004,0.0003,0.6707,0.6044,0.2396,0.5366,0.5861,0.7175,1.5383,1.5612,1.5841
45050,0.0004,0.0011,0.0004,0.842,1.0192,0.8565,1.6796,2.1025,0.9934,1.5766,1.5813,1.586
45100,0.0005,0.0008,0.0002,0.7769,0.7184,0.403,0.7499,0.7612,0.7415,1.5733,1.6395,1.7057
45150,0.0006,0.0003,0.0003,0.6775,0.5985,0.2313,0.5689,0.623,0.6724,1.5941,1.58845,1.5828
45200,0.0005,0.0008,0.0003,0.6531,0.5374,0.2611,0.5949,0.6488,0.7549,1.6676,1.70565,1.7437
45250,0.0006,0.0003,0.0003,0.7121,0.5433,0.2501,0.5122,0.586,2.0112,1.5516,1.57555,1.5995
45300,0.0006,0.0004,0.0004,0.643,0.7379,0.5366,0.6119,0.6957,0.7303,1.5935,1.5972,1.6009
45350,0.0005,0.0005,0.0002,0.845,0.7391,0.3932,0.526,0.6981,0.7163,1.6332,1.59535,1.5575
45400,0.0004,0.0004,0.0003,0.6471,0.6443,0.2873,0.507,0.6382,0.7016,2.1376,1.8726,1.6076
45450,0.0005,0.0009,0.0004,0.9584,1.6653,1.2349,1.6007,0.709,1.3146,1.7659,2.03025,2.2946
45500,0.0006,0.0008,0.0004,1.078,1.3107,0.7556,0.8545,0.6553,0.7715,1.6785,1.70185,1.7252
45550,0.0006,0.0009,0.0003,0.8292,0.6849,0.2587,0.5044,0.5902,0.6858,1.7019,1.65855,1.6152
45600,0.0004,0.0003,0.0003,0.603,0.7495,0.3095,0.5134,0.626,1.6611,1.5793,1.60065,1.622
45650,0.0006,0.0007,0.0003,0.6887,0.7303,0.3655,0.5955,0.6324,0.7095,1.786,1.77315,1.7603
45700,0.0005,0.0003,0.0002,0.6388,1.2157,0.912,0.9412,0.6039,0.697,1.6411,1.65305,1.665
45750,0.0005,0.0003,0.0003,0.6633,0.8463,0.4956,0.5587,0.6265,0.7791,1.5881,1.6509,1.7137
45800,0.0005,0.001,0.0003,0.7681,0.7567,0.508,0.5365,0.6044,0.6921,1.6261,1.688,1.7499
45850,0.0007,0.0005,0.0004,0.6787,0.5702,0.3818,0.623,0.7886,0.7033,1.717,1.6912,1.6654
45900,0.0006,0.0009,0.0003,0.7389,0.7148,0.2922,0.539,0.6883,0.7818,1.6416,1.6333,1.625
45950,0.0004,0.0005,0.0003,0.9812,0.608,0.236,0.5083,0.8394,0.701,1.6418,1.6357,1.6296
46000,0.0004,0.0004,0.0004,0.6275,0.5138,0.248,0.5068,0.5955,0.6865,1.7077,1.65005,1.5924
46050,0.0004,0.0012,0.0004,0.7568,0.6783,0.2707,0.5189,0.612,0.7051,1.5998,1.61725,1.6347
46100,0.0005,0.0004,0.0003,0.907,0.703,0.3553,0.5139,0.6082,0.7305,1.602,1.5985,1.595
46150,0.0004,0.0006,0.0004,0.6945,0.6293,0.2851,0.5127,0.6329,0.9553,1.9056,1.75345,1.6013
46200,0.0006,0.0005,0.0003,0.9765,0.6742,0.5509,0.5598,0.6261,0.8372,1.6442,1.64255,1.6409
46250,0.0004,0.0008,0.0004,0.7744,0.6294,0.261,0.5106,0.5968,0.6903,1.8314,1.73935,1.6473
46300,0.0005,0.0012,0.0003,0.7259,0.5724,0.2477,0.5117,0.5999,0.7892,1.6748,1.67625,1.6777
46350,0.0005,0.0004,0.0002,0.6874,0.5827,0.2565,0.5105,0.5985,0.8264,1.62,1.6162,1.6124
46400,0.0004,0.0004,0.0003,0.663,0.6855,0.3849,0.6035,0.6054,0.6986,1.7641,1.7097,1.6553
46450,0.0006,0.0008,0.0004,0.9849,0.7379,0.5672,0.6392,0.6399,0.7042,1.6537,1.772,1.8903
46500,0.0006,0.0009,0.0003,0.8306,0.705,0.4754,0.5315,0.6046,1.8683,1.6333,1.66205,1.6908
46550,0.0004,0.0005,0.0003,0.7225,0.6026,0.2622,0.5884,0.646,0.7341,1.6482,1.6483,1.6484
46600,0.0005,0.0008,0.0003,0.7982,0.6379,0.3228,0.5602,0.6183,0.7244,1.6097,1.7894,1.9691
46650,0.0005,0.0008,0.0003,0.7235,0.8068,0.4746,0.8294,0.6346,1.9761,1.7582,1.69915,1.6401
46700,0.0005,0.0006,0.0003,0.6875,0.5809,0.2521,0.5154,0.6043,0.7389,1.6615,1.6567,1.6519
46750,0.0004,0.0003,0.0002,0.7751,0.6159,0.5338,0.6351,0.7038,0.9219,1.9885,1.8833,1.7781
46800,0.0006,0.0003,0.0003,0.9007,0.6724,0.4092,0.8589,0.9076,0.7082,1.7331,1.67255,1.612
46850,0.0005,0.0003,0.0003,0.6336,0.6344,0.2758,0.5409,0.6094,0.7009,1.9929,1.8989,1.8049
46900,0.0006,0.0005,0.0003,0.7162,0.5974,0.2919,0.5732,0.8739,0.7209,1.6986,1.6763,1.654
46950,0.0005,0.0007,0.0003,0.6844,0.6074,0.3035,0.5533,0.6159,0.7113,1.8347,1.80435,1.774
47000,0.0008,0.001,0.0003,0.8108,0.7767,0.6815,0.9779,0.6431,0.7728,1.758,1.813,1.868
47050,0.0006,0.0008,0.0004,0.9083,0.9057,0.5147,1.7147,1.65,0.9833,1.7561,1.7009,1.6457
47100,0.0005,0.0012,0.0003,0.9164,0.6254,0.2532,0.5234,0.7009,0.8384,1.7643,1.74175,1.7192
47150,0.0005,0.0007,0.0003,0.7319,0.5798,0.2754,0.667,0.6222,0.8587,1.8951,1.8094,1.7237
47200,0.0004,0.0007,0.0003,0.6898,0.6181,0.341,0.6961,0.7277,0.7503,1.6966,1.67745,1.6583
47250,0.0004,0.0007,0.0003,0.7435,0.6356,0.2787,0.559,0.6889,0.8675,1.6692,1.6761,1.683
47300,0.0005,0.0004,0.0003,0.9431,0.6898,0.2895,0.5207,0.6243,0.736,1.6312,1.72185,1.8125
47350,0.0012,0.0004,0.0003,0.754,0.5989,0.2877,0.5278,0.6125,0.707,1.6877,1.76955,1.8514
47400,0.0005,0.0005,0.0003,0.7427,0.6523,0.3084,0.5853,0.6603,0.9509,1.9082,1.802,1.6958
47450,0.0005,0.001,0.0003,1.0752,0.6387,0.5733,0.8939,0.697,0.7062,1.9263,1.97945,2.0326
47500,0.0009,0.0009,0.0003,0.7304,0.6945,0.2779,0.5534,0.6326,1.6354,1.7169,1.68045,1.644
47550,0.0005,0.0007,0.0003,0.7934,0.6486,0.3299,0.5705,0.678,0.7567,1.8588,1.83085,1.8029
47600,0.0005,0.0008,0.0002,0.8022,0.8413,0.4138,0.6667,0.6197,0.7116,1.7078,1.75155,1.7953
47650,0.0005,0.0003,0.0003,0.7681,0.6299,0.2727,0.5265,0.6164,2.2472,1.6502,1.64835,1.6465
47700,0.0005,0.0006,0.0003,0.7343,0.6285,0.3972,0.5386,0.6709,0.8654,1.7546,1.75785,1.7611
47750,0.0005,0.0009,0.0003,0.749,0.6003,0.2603,0.5909,0.689,0.7364,1.676,1.7003,1.7246
47800,0.0005,0.0007,0.0004,0.7932,0.6462,0.3436,0.5922,1.004,2.0101,1.7054,1.71565,1.7259
47850,0.0006,0.0008,0.0003,0.8283,0.6745,0.2994,0.5498,0.8707,0.8884,1.7598,1.79835,1.8369
47900,0.0006,0.0008,0.0003,0.898,0.6132,0.2559,0.5276,0.6721,0.9227,2.0124,1.91325,1.8141
47950,0.0009,0.0006,0.0002,0.7047,1.6585,1.0417,1.8424,1.1897,0.795,2.1482,1.90505,1.6619
48000,0.0006,0.0004,0.0003,0.7424,0.7452,0.431,0.6463,0.6438,0.7358,1.6777,1.70865,1.7396
48050,0.0005,0.0007,0.0004,0.7125,0.6001,0.2608,0.6094,0.6711,0.7181,1.7073,1.6967,1.6861
48100,0.0004,0.0009,0.0003,0.7667,0.7411,0.3695,0.7928,0.7663,1.0368,1.7088,1.7122,1.7156
48150,0.0006,0.0006,0.0004,0.7719,0.8782,0.4414,0.7296,0.7425,0.8031,1.7478,1.7788,1.8098
48200,0.0008,0.0009,0.0003,0.9889,0.8936,0.9816,2.5869,1.9053,1.1007,1.8697,2.1598,2.4499
48250,0.0006,0.0005,0.0004,0.7605,0.9067,0.5051,1.2037,0.9425,1.096,1.6763,1.95135,2.2264
48300,0.0005,0.0007,0.0003,0.8048,0.7329,0.699,0.6456,0.6519,2.4577,1.7332,1.7278,1.7224
48350,0.0005,0.001,0.0003,0.7519,0.7435,0.3012,0.5466,0.629,0.7891,1.7493,1.76435,1.7794
48400,0.0005,0.0007,0.0003,0.7353,0.6221,0.3431,0.6084,0.6774,0.7229,1.6875,1.68505,1.6826
48450,0.0004,0.0006,0.0003,1.2084,0.7751,0.5614,0.5923,0.6553,0.7714,1.991,1.8411,1.6912
48500,0.0005,0.0003,0.0004,0.7406,0.5697,0.2834,0.5382,0.8747,0.9119,1.8269,1.7767,1.7265
48550,0.0005,0.0008,0.0003,0.8167,0.7092,0.2891,0.6459,0.8208,0.9428,1.7406,1.73735,1.7341
48600,0.0005,0.0008,0.0004,0.9911,0.8628,0.6095,0.5751,0.6519,0.8901,1.7979,1.8863,1.9747
48650,0.0005,0.0004,0.0003,0.9336,0.9043,0.6601,0.8484,0.714,0.7367,1.7636,1.85815,1.9527
48700,0.0009,0.0007,0.0003,0.7225,0.6257,0.2797,0.5402,0.628,0.7255,1.6954,1.7129,1.7304
48750,0.0005,0.0005,0.0004,0.6553,0.6034,0.2739,0.5404,0.6369,0.7655,2.0905,1.9219,1.7533
48800,0.0004,0.0015,0.0005,0.9365,0.8583,0.6357,0.5849,0.6464,0.7495,1.7696,1.7514,1.7332
48850,0.0006,0.0008,0.0003,0.7396,0.825,0.8016,0.6856,0.6946,0.8556,1.7588,1.754,1.7492
48900,0.0005,0.0009,0.0003,0.8017,0.8641,0.3818,0.5765,0.6441,0.7414,1.8438,1.797,1.7502
48950,0.0006,0.001,0.0003,0.8328,0.6781,0.3032,0.5852,0.7401,1.3605,1.7957,1.8069,1.8181
49000,0.0005,0.0013,0.0003,0.8728,0.7814,0.5153,1.0365,0.8313,0.8927,1.7526,1.74945,1.7463
49050,0.0004,0.0005,0.0003,0.7744,0.714,0.3151,0.5643,0.6661,0.8195,1.7677,1.76755,1.7674
49100,0.0005,0.0008,0.0003,0.7997,0.6758,0.5929,0.7309,0.8217,0.781,2.1239,2.07735,2.0308
49150,0.0006,0.0005,0.0003,0.8519,0.8412,0.7326,0.5882,1.2479,0.9023,2.8303,2.36365,1.897
49200,0.0006,0.0007,0.0003,0.7587,0.8243,0.3498,0.5663,1.8827,2.3867,1.956,2.0331,2.1102
49250,0.0005,0.0007,0.0004,0.7507,0.7839,0.7748,0.5744,0.7288,1.1008,1.7208,1.70765,1.6945
49300,0.0005,0.0008,0.0003,0.978,0.879,0.5982,0.6435,0.7192,0.8348,1.7661,1.78085,1.7956
49350,0.0005,0.001,0.0003,1.0497,1.4775,1.319,1.2423,0.7671,0.7872,1.7932,1.98395,2.1747
49400,0.0006,0.001,0.0003,0.8411,0.8515,0.4,0.6434,0.7039,0.8198,1.7968,1.78495,1.7731
49450,0.0004,0.0015,0.0003,1.0364,0.769,0.6039,0.5851,0.7535,0.7904,1.8057,2.13275,2.4598
49500,0.0008,0.0008,0.0004,0.7983,0.8125,0.4613,0.6778,0.6555,0.747,1.7735,1.78285,1.7922
49550,0.0005,0.0007,0.0003,0.936,0.8629,0.4379,0.7863,0.7517,0.7924,1.8547,1.8554,1.8561
49600,0.0005,0.0009,0.0003,0.7867,0.6609,0.3238,0.6769,0.6889,0.77,2.2024,1.9957,1.789
49650,0.0005,0.0004,0.0003,0.8251,1.3074,0.7248,1.4227,0.9144,0.9426,1.7889,1.85045,1.912
49700,0.0007,0.0008,0.0004,0.8148,0.6876,0.348,0.6124,0.6907,1.2076,1.7884,1.79545,1.8025
49750,0.0005,0.0005,0.0003,1.2221,0.7882,0.6289,0.6307,0.663,0.7631,2.2359,2.01525,1.7946
49800,0.0005,0.0009,0.0003,0.8196,1.0495,0.3904,0.6123,0.7154,0.8509,1.7575,1.75165,1.7458
49850,0.0004,0.0006,0.0003,0.7965,0.7649,0.3717,0.5249,0.9905,1.1806,1.8836,1.8783,1.873
49900,0.0007,0.0006,0.0004,1.1717,1.3787,1.0311,1.3604,0.707,0.7938,2.0219,1.92905,1.8362
49950,0.0005,0.0004,0.0003,0.8015,0.8322,0.3339,0.5637,0.6799,1.1119,1.7776,1.7859,1.7942
50000,0.0005,0.0004,0.0003,1.0526,0.6769,0.5702,0.7503,0.731,0.8537,1.9381,1.9203,1.9025
