Muestras,Insertar0,InsertarM,Insertar1,Buscar0,BuscarM,Buscar1,Eliminar0,EliminarM,Eliminar1
50,0.0008,0.0005,0.0004,0.0459,0.0351,0.0351,0.0003,0.0336,0.0325
100,0.0006,0.0003,0.0003,0.0642,0.074,0.0773,0.0004,0.0611,0.0613
150,0.0008,0.0004,0.0003,0.175,0.1616,0.0877,0.0003,0.0855,0.0849
200,0.0007,0.0003,0.0003,0.1136,0.1118,0.1126,0.0003,0.1114,0.1109
250,0.0005,0.0003,0.0003,0.1387,0.137,0.1362,0.0003,0.1352,0.1338
300,0.0005,0.0003,0.0003,0.1772,0.1582,0.2183,0.0004,0.197,0.1718
350,0.0006,0.0003,0.0003,0.1893,0.1863,0.194,0.0003,0.1849,0.1841
400,0.0005,0.0003,0.0002,0.216,0.2109,0.21,0.0003,0.2096,0.2077
450,0.0005,0.0004,0.0004,0.3421,0.2731,0.2962,0.0004,0.258,0.2427
500,0.0006,0.0003,0.0003,0.3665,0.3538,0.356,0.0005,0.3559,0.3529
550,0.0006,0.0003,0.0002,0.2996,0.2981,0.3101,0.0004,0.3165,0.2951
600,0.0005,0.0003,0.0003,0.3158,0.3102,0.3155,0.0003,0.309,0.3077
650,0.0007,0.0005,0.0004,0.4226,0.3464,0.3388,0.0003,0.3339,0.3371
700,0.0006,0.0003,0.0003,0.3611,0.3677,0.3588,0.0003,0.3608,0.3577
750,0.0005,0.0003,0.0002,0.3927,0.3862,0.3855,0.0003,0.3915,0.3851
800,0.0005,0.0002,0.0004,0.4111,0.4141,0.4142,0.0003,0.4459,0.427
850,0.0006,0.0003,0.0003,0.454,0.4381,0.4356,0.0003,0.4336,0.4354
900,0.0005,0.0003,0.0003,0.4716,0.4643,0.4634,0.0003,0.4613,0.4837
950,0.0006,0.0003,0.0003,0.4977,0.5136,0.4948,0.0003,0.4973,0.4913
1000,0.0005,0.0004,0.0002,0.5208,0.5138,0.5119,0.0003,0.5192,0.5089
1050,0.0005,0.0003,0.0003,0.5378,0.5476,0.5433,0.0003,0.5447,0.5407
1100,0.0005,0.0005,0.0004,0.6876,0.5593,0.5647,0.0003,0.5622,0.5565
1150,0.0005,0.0003,0.0003,0.5859,0.6335,0.5905,0.0003,0.5907,0.585
1200,0.0005,0.0003,0.0003,0.6167,0.6094,0.6182,0.0003,0.6158,0.6067
1250,0.0004,0.0003,0.0003,0.6468,0.6452,0.6623,0.0005,0.6718,0.6391
1300,0.0004,0.0003,0.0003,0.671,0.6596,0.6721,0.0003,0.6662,0.6603
1350,0.0005,0.0003,0.0003,0.7929,0.9308,0.912,0.0006,0.9344,0.6963
1400,0.0005,0.0003,0.0002,0.7248,0.7307,0.7289,0.0003,0.7259,0.7176
1450,0.0005,0.0002,0.0003,0.7508,0.7439,0.7441,0.0003,0.7408,0.7465
1500,0.0008,0.0003,0.0003,0.7755,0.7725,0.7712,0.0003,0.8705,0.7815
1550,0.0004,0.0002,0.0003,0.8234,0.8003,0.7925,0.0003,0.7871,0.7798
1600,0.0006,0.0003,0.0003,0.818,0.8355,0.8165,0.0003,0.8078,0.8067
1650,0.0005,0.0003,0.0003,0.8396,0.8367,0.8459,0.0003,0.9904,0.8402
1700,0.0007,0.0003,0.0003,0.8703,0.8777,0.8661,0.0004,0.8603,0.8593
1750,0.0007,0.0003,0.0003,0.9517,0.8699,0.9068,0.0003,0.8908,0.886
1800,0.0005,0.0004,0.0003,0.9178,0.9159,0.9318,0.0004,0.9322,1.2053
1850,0.0005,0.0003,0.0003,0.9446,1.0038,1.056,0.0003,0.9981,1.0466
1900,0.0007,0.0005,0.0003,1.2602,0.9493,1.0139,0.0004,1.0054,0.9946
1950,0.0005,0.0004,0.0003,1.0039,1.145,1.136,0.0003,0.9632,0.9637
2000,0.0004,0.0003,0.0003,1.0272,1.3408,1.0158,0.0003,1.029,1.0344
2050,0.0005,0.0003,0.0003,1.0454,1.0356,1.0347,0.0003,1.0351,1.028
2100,0.001,0.0004,0.0003,1.4296,1.4154,1.0666,0.0004,1.0799,1.0803
2150,0.0005,0.0002,0.0003,1.2064,1.0956,1.1035,0.0003,1.0883,1.0873
2200,0.0004,0.0003,0.0003,1.1715,1.1236,1.1388,0.0004,1.1166,1.1204
2250,0.0006,0.0003,0.0003,1.158,1.1358,1.1361,0.0003,1.1339,1.131
2300,0.0005,0.0003,0.0003,1.1803,1.1719,1.3709,0.0003,1.1049,1.199
2350,0.0006,0.0003,0.0002,1.1962,1.2043,1.1918,0.0003,1.1829,1.1812
2400,0.0005,0.0003,0.0003,1.2162,1.4072,1.5802,0.0009,1.5393,1.6082
2450,0.0005,0.0003,0.0003,1.226,1.1887,1.2363,0.0003,1.3568,1.1767
2500,0.0005,0.0003,0.0003,1.2854,1.5612,1.2968,0.0004,1.4967,1.2997
2550,0.0005,0.0003,0.0003,1.3004,1.27,1.2245,0.0003,1.4036,1.4053
2600,0.0005,0.0006,0.0004,1.9862,1.343,1.4229,0.0005,1.3493,1.3237
2650,0.0005,0.0003,0.0003,1.3445,1.349,1.2971,0.0002,1.5347,1.6189
2700,0.0005,0.0003,0.0003,1.3978,1.5491,1.5157,0.0004,1.3905,1.3747
2750,0.0005,0.0003,0.0003,1.4533,1.4074,1.4175,0.0003,1.4229,1.408
2800,0.0005,0.0002,0.0003,1.6721,1.4166,1.4079,0.0003,1.3978,1.3988
2850,0.0005,0.0002,0.0003,1.5221,1.3813,1.4477,0.0003,1.4887,1.6697
2900,0.0005,0.0006,0.0005,1.5836,1.5401,1.4536,0.0003,1.4369,1.4532
2950,0.0004,0.0003,0.0003,1.5076,1.6407,1.678,0.0004,1.623,1.5259
3000,0.0005,0.0003,0.0002,1.5297,1.511,1.5878,0.0004,1.51,1.8165
3050,0.0005,0.0003,0.0003,1.5591,1.6339,1.5564,0.0005,1.5783,1.5363
3100,0.0006,0.0003,0.0003,1.5657,1.5542,1.5562,0.0003,1.6056,1.6949
3150,0.0005,0.0011,0.0005,1.7401,1.6461,1.5802,0.0005,1.5342,1.7922
3200,0.0006,0.0003,0.0002,1.5677,1.6187,1.6449,0.0004,2.0933,1.6243
3250,0.0005,0.0003,0.0003,1.6329,1.6277,1.6417,0.0003,1.6414,1.7043
3300,0.0005,0.0003,0.0003,2.0357,2.0768,1.6784,0.0004,1.6973,1.6931
3350,0.0006,0.0002,0.0003,1.7814,2.035,1.7369,0.0006,1.7592,1.9995
3400,0.0006,0.0003,0.0003,1.7099,1.7171,1.7208,0.0003,1.8452,1.7247
3450,0.0006,0.0003,0.0003,1.7364,1.7865,1.7634,0.0004,1.7689,1.7502
3500,0.0005,0.0003,0.0002,1.7561,1.8657,1.7548,0.0003,1.8467,2.4896
3550,0.0009,0.0003,0.0003,1.7656,1.8745,1.8194,0.0003,1.7337,1.8876
3600,0.0005,0.0004,0.0003,2.7484,3.0173,2.1752,0.0004,2.4645,2.1004
3650,0.0005,0.0003,0.0003,1.8609,2.4479,2.3999,0.0004,1.8499,1.8191
3700,0.0005,0.0003,0.0003,2.061,1.8294,1.9227,0.0004,2.0651,1.9786
3750,0.0005,0.0003,0.0003,2.1522,1.9477,1.9693,0.0004,1.9696,1.8639
3800,0.0006,0.0003,0.0003,2.0088,2.1179,1.8814,0.0004,1.994,2.218
3850,0.0007,0.0003,0.0003,2.065,2.6106,2.4556,0.0003,2.0742,1.9422
3900,0.0006,0.0003,0.0003,2.7155,1.9563,1.9762,0.0004,1.9571,1.9609
3950,0.0006,0.0003,0.0003,1.9806,2.0358,2.3451,0.0004,2.0399,2.4553
4000,0.0005,0.0004,0.0003,2.0309,2.2134,2.1325,0.0003,2.1084,2.0161
4050,0.0006,0.0003,0.0003,2.0528,2.1058,2.0463,0.0003,2.0408,2.0351
4100,0.0005,0.0003,0.0003,2.0545,2.4586,2.1036,0.0004,2.1223,2.1198
4150,0.0005,0.0004,0.0003,2.2129,2.1366,2.417,0.0004,2.1286,2.1161
4200,0.0008,0.0007,0.0004,2.6994,2.2417,2.3397,0.0005,2.1777,2.1413
4250,0.0006,0.0003,0.0003,2.2906,2.1991,2.3214,0.0005,2.1186,2.6407
4300,0.0005,0.0003,0.0003,2.209,2.1567,2.347,0.0004,2.1196,2.2329
4350,0.0009,0.001,0.0004,2.3312,2.5462,2.2816,0.0003,2.1591,2.4992
4400,0.0005,0.0002,0.0003,2.2658,2.5929,2.2246,0.0004,2.2104,2.5425
4450,0.0006,0.0003,0.0003,3.4982,2.3764,2.321,0.0003,2.5265,2.3215
4500,0.0006,0.0003,0.0003,2.3759,2.3034,2.2827,0.0005,2.26,2.279
4550,0.0006,0.0003,0.0003,2.4476,2.6194,2.6501,0.0006,2.4093,2.2974
4600,0.0005,0.0003,0.0003,2.4048,3.2037,3.5963,0.0004,2.5627,2.3335
4650,0.0005,0.0003,0.0003,2.3319,2.7489,2.4495,0.0004,2.446,2.3763
4700,0.0005,0.0003,0.0003,2.4952,2.6782,2.8249,0.0005,2.4502,2.4869
4750,0.0006,0.0003,0.0003,2.3542,2.4612,2.7473,0.0004,2.4262,2.3908
4800,0.0006,0.0003,0.0003,2.4145,2.4121,2.4656,0.0008,2.4597,2.4143
4850,0.0005,0.0003,0.0003,2.4352,2.4698,2.4707,0.0003,2.5104,2.6663
4900,0.0005,0.0003,0.0003,2.4779,2.5016,2.4646,0.0003,2.46,2.5904
4950,0.0005,0.0005,0.0003,2.8008,2.5424,2.4751,0.0003,2.4851,3.7216
5000,0.0006,0.0003,0.0003,3.3007,2.7761,2.6055,0.0004,3.9035,2.6045
5050,0.0005,0.0003,0.0003,2.5451,2.7066,3.0455,0.0006,3.0506,2.7126
5100,0.0006,0.0003,0.0003,2.6037,2.6256,2.6464,0.0003,3.345,2.6773
5150,0.0005,0.0003,0.0003,3.1637,2.7458,2.6977,0.0003,2.8869,3.1222
5200,0.0006,0.0003,0.0003,2.7346,2.6294,2.7468,0.0003,3.2325,2.8527
5250,0.0004,0.0003,0.0003,2.6492,2.6218,2.6359,0.0003,2.6539,2.6508
5300,0.0006,0.0003,0.0003,2.6771,2.8199,2.7389,0.0003,3.106,3.028
5350,0.0005,0.0003,0.0003,2.6797,2.6853,2.8665,0.0004,4.2306,2.8246
5400,0.0006,0.0003,0.0003,3.09,2.6473,3.2699,0.0003,2.8644,2.7231
5450,0.0005,0.0003,0.0003,2.7166,2.6972,3.8416,0.0004,3.2076,2.8279
5500,0.0005,0.0003,0.0003,2.7942,2.8572,2.8651,0.0003,2.8393,2.799
5550,0.0005,0.0003,0.0003,2.8702,3.1922,2.9733,0.0003,2.9685,2.8286
5600,0.0005,0.0005,0.0003,2.984,4.1055,3.1782,0.0005,2.8062,2.9143
5650,0.0005,0.0003,0.0003,3.423,3.5963,3.4339,0.0007,3.3089,3.4771
5700,0.0008,0.0003,0.0003,3.2251,3.0722,3.1092,0.0005,3.183,3.0354
5750,0.0005,0.0003,0.0003,3.0275,2.9426,2.9888,0.0004,3.006,2.9275
5800,0.0004,0.0003,0.0003,3.0123,3.301,3.083,0.0007,3.4809,2.9117
5850,0.0006,0.0003,0.0003,2.9586,3.2763,3.5185,0.0005,2.9594,3.0124
5900,0.0005,0.0003,0.0003,2.9414,3.38,3.2028,0.0003,3.3566,3.1865
5950,0.0004,0.0004,0.0003,3.0594,3.0309,2.9891,0.0004,2.9764,2.9841
6000,0.0009,0.0003,0.0003,3.3844,3.0409,3.3333,0.0004,3.0768,3.2236
6050,0.001,0.0003,0.0003,3.2084,3.1094,3.0918,0.0004,3.1329,3.4239
6100,0.0005,0.0003,0.0003,3.0993,3.1001,3.1362,0.0003,3.157,3.0966
6150,0.0007,0.0003,0.0003,3.2522,3.0784,3.6614,0.0008,3.3171,3.5838
6200,0.0005,0.0003,0.0003,3.1182,3.3602,3.3503,0.0004,3.4977,3.1359
6250,0.0005,0.0003,0.0003,3.8095,3.5833,3.2267,0.0005,3.1881,3.1583
6300,0.0007,0.0008,0.0003,3.3359,3.1906,3.2102,0.0005,3.1492,3.5386
6350,0.0004,0.0003,0.0003,3.205,3.1974,3.2579,0.0007,4.0925,3.1774
6400,0.0006,0.0003,0.0003,3.3497,3.2564,3.2302,0.0004,3.1995,3.2593
6450,0.0005,0.0003,0.0003,3.506,3.968,3.3149,0.0004,3.5037,3.3476
6500,0.0007,0.0005,0.0003,3.6772,3.5377,5.2092,0.0005,3.521,3.2896
6550,0.0005,0.0003,0.0002,3.2556,4.2499,3.9196,0.0006,3.4103,3.3322
6600,0.0006,0.0003,0.0003,3.803,3.3793,3.3572,0.0003,3.6113,3.3088
6650,0.0009,0.0005,0.0003,3.4397,3.3427,3.5761,0.0004,3.7905,3.5164
6700,0.0005,0.0003,0.0003,3.3943,3.3886,3.673,0.0005,3.7677,3.3901
6750,0.0005,0.0003,0.0003,3.4623,3.7596,3.4719,0.0005,3.5113,3.4071
6800,0.0005,0.0004,0.0003,3.5898,3.6356,3.5788,0.0003,3.4225,4.2295
6850,0.0008,0.0004,0.0003,3.6808,3.4847,3.8812,0.0004,3.8601,3.4594
6900,0.0005,0.0003,0.0003,3.5495,3.687,3.5782,0.0003,3.5172,3.7489
6950,0.0015,0.0004,0.0004,3.521,3.4724,3.5079,0.0005,3.7964,3.5054
7000,0.0005,0.0003,0.0004,3.5108,3.5046,3.9405,0.0004,3.9432,3.5461
7050,0.0006,0.0003,0.0003,3.5536,4.5869,3.5513,0.0004,3.546,3.7714
7100,0.0007,0.0004,0.0003,3.7147,3.7109,3.5802,0.0003,5.0135,4.1637
7150,0.0006,0.0002,0.0003,3.6493,4.4995,3.8146,0.0004,3.7397,4.1875
7200,0.0006,0.0006,0.0003,3.9924,3.6556,3.6897,0.0005,5.0512,4.5236
7250,0.0005,0.0003,0.0003,3.6635,4.3549,4.0609,0.0006,3.8072,3.6527
7300,0.0005,0.0011,0.0008,5.1186,3.8477,3.7108,0.0003,4.237,3.8022
7350,0.0006,0.0003,0.0003,3.8249,4.0715,6.0734,0.0006,3.9861,3.89
7400,0.0005,0.0015,0.0005,4.7863,4.0019,5.6256,0.0007,3.7202,3.6911
7450,0.0005,0.0003,0.0003,3.7779,4.3993,4.2721,0.0004,4.113,3.7772
7500,0.0005,0.0003,0.0003,3.8404,3.7571,3.7848,0.0005,4.2618,3.7672
7550,0.0004,0.0003,0.0003,3.8127,4.3907,4.1262,0.0004,5.2842,4.2323
7600,0.0007,0.0003,0.0003,4.5852,4.0951,4.5312,0.001,4.9446,3.9667
7650,0.0007,0.0003,0.0003,4.2147,4.4527,4.2335,0.0005,4.0055,4.1354
7700,0.0008,0.0004,0.0002,3.9419,3.9568,4.5282,0.0012,4.2561,3.9756
7750,0.0006,0.0003,0.0003,4.1828,3.9573,3.8889,0.0003,4.0434,4.4178
7800,0.0006,0.0002,0.0002,4.2959,5.9876,4.6907,0.0005,4.3731,5.3761
7850,0.001,0.0003,0.0002,4.1122,4.2895,4.0195,0.0003,5.0167,4.0349
7900,0.0005,0.0008,0.0002,4.3085,4.1618,4.0163,0.0003,4.109,4.0264
7950,0.0005,0.0003,0.0003,4.0245,4.0485,5.0437,0.0009,4.5361,4.0223
8000,0.0005,0.0002,0.0002,4.2947,4.4613,4.161,0.0004,4.2011,5.28
8050,0.0005,0.0003,0.0003,4.0906,4.1922,4.8552,0.0006,4.4105,4.3871
8100,0.0006,0.0002,0.0003,6.7146,6.0625,5.0304,0.0009,4.3244,4.0994
8150,0.0005,0.0005,0.0004,4.6982,4.2333,4.1605,0.0003,4.4321,5.0666
8200,0.0005,0.0003,0.0003,4.1949,4.2794,4.5589,0.0004,4.2558,4.1683
8250,0.0005,0.0002,0.0003,4.6337,4.2214,4.3389,0.0004,4.6056,4.7793
8300,0.0006,0.0003,0.0002,4.2349,4.738,4.2474,0.0004,4.2544,4.1865
8350,0.0013,0.0009,0.0005,4.6327,4.4218,4.2189,0.0004,4.207,4.2306
8400,0.0005,0.0003,0.0003,4.2241,4.4429,4.6477,0.0005,4.2418,4.9505
8450,0.0009,0.0003,0.0003,4.3541,4.4009,4.6796,0.0006,4.2779,4.335
8500,0.0006,0.0007,0.0004,5.0216,5.3487,4.4206,0.0004,5.4552,4.4159
8550,0.0006,0.0003,0.0003,4.3008,4.4483,4.3826,0.0004,4.6308,5.9201
8600,0.0006,0.0006,0.0003,4.3262,4.5793,4.6946,0.0007,4.4955,4.5978
8650,0.0007,0.0007,0.0003,4.8721,4.3619,4.4167,0.0007,4.7418,4.6101
8700,0.0006,0.0003,0.0003,4.5451,4.4722,4.3741,0.0007,4.5652,5.0342
8750,0.0006,0.0005,0.0002,4.3972,5.1758,4.4942,0.0005,4.4888,4.9461
8800,0.0013,0.0006,0.0003,4.7603,4.508,4.8577,0.0011,4.8065,4.4552
8850,0.0006,0.0003,0.0003,4.525,4.5292,4.4928,0.0004,4.6926,4.8384
8900,0.0006,0.0004,0.0003,4.5238,5.2291,4.8554,0.0005,4.6374,5.1491
8950,0.0011,0.0003,0.0003,4.7163,4.6675,4.6767,0.0005,4.6511,4.6665
9000,0.0006,0.0003,0.0003,5.3605,4.7524,5.3102,0.0007,4.6963,6.1687
9050,0.0006,0.0003,0.0003,4.8271,4.6719,4.9079,0.0004,5.1389,4.6278
9100,0.0006,0.0003,0.0003,5.2471,4.8246,4.9583,0.0005,5.0213,4.854
9150,0.0006,0.0003,0.0003,5.1346,5.3809,5.1254,0.0007,4.9536,5.1019
9200,0.0012,0.0004,0.0003,4.7767,4.6827,5.8417,0.0007,4.7559,4.666
9250,0.0006,0.0014,0.0003,4.9008,4.7642,4.8919,0.0004,4.6597,4.5643
9300,0.0005,0.0005,0.0003,5.0426,4.8825,5.0379,0.0004,4.723,4.7428
9350,0.0006,0.0006,0.0003,4.9673,5.2528,4.9767,0.0005,4.7157,5.5278
9400,0.0004,0.0003,0.0003,4.7376,5.0331,5.1187,0.0005,4.5526,4.661
9450,0.0012,0.0004,0.0003,4.6891,4.7966,5.1496,0.0004,4.6462,4.7089
9500,0.0004,0.0003,0.0003,5.9197,5.3454,5.2465,0.0005,4.8292,4.7798
9550,0.0008,0.0008,0.0003,5.0935,4.8611,4.888,0.0006,5.4309,4.8957
9600,0.0005,0.0005,0.0003,5.5099,4.8526,4.8999,0.0005,4.8462,6.8532
9650,0.0006,0.0003,0.0003,4.874,5.5965,5.0232,0.0004,4.8628,5.4651
9700,0.0005,0.0004,0.0003,4.8962,5.5418,5.3757,0.0006,5.0219,4.8562
9750,0.001,0.0003,0.0003,4.9764,4.7705,5.5729,0.0007,4.7877,5.2985
9800,0.0011,0.0003,0.0003,5.1683,5.2339,5.1492,0.0005,5.1581,4.9661
9850,0.0005,0.001,0.0004,5.7499,5.4423,5.0298,0.0004,5.0121,5.5629
9900,0.0007,0.0005,0.0002,5.748,5.3972,5.1457,0.0005,5.1205,5.0002
9950,0.0005,0.0003,0.0003,5.5871,5.0828,5.7923,0.0011,5.9291,5.5638
10000,0.0005,0.0004,0.0003,5.1947,5.4956,5.0276,0.0005,5.0195,5.3129
10050,0.0006,0.0003,0.0003,6.4698,5.2761,5.0735,0.0004,5.1539,5.2102
10100,0.0005,0.0003,0.0002,5.4483,6.0375,5.3829,0.0004,5.2773,5.4883
10150,0.0005,0.0005,0.0003,5.2735,5.1705,5.1073,0.0003,6.2309,5.3595
10200,0.0007,0.0004,0.0003,5.4832,5.671,5.2023,0.0006,5.3238,5.9092
10250,0.0006,0.0006,0.0004,5.9938,5.1549,5.2017,0.0006,5.1863,5.2575
10300,0.0006,0.0005,0.0002,6.4759,5.3891,5.512,0.0005,5.6351,5.2895
10350,0.0005,0.0005,0.0003,6.2269,5.5173,5.5023,0.0005,5.565,5.5858
10400,0.0006,0.0004,0.0003,5.5212,5.4893,5.3068,0.0004,6.4022,5.3121
10450,0.0005,0.0003,0.0003,5.566,5.4144,5.6035,0.0004,5.7382,5.2997
10500,0.0006,0.0003,0.0002,7.1115,5.3914,5.4354,0.0004,5.6966,5.3111
10550,0.0013,0.0007,0.0003,7.8853,5.9675,6.1367,0.0005,7.5299,5.7158
10600,0.0012,0.0005,0.0003,6.7483,6.2557,5.4606,0.0004,5.6511,5.8438
10650,0.0007,0.0002,0.0003,6.2112,5.4346,5.5297,0.0007,6.1374,5.4142
10700,0.0005,0.0002,0.0002,5.9124,5.4241,6.4802,0.0007,6.2878,5.7443
10750,0.0008,0.0006,0.0003,5.7002,5.4306,6.1456,0.0005,5.9922,5.613
10800,0.0007,0.0005,0.0003,5.4146,5.6418,6.178,0.0005,5.8126,6.8745
10850,0.0012,0.0004,0.0002,5.6081,6.017,5.9149,0.0004,5.7675,5.7112
10900,0.0005,0.0004,0.0003,6.2705,6.2292,5.5377,0.0007,5.6512,5.7719
10950,0.0005,0.0003,0.0005,5.5985,6.4812,5.515,0.0005,5.6743,5.4785
11000,0.0005,0.0003,0.0002,6.1646,6.8121,5.6062,0.0006,5.7119,5.9186
11050,0.0005,0.0003,0.0003,5.7794,5.8187,5.4329,0.0003,6.5862,5.7422
11100,0.0008,0.0003,0.0002,6.2098,5.7405,6.3523,0.0007,5.5966,5.78
11150,0.002,0.0008,0.0003,6.0846,5.6735,5.6829,0.0005,5.6353,5.6633
11200,0.0017,0.0003,0.0003,5.9511,5.9554,5.6674,0.0006,5.6511,5.5723
11250,0.0005,0.0005,0.0003,5.8502,6.1914,6.4973,0.0008,5.7647,6.4313
11300,0.0005,0.0004,0.0003,5.617,6.8377,5.9931,0.0004,5.937,5.5299
11350,0.0005,0.0003,0.0003,6.4774,6.2032,5.8519,0.0004,6.4139,5.6593
11400,0.0008,0.0005,0.0003,6.1854,6.1498,6.5059,0.0006,5.8782,6.1492
11450,0.0007,0.0005,0.0003,5.797,5.8386,5.7802,0.0004,5.7561,5.7844
11500,0.0009,0.0006,0.0003,5.7465,6.1539,6.0136,0.0004,6.4166,7.2725
11550,0.0007,0.0004,0.0003,6.4974,6.2499,5.8078,0.0004,5.8442,5.8197
11600,0.0005,0.0003,0.0003,7.5945,6.2002,6.2051,0.0004,5.9374,6.412
11650,0.0017,0.0009,0.0003,6.3193,6.15,5.8752,0.0005,6.1214,5.8372
11700,0.0005,0.0003,0.0003,6.4589,6.1641,6.503,0.0006,5.9934,5.9673
11750,0.0005,0.0006,0.0003,6.3717,6.8325,6.7992,0.0008,6.1582,6.6828
11800,0.0006,0.0004,0.0003,5.8948,6.471,7.1692,0.0004,6.1828,5.949
11850,0.0005,0.0003,0.0003,5.9743,7.4555,6.288,0.0004,6.1655,6.1696
11900,0.0005,0.0003,0.0002,6.586,6.4041,5.9704,0.0004,7.0583,5.7763
11950,0.0005,0.0004,0.0003,6.379,6.6324,6.2833,0.0005,6.5865,6.7129
12000,0.0009,0.001,0.0004,6.4576,6.5669,6.3914,0.0005,6.4537,6.9543
12050,0.0005,0.0003,0.0003,6.306,6.5887,6.29,0.0005,6.1655,6.4356
12100,0.0013,0.0007,0.0004,6.4039,6.8569,6.301,0.0006,6.0509,7.9326
12150,0.0011,0.001,0.0004,8.4864,6.2416,6.2289,0.0004,6.1768,6.6348
12200,0.0009,0.0006,0.0003,8.2835,6.6462,6.7247,0.0005,7.7803,6.2531
12250,0.0006,0.0007,0.0003,6.9102,6.2589,6.3374,0.0004,6.2525,7.1306
12300,0.0006,0.0006,0.0007,8.253,6.5206,7.9097,0.0039,6.5125,6.495
12350,0.0006,0.0009,0.0004,6.9461,6.5272,6.5911,0.0006,6.9909,6.9981
12400,0.0011,0.0006,0.0003,6.8204,6.4102,6.612,0.0004,6.6833,6.1221
12450,0.0008,0.0004,0.0015,7.3692,6.416,6.8962,0.0005,6.5207,6.66
12500,0.0006,0.001,0.0006,6.4227,6.4491,7.6491,0.0007,6.3907,6.4155
12550,0.0007,0.0003,0.0004,7.3015,6.5895,6.6788,0.0004,6.2755,7.0406
12600,0.001,0.0005,0.0003,6.8321,6.9254,6.5591,0.0006,6.7536,6.4892
12650,0.0006,0.0006,0.0003,6.4986,7.3758,6.5696,0.0004,6.455,6.4673
12700,0.0005,0.0003,0.0002,7.1027,7.7753,6.6243,0.0004,6.5462,6.3291
12750,0.0005,0.0005,0.0003,7.6922,7.2369,9.3276,0.0008,10.0938,6.644
12800,0.0005,0.0003,0.0003,8.0145,6.852,6.6195,0.0005,6.4365,6.6711
12850,0.0005,0.0003,0.0002,7.9754,6.8129,6.6763,0.0006,7.0944,6.5629
12900,0.0008,0.0003,0.0003,8.2528,7.5812,6.5397,0.0004,6.8014,8.542
12950,0.0005,0.0004,0.0003,7.1363,6.5565,6.7456,0.0005,6.8773,6.6204
13000,0.0005,0.0007,0.0003,7.9455,6.8796,7.2466,0.0006,7.6155,7.9153
13050,0.0009,0.0003,0.0003,7.2632,6.9347,6.885,0.0006,7.0301,6.5097
13100,0.003,0.0003,0.0003,7.1152,6.7631,6.6448,0.0004,7.4466,6.7356
13150,0.0005,0.0003,0.0003,7.8774,6.7392,6.6459,0.0005,6.8438,8.0571
13200,0.0007,0.0003,0.0003,7.0723,7.1931,7.0314,0.0004,6.6652,6.5934
13250,0.0005,0.0007,0.0004,7.5013,7.0205,6.9106,0.0004,7.0392,8.4044
13300,0.0006,0.0003,0.0003,6.9737,7.4853,7.9187,0.0007,6.7892,7.4754
13350,0.0007,0.0003,0.0003,7.036,7.398,6.7752,0.0004,7.644,6.9968
13400,0.0006,0.0004,0.0003,7.2565,6.9762,7.8,0.0005,7.1009,8.4328
13450,0.0007,0.0003,0.0003,7.4124,7.5748,8.4866,0.0008,6.9764,7.1434
13500,0.0007,0.0006,0.0003,6.7378,7.2904,7.1266,0.0004,7.6732,7.2282
13550,0.0007,0.0005,0.021,7.4628,6.8381,7.27,0.0005,6.9045,7.1968
13600,0.0005,0.0005,0.0003,7.1171,7.6403,6.8818,0.0004,7.9754,6.8355
13650,0.0007,0.0004,0.0003,6.8609,7.2762,6.7944,0.0004,7.8425,6.8555
13700,0.0005,0.0003,0.0003,7.4128,7.0277,7.8044,0.0005,7.4163,7.3941
13750,0.0005,0.0003,0.0003,7.3726,7.3798,8.2619,0.0009,7.7826,6.9865
13800,0.0006,0.0003,0.0003,7.3242,8.1037,7.1325,0.0004,7.4833,6.9323
13850,0.0004,0.0003,0.0003,7.6809,7.0224,8.0943,0.0006,7.2628,7.3912
13900,0.0005,0.0003,0.0003,7.634,7.3551,7.3382,0.0006,7.2952,7.455
13950,0.0007,0.0003,0.0002,7.1812,8.2809,7.2126,0.0005,7.3106,7.3033
14000,0.0005,0.0008,0.0003,7.6908,8.9606,7.6047,0.0008,7.3697,7.1162
14050,0.0005,0.0003,0.0002,7.6679,7.6678,7.1613,0.0004,7.0914,7.4657
14100,0.0008,0.0004,0.0003,8.2645,7.2851,7.6271,0.0007,7.0378,8.056
14150,0.0008,0.0006,0.0003,8.5123,7.9281,8.0774,0.0005,7.4683,7.7534
14200,0.0008,0.0004,0.0003,7.2886,7.9114,9.017,0.0005,7.7255,7.6162
14250,0.0005,0.0008,0.0003,8.2882,8.5458,8.5323,0.0006,8.3011,8.1449
14300,0.0006,0.0005,0.0003,7.6601,7.6066,7.5545,0.0005,7.9639,7.308
14350,0.0006,0.0003,0.0003,7.3678,7.8174,7.4436,0.0005,7.746,7.4998
14400,0.0005,0.0003,0.0003,7.5112,7.7493,9.1178,0.0005,7.7579,7.3058
14450,0.0007,0.0003,0.0003,8.5238,7.4346,7.8022,0.0009,7.4601,7.73
14500,0.0012,0.0012,0.0003,8.2146,8.6607,7.5942,0.0004,7.8929,7.7693
14550,0.0005,0.0003,0.0003,7.6351,7.7204,7.9769,0.0009,7.4516,8.0277
14600,0.0006,0.0003,0.0003,7.4303,7.8169,7.4305,0.0006,8.7129,7.7738
14650,0.0224,0.0003,0.0003,7.4719,8.096,7.726,0.0004,9.6994,8.0943
14700,0.0005,0.0003,0.0003,7.5266,7.5182,7.9517,0.0004,9.0871,7.6303
14750,0.0005,0.0005,0.0003,7.7671,8.6499,7.9218,0.0005,7.943,7.9829
14800,0.0005,0.0008,0.0004,7.6595,8.7232,8.182,0.0008,7.6842,7.4497
14850,0.001,0.0012,0.0002,8.3312,7.7862,7.645,0.0005,8.0606,7.7587
14900,0.0009,0.0004,0.0003,8.1823,7.7829,7.5941,0.0006,7.7827,8.3708
14950,0.0015,0.0004,0.0003,7.7403,7.6557,7.717,0.0006,7.6131,7.6531
15000,0.0006,0.0007,0.0004,8.1026,7.8079,8.3476,0.0008,8.5976,7.745
15050,0.0004,0.0005,0.0003,7.6469,7.7903,7.6571,0.0004,7.6951,7.6804
15100,0.0007,0.0004,0.0003,7.617,7.6035,7.5918,0.0007,7.7112,7.8285
15150,0.0009,0.0008,0.0004,7.846,7.7664,7.7244,0.0005,7.6813,7.6778
15200,0.0008,0.0006,0.0003,7.7858,7.8002,7.8637,0.0005,7.8054,7.8264
15250,0.0006,0.0003,0.0003,7.7989,8.0232,8.3517,0.001,7.8058,7.7722
15300,0.0005,0.0003,0.0003,7.7534,7.7652,8.315,0.0005,7.7736,7.7871
15350,0.0006,0.0003,0.0003,7.8815,8.0586,9.2601,0.0006,8.2147,8.0296
15400,0.0006,0.0005,0.0003,7.8361,7.7688,7.813,0.0005,7.8089,7.8139
15450,0.001,0.0007,0.0003,7.8364,7.826,7.7664,0.0003,8.1357,7.8386
15500,0.0006,0.0003,0.0003,7.8591,8.416,8.1906,0.001,7.8497,7.9396
15550,0.0006,0.0005,0.0003,7.865,7.8209,7.8235,0.0005,7.8227,7.925
15600,0.0006,0.0004,0.0003,8.078,7.9613,8.2195,0.0006,7.9141,7.895
15650,0.0006,0.0003,0.0003,7.7828,7.9842,8.4069,0.0004,7.9196,7.9506
15700,0.0006,0.0003,0.0003,8.2444,7.9461,7.9751,0.0005,7.8628,7.893
15750,0.0005,0.0005,0.0003,9.7209,11.4141,8.3805,0.0004,7.9891,7.9276
15800,0.0005,0.0004,0.0003,8.4444,8.0392,8.049,0.0005,8.0454,8.1265
15850,0.0005,0.0005,0.0003,9.4525,8.2363,10.5143,0.0005,8.5665,7.966
15900,0.0006,0.0005,0.0004,8.1019,8.0516,8.0069,0.0004,8.0414,8.0066
15950,0.0006,0.0003,0.0003,8.0772,8.124,7.8391,0.0004,8.1564,7.7613
16000,0.0005,0.0003,0.0003,8.437,8.4603,8.7008,0.0006,8.3461,8.0691
16050,0.0009,0.0004,0.0003,8.4416,8.2261,8.3301,0.0005,8.2617,7.8881
16100,0.0006,0.0003,0.0003,8.539,8.5503,8.3661,0.0004,8.5814,8.1423
16150,0.0006,0.0002,0.0003,8.1552,8.6825,8.1118,0.0004,8.1296,7.9015
16200,0.0006,0.0003,0.0003,7.9521,8.1651,7.9824,0.0005,8.3777,8.0259
16250,0.0011,0.0004,0.0003,8.3809,8.8684,8.2,0.0005,8.27,8.3142
16300,0.0006,0.0003,0.0003,8.0355,8.6006,8.5246,0.0003,8.4255,8.7189
16350,0.0008,0.0004,0.0002,8.7445,8.2203,8.5593,0.0005,8.1764,9.4978
16400,0.0005,0.0002,0.0003,8.9055,8.7021,8.7583,0.0008,8.462,8.3502
16450,0.0005,0.0004,0.0003,8.9864,9.1482,8.5929,0.0005,8.3002,8.1342
16500,0.0005,0.0003,0.0003,8.5236,8.3743,8.2759,0.0006,8.2079,8.3473
16550,0.0005,0.0003,0.0003,8.2373,8.0884,8.2433,0.0003,8.277,8.5023
16600,0.0005,0.0003,0.0003,11.5348,8.6936,8.5708,0.0007,8.3036,8.1617
16650,0.0005,0.0004,0.0002,8.5096,9.2021,8.5173,0.0005,8.8768,8.5072
16700,0.0007,0.0007,0.0003,8.6552,8.6856,8.4137,0.0004,9.4112,9.0903
16750,0.0007,0.0006,0.0002,8.4959,8.4591,8.4917,0.0006,8.4463,8.8828
16800,0.0006,0.0005,0.0003,8.4014,9.1073,9.2443,0.0007,8.4928,8.4975
16850,0.0005,0.0005,0.0003,8.5518,8.6229,8.6309,0.0005,8.5613,8.7112
16900,0.0006,0.0004,0.0003,8.8348,8.608,8.6062,0.0005,8.6109,8.9703
16950,0.0007,0.0006,0.0003,8.6443,8.6075,8.7265,0.0005,8.6718,8.6188
17000,0.0009,0.001,0.0004,8.8025,9.2468,8.6303,0.0004,8.6213,8.9015
17050,0.0005,0.0004,0.0003,8.5325,9.0436,9.6101,0.0006,8.7263,8.9608
17100,0.0006,0.0003,0.0003,8.6943,8.7363,9.3045,0.0005,8.8575,8.8824
17150,0.0005,0.0005,0.0003,9.6384,8.6156,8.5335,0.0003,8.5245,8.3976
17200,0.0004,0.0004,0.0003,8.6998,8.7395,8.8636,0.0006,9.1639,8.6005
17250,0.0005,0.0005,0.0003,8.5862,12.8941,12.1247,0.0006,8.9385,9.1166
17300,0.0005,0.0005,0.0003,9.0515,8.8138,8.8557,0.0005,8.768,8.4891
17350,0.0006,0.0007,0.0002,9.0359,8.6823,8.9486,0.0005,8.8276,8.46
17400,0.0005,0.0004,0.0003,8.5834,9.0909,8.8394,0.0007,8.7441,8.7578
17450,0.0011,0.0004,0.0002,9.4934,11.1969,10.6184,0.0006,10.7263,8.7774
17500,0.0005,0.0007,0.0003,8.7841,8.9919,8.8698,0.0004,8.9528,9.3151
17550,0.0008,0.0003,0.0003,8.9337,8.8975,8.9843,0.0004,8.6048,9.2322
17600,0.0006,0.0004,0.0006,9.1464,9.7078,9.6146,0.0004,8.9889,8.8755
17650,0.0007,0.0006,0.0003,9.5101,9.0182,8.8825,0.0005,8.9215,8.8661
17700,0.0005,0.0003,0.0003,9.082,9.3725,8.9725,0.0006,8.9952,9.015
17750,0.0007,0.0003,0.0003,9.3988,8.9485,9.0234,0.0005,8.9839,8.9719
17800,0.0005,0.0009,0.0003,9.136,9.5385,9.245,0.0005,9.0765,9.0081
17850,0.0006,0.0007,0.0003,9.3398,9.4629,9.1689,0.0007,9.116,9.055
17900,0.0006,0.0005,0.0003,9.5829,9.1524,10.02,0.0003,9.1121,8.7495
17950,0.0006,0.0003,0.0003,9.1611,9.78,9.1424,0.0005,9.0814,9.2353
18000,0.0005,0.0004,0.0003,9.6875,8.9936,9.6642,0.0004,8.8275,9.4475
18050,0.0007,0.0005,0.0003,10.062,9.1735,9.8302,0.0005,9.0315,8.8744
18100,0.0006,0.0008,0.0004,9.1134,9.8403,8.9318,0.0004,9.6142,9.1595
18150,0.0007,0.0003,0.0003,9.6015,8.9856,8.9764,0.0004,8.8751,9.4367
18200,0.0006,0.0004,0.0002,9.1216,9.0795,9.5591,0.0007,9.1158,8.9719
18250,0.0007,0.0007,0.0003,9.2819,9.7679,9.319,0.0004,9.3703,9.2039
18300,0.0005,0.0005,0.0002,9.1599,10.4176,9.2108,0.0004,8.7203,9.7522
18350,0.0006,0.0003,0.0002,9.748,9.3748,9.2597,0.0004,9.7635,9.1178
18400,0.0007,0.0004,0.0003,9.0256,9.1983,9.3356,0.0004,10.6303,9.4821
18450,0.001,0.0012,0.0003,9.6566,9.482,9.3351,0.0005,9.2684,9.0655
18500,0.0005,0.0005,0.0003,9.1451,9.374,9.4803,0.0004,9.4217,9.582
18550,0.0005,0.0005,0.0003,10.8073,11.4857,9.3645,0.0003,9.1006,9.5848
18600,0.0006,0.0004,0.0003,9.6025,10.0723,10.6429,0.0004,10.1379,9.739
18650,0.0008,0.0004,0.0003,13.2507,10.9453,9.9618,0.0005,10.1558,9.7408
18700,0.0006,0.0003,0.0003,9.7188,9.5786,12.3502,0.0006,9.6653,9.4046
18750,0.0006,0.0004,0.0003,11.9314,10.4997,9.8259,0.0004,10.3458,10.0281
18800,0.0006,0.0005,0.0003,10.2087,10.0338,11.0301,0.0009,10.2058,9.9284
18850,0.0005,0.0004,0.0003,10.6511,10.1225,9.7118,0.0004,9.3765,9.254
18900,0.0015,0.0005,0.0003,10.0879,9.7288,11.1368,0.0006,9.3935,10.2133
18950,0.0005,0.0005,0.0003,10.3782,10.1607,9.6348,0.0005,10.3769,11.7263
19000,0.0014,0.0004,0.0003,10.7599,9.6987,9.6653,0.0005,10.2409,9.5514
19050,0.0006,0.0003,0.0003,10.1769,9.6797,10.1301,0.0006,9.7372,9.6922
19100,0.0005,0.001,0.0003,10.6351,10.0787,9.9461,0.0004,10.0279,10.0822
19150,0.0005,0.0005,0.0003,11.2575,10.3588,12.1921,0.0006,9.9614,10.0397
19200,0.0009,0.0005,0.0003,11.0991,10.6513,10.144,0.0004,10.8226,9.4951
19250,0.0007,0.0003,0.0003,10.1147,9.8912,11.3047,0.0005,9.8779,9.523
19300,0.0006,0.0016,0.0004,12.1746,9.9612,11.1182,0.0007,9.8158,10.8559
19350,0.0009,0.0004,0.0002,9.922,11.4781,10.3066,0.0006,10.7848,9.8283
19400,0.0013,0.0007,0.0003,10.995,10.6106,10.1079,0.0003,10.9814,10.0202
19450,0.0007,0.0004,0.0003,10.3062,10.023,10.6162,0.0004,9.7005,10.3741
19500,0.0012,0.0004,0.0003,10.1102,17.0328,10.9584,0.0005,11.673,10.0573
19550,0.0006,0.0003,0.0003,10.6065,10.3682,11.2107,0.0005,10.1619,9.7883
19600,0.0005,0.0008,0.0003,10.1853,10.2462,10.3831,0.0007,9.9535,10.7115
19650,0.0005,0.0003,0.0003,10.3567,11.8704,10.5766,0.0005,10.3861,9.9194
19700,0.0005,0.0005,0.0003,10.6884,10.5461,10.3892,0.0005,10.3569,9.9682
19750,0.0006,0.0005,0.0003,10.6454,11.3002,10.8084,0.0005,10.0344,10.0428
19800,0.0011,0.0002,0.0003,11.4997,10.0257,10.1253,0.0005,11.876,10.4004
19850,0.0009,0.0005,0.0003,10.4245,10.1165,11.4309,0.0005,10.1325,10.0814
19900,0.0019,0.0007,0.0003,10.1417,10.1704,10.1747,0.0005,11.072,10.9323
19950,0.0011,0.0013,0.0003,10.402,11.7555,10.2,0.0005,10.1625,12.7995
20000,0.0006,0.0008,0.0003,10.2127,10.8187,10.2465,0.0005,10.0667,10.5561
20050,0.0005,0.0005,0.0003,10.3856,10.4862,10.8277,0.0006,10.2965,10.6802
20100,0.0006,0.0004,0.0003,10.3456,11.1322,10.8293,0.0018,11.5836,10.2604
20150,0.0011,0.0003,0.0003,10.6899,12.1306,12.3922,0.0006,11.3039,12.2544
20200,0.0013,0.0008,0.0003,10.5722,10.6298,10.9226,0.0006,11.2516,10.8045
20250,0.0005,0.0004,0.0003,13.0613,10.3641,10.8829,0.0006,10.2527,11.9186
20300,0.0009,0.0006,0.0003,10.3915,11.2473,11.6646,0.0009,10.5484,10.8172
20350,0.0006,0.0003,0.0003,11.059,10.7753,10.4675,0.0005,10.8924,10.8207
20400,0.0008,0.0003,0.0003,10.919,10.7917,10.4058,0.0005,10.7364,11.009
20450,0.0007,0.0004,0.0003,10.929,10.7912,10.3993,0.0005,10.4129,10.5532
20500,0.0012,0.0004,0.0003,10.7401,10.3943,10.392,0.0005,10.4672,10.3765
20550,0.0009,0.0003,0.0003,10.9441,10.4574,11.202,0.0005,10.5845,10.9063
20600,0.0009,0.0003,0.0003,10.3917,10.7077,11.075,0.0005,10.7195,10.7909
20650,0.001,0.0004,0.0003,10.4434,10.6317,10.7518,0.0005,10.8287,10.633
20700,0.0011,0.0007,0.0003,10.489,10.5328,10.8933,0.0005,10.8241,10.9656
20750,0.0007,0.0005,0.0003,10.4981,10.4698,10.5432,0.0006,10.5113,10.4765
20800,0.0006,0.0004,0.0003,10.5631,10.63,10.5984,0.0011,10.6063,10.8121
20850,0.0008,0.0004,0.0003,10.7195,10.7838,10.7294,0.0006,11.3731,11.0914
20900,0.0006,0.0003,0.0004,11.0726,10.582,10.9562,0.0004,10.7899,10.516
20950,0.0005,0.0003,0.0003,10.8846,10.6034,10.4812,0.0008,11.6887,11.2107
21000,0.0007,0.0003,0.0002,10.5846,10.9456,11.3623,0.0005,11.303,11.472
21050,0.0006,0.0003,0.0002,10.6207,10.9377,10.5153,0.0005,11.2054,13.2485
21100,0.0006,0.0004,0.0003,10.395,10.7421,10.6895,0.0005,10.4468,11.3329
21150,0.0005,0.0006,0.0003,10.7738,10.7169,11.8208,0.0005,10.6235,10.5061
21200,0.0005,0.0004,0.0003,10.6778,10.5073,10.6907,0.0005,10.1847,11.181
21250,0.0006,0.0004,0.0003,10.4203,11.1994,10.4636,0.0004,10.6387,11.2385
21300,0.0008,0.0003,0.0003,11.4953,11.4822,10.9068,0.0005,13.4158,12.9795
21350,0.0005,0.0009,0.0003,11.257,11.4511,11.3141,0.0004,10.9791,10.8094
21400,0.0007,0.0004,0.0004,11.0163,10.9939,11.7529,0.0005,11.0984,10.6014
21450,0.0005,0.0003,0.0003,11.4332,11.5589,11.0452,0.001,11.3632,11.3926
21500,0.0014,0.0005,0.0003,11.3254,12.0058,11.3017,0.0004,10.7513,11.7293
21550,0.0006,0.0004,0.0003,11.8035,10.9386,10.8699,0.0004,11.2063,10.6619
21600,0.0005,0.0003,0.0003,11.4217,12.1409,11.3956,0.0007,10.9574,12.5412
21650,0.0006,0.0005,0.0002,11.7405,11.7346,11.1767,0.0011,10.959,10.8612
21700,0.0008,0.0016,0.0006,11.9516,11.2129,11.5365,0.0005,11.3393,11.3487
21750,0.0007,0.0007,0.0003,11.5867,11.8207,11.588,0.0005,12.2944,11.2288
21800,0.0008,0.0003,0.0004,11.6698,11.155,12.1731,0.0204,11.2774,11.682
21850,0.0006,0.0004,0.0003,14.9126,12.8276,11.946,0.0006,11.6361,11.1073
21900,0.0005,0.0005,0.0003,12.2904,11.7135,11.4778,0.0005,11.518,11.6325
21950,0.0014,0.0006,0.0003,12.0739,12.6595,11.4482,0.0003,11.0246,11.0578
22000,0.0005,0.0004,0.0002,13.3917,11.6621,11.501,0.0009,11.1421,10.9161
22050,0.0005,0.0004,0.0003,11.1506,12.1013,11.7252,0.0005,12.1355,11.6377
22100,0.0007,0.0012,0.0003,12.3751,11.6907,12.5122,0.0005,11.265,11.4294
22150,0.0009,0.0003,0.0003,12.2235,11.4905,11.1345,0.0004,11.5903,11.1121
22200,0.0008,0.0004,0.0002,12.2357,12.2417,11.359,0.0004,11.3826,12.7423
22250,0.0009,0.0012,0.0003,11.7381,11.8454,11.9569,0.0004,11.2943,11.1746
22300,0.0008,0.0014,0.0002,12.0336,11.3419,11.5106,0.0006,11.7238,11.3557
22350,0.0005,0.0004,0.0003,11.6617,12.6306,11.6113,0.0006,11.7199,12.7765
22400,0.0009,0.0006,0.0003,12.3967,12.1664,11.857,0.0004,11.0855,11.0609
22450,0.0006,0.0008,0.0003,11.4773,12.0819,11.8249,0.0006,11.6174,11.2003
22500,0.0004,0.0004,0.0003,12.0648,12.4708,11.3741,0.0004,12.4425,12.6743
22550,0.0007,0.0011,0.0003,12.1113,12.4378,11.8686,0.0009,11.5396,11.8828
22600,0.0006,0.0008,0.0003,12.1948,11.7861,12.3296,0.0004,11.8938,11.2874
22650,0.0011,0.0003,0.0003,13.1348,12.6103,11.6162,0.0004,12.9384,12.3668
22700,0.0011,0.0004,0.0003,11.5387,12.406,12.1619,0.0007,11.5463,13.0998
22750,0.001,0.0004,0.0003,12.2199,11.749,13.1521,0.0004,11.5675,11.6878
22800,0.0005,0.0005,0.0003,12.1853,11.7075,11.3758,0.0006,12.3678,14.2046
22850,0.0005,0.0019,0.0004,12.2903,12.3952,11.7071,0.0004,12.0253,11.556
22900,0.0006,0.0003,0.0002,12.4413,11.801,14.3966,0.0006,11.644,12.36
22950,0.0012,0.0004,0.0002,12.463,12.1802,12.3486,0.0006,12.0942,11.636
23000,0.0007,0.0008,0.0003,12.7348,12.2497,12.7661,0.0007,12.3569,11.3278
23050,0.0006,0.0003,0.0003,12.9194,12.9125,12.195,0.0006,11.6009,11.5481
23100,0.0005,0.0004,0.0003,12.4392,13.837,11.7192,0.0004,12.2359,11.6876
23150,0.0011,0.0007,0.0003,11.9867,12.2794,12.0723,0.0005,11.5353,11.7502
23200,0.0005,0.0005,0.0003,12.9902,12.3696,12.1126,0.0007,11.8762,11.5266
23250,0.0006,0.0004,0.0004,13.508,11.9166,13,0.0008,12.8366,12.3574
23300,0.0014,0.022,0.0002,12.2581,12.684,12.5426,0.0005,12.327,12.1574
23350,0.0007,0.0005,0.0003,12.3356,12.3252,13.071,0.0006,12.2712,12.0153
23400,0.0006,0.0005,0.0003,13.34,12.3853,12.2488,0.0006,12.3941,11.8709
23450,0.0005,0.0004,0.0003,13.0779,12.3839,12.1282,0.0005,12.3706,11.8257
23500,0.0005,0.0005,0.0003,12.9801,12.855,12.141,0.0004,11.8565,12.1352
23550,0.0006,0.0007,0.0002,12.6297,12.2319,13.6247,0.0006,12.2489,12.5391
23600,0.0006,0.0003,0.0002,13.2448,12.1538,13.0104,0.0007,11.6422,11.6746
23650,0.0006,0.0005,0.0003,12.0416,12.1704,12.5356,0.0005,12.8089,12.2241
23700,0.0005,0.0003,0.0003,12.7168,12.2604,12.082,0.0006,11.8202,12.365
23750,0.0006,0.0004,0.0004,12.431,12.0399,12.9868,0.0005,11.8455,13.1313
23800,0.0006,0.0004,0.0003,13.2787,12.606,15.2875,0.0005,12.2434,12.2603
23850,0.0006,0.0005,0.0003,12.7064,12.1631,13.1527,0.0007,11.8725,12.0653
23900,0.0007,0.001,0.0003,12.8765,12.8198,12.4067,0.0004,12.2364,11.8971
23950,0.0005,0.0005,0.0002,12.2324,13.018,12.2787,0.0004,11.7558,14.2332
24000,0.0011,0.0004,0.0003,13.0452,13.5296,12.5339,0.0005,12.4219,11.8341
24050,0.0009,0.0007,0.0003,12.9796,18.9285,13.0773,0.0009,12.8358,12.7067
24100,0.0008,0.0011,0.0005,13.2644,12.4292,14.118,0.0006,12.8997,12.8584
24150,0.0005,0.0003,0.0003,13.9387,12.7655,13.4167,0.0008,12.5266,12.1106
24200,0.0007,0.0004,0.0003,13.2901,12.7004,12.5504,0.0004,12.3766,12.1044
24250,0.0006,0.0004,0.0003,13.1175,13.0778,13.3917,0.0006,12.7158,12.1137
24300,0.0005,0.0003,0.0003,13.0289,13.1697,12.3446,0.0005,12.4933,12.0494
24350,0.0005,0.0012,0.0002,13.0541,12.7801,13.1481,0.001,12.2488,12.1023
24400,0.0005,0.0012,0.0003,13.2935,12.3674,13.1586,0.0007,12.7586,12.1353
24450,0.0006,0.0011,0.0003,12.872,12.4048,12.4125,0.0004,13.2359,12.5685
24500,0.0005,0.0004,0.0003,13.5553,13.278,12.3154,0.0004,13.6997,13.2832
24550,0.0014,0.0004,0.0003,12.482,14.0668,12.4643,0.0005,12.1831,13.0686
24600,0.0006,0.0003,0.0003,12.8245,12.4164,13.1453,0.0005,12.3543,13.076
24650,0.0009,0.0005,0.0003,13.3629,12.5359,13.6941,0.0007,14.832,14.3974
24700,0.0009,0.0004,0.0003,13.2277,12.9229,13.2104,0.0006,12.5823,12.1301
24750,0.0006,0.0003,0.0002,15.8098,13.2873,12.7696,0.0005,12.6996,13.1433
24800,0.0008,0.0009,0.0003,13.5376,12.9132,12.5902,0.0004,13.4701,12.6443
24850,0.0005,0.0003,0.0003,14.4848,12.8533,12.3425,0.0004,13.3897,12.4145
24900,0.0007,0.0007,0.0003,13.6216,14.4235,12.6783,0.0005,12.8535,14.3091
24950,0.0006,0.0005,0.0002,13.5387,12.8073,13.8763,0.0005,13.0364,13.2296
25000,0.0005,0.0007,0.0003,12.918,12.8293,13.4233,0.0004,12.2647,13.6619
25050,0.0006,0.0005,0.0002,20.0229,12.7228,13.8232,0.0007,13.3805,13.0279
25100,0.0006,0.0004,0.0003,12.9792,13.1544,13.7178,0.0005,12.5874,13.1681
25150,0.0007,0.0005,0.0003,13.5947,12.9429,13.3559,0.0004,12.626,12.3531
25200,0.0005,0.0005,0.0002,13.1744,12.9087,13.4008,0.0005,14.2107,12.9895
25250,0.0006,0.0008,0.0003,13.5623,14.6166,12.5979,0.0005,13.715,12.9261
25300,0.0005,0.0006,0.0002,13.0327,13.8803,12.8944,0.0005,13.0762,12.7228
25350,0.0006,0.0003,0.0003,14.1275,15.4661,12.8899,0.0005,14.1564,13.2471
25400,0.0005,0.0007,0.0003,13.6634,13.6604,13.6415,0.0005,13.4872,12.6904
25450,0.0005,0.0005,0.0003,13.4152,13.8837,13.0226,0.0005,13.5066,13.608
25500,0.0015,0.0011,0.0003,13.6365,14.0443,13.1548,0.0004,13.1351,13.6962
25550,0.0008,0.0008,0.0002,13.5176,14.6184,13.4431,0.0005,12.6747,12.6547
25600,0.0006,0.0009,0.0003,13.5401,13.7893,13.5419,0.0006,13.0846,13.4496
25650,0.0006,0.0008,0.0002,14.186,13.1641,14.382,0.0005,13.3149,12.9
25700,0.0005,0.0008,0.0007,13.6689,13.2819,14.6,0.0005,12.7885,12.722
25750,0.0006,0.0003,0.0002,15.2201,13.0918,14.2156,0.0005,13.4321,12.9943
25800,0.0006,0.0003,0.0003,14.7159,13.6901,13.5969,0.0238,13.4049,13.0063
25850,0.0006,0.0003,0.0003,13.549,13.4935,13.0714,0.0004,13.4299,13.629
25900,0.0021,0.0004,0.0002,14.9948,13.9567,13.5165,0.0004,13.7365,13.4285
25950,0.0005,0.0003,0.0002,13.7685,13.6126,13.2145,0.0004,12.7897,13.6177
26000,0.0005,0.0004,0.0003,15.0867,16.2999,17.8331,0.0007,16.1274,13.5522
26050,0.0005,0.0007,0.0005,15.0413,13.3991,13.8207,0.0005,14.177,13.0986
26100,0.0008,0.0005,0.0003,13.7788,13.4016,12.9584,0.0004,13.5586,14.5107
26150,0.0008,0.0007,0.0004,14.1188,13.8508,13.4822,0.0004,14.2879,13.0445
26200,0.0005,0.0003,0.0003,14.0725,13.5911,13.9297,0.0006,14.4075,13.3032
26250,0.0005,0.0003,0.0003,14.0323,13.7237,13.7195,0.0007,15.7267,13.2982
26300,0.0014,0.0003,0.0003,13.8576,14.7941,13.4764,0.0005,13.8991,13.4845
26350,0.0006,0.0004,0.0003,14.0612,15.0002,13.4665,0.0006,14.8503,13.1716
26400,0.0005,0.0004,0.0003,13.4753,13.6873,13.6406,0.0005,15.1814,13.6988
26450,0.0006,0.0004,0.0003,13.8699,14.079,13.5237,0.0004,13.0798,13.8516
26500,0.0006,0.0005,0.0003,14.4377,14.7273,13.4977,0.0003,14.3706,15.1458
26550,0.0005,0.0003,0.0003,14.5084,13.6426,13.4881,0.0008,13.33,14.4844
26600,0.0008,0.0003,0.0004,13.8904,14.7097,13.7466,0.0004,13.0767,15.1587
26650,0.0011,0.0004,0.0003,14.0022,15.369,14.6298,0.0004,14.1235,15.0363
26700,0.0005,0.0003,0.0003,13.7581,16.8299,13.7471,0.0004,13.8818,13.6617
26750,0.0006,0.0003,0.0003,15.4106,15.6131,13.9527,0.0005,14.6317,15.8152
26800,0.0011,0.0006,0.0003,16.4838,14.0448,13.7446,0.0004,14.0148,13.3471
26850,0.0006,0.0004,0.0002,18.2123,13.8712,13.4243,0.0004,13.9505,13.4604
26900,0.0005,0.0007,0.0002,14.4977,13.8362,14.2604,0.0007,14.1946,13.4859
26950,0.0007,0.0003,0.0003,14.2321,14.4469,14.1987,0.0007,14.5747,13.7573
27000,0.0006,0.0005,0.0002,15.9987,14.8145,13.9726,0.0004,14.8257,13.9819
27050,0.001,0.0005,0.0003,14.5355,13.8697,14.4098,0.0008,13.4898,13.4446
27100,0.0005,0.0003,0.0003,14.4494,14.5326,14.3424,0.0004,13.6989,13.3529
27150,0.0005,0.0005,0.0003,14.0332,13.7904,14.288,0.0007,14.4119,14.5289
27200,0.0004,0.0005,0.0003,13.8821,14.002,13.5472,0.0004,14.4013,13.5675
27250,0.0005,0.0003,0.0003,14.4154,14.2448,14.3362,0.0005,14.0191,14.034
27300,0.0006,0.001,0.0003,14.6323,13.9854,14.449,0.0005,15.0822,13.8446
27350,0.0007,0.0003,0.0004,14.7557,14.5088,14.8371,0.0011,13.6007,13.8108
27400,0.0006,0.001,0.0003,14.5022,17.8732,18.0312,0.0006,15.2837,15.2633
27450,0.0006,0.0004,0.0003,14.1847,14.3969,14.7454,0.0006,13.6238,13.5652
27500,0.0005,0.0004,0.0003,14.9951,15.0755,14.6111,0.0006,13.9583,14.7503
27550,0.001,0.0003,0.0003,14.5028,14.6927,14.1655,0.0004,13.8678,13.6859
27600,0.0006,0.0004,0.0003,14.6252,15.2361,14.3425,0.0006,13.9136,14.3929
27650,0.0005,0.0004,0.0003,14.7506,14.7579,14.6866,0.0005,14.1697,14.3615
27700,0.0005,0.0004,0.0003,14.0933,14.6684,13.7547,0.0004,13.8352,14.1961
27750,0.0005,0.0004,0.0003,15.8752,14.7004,14.3461,0.0005,14.6837,14.9241
27800,0.0008,0.0005,0.0003,15.2108,14.4894,14.2498,0.0005,14.7337,13.9074
27850,0.0006,0.0003,0.0003,15.9319,15.2932,14.4134,0.0003,15.2167,14.9077
27900,0.0006,0.001,0.0003,14.834,14.1693,15.0307,0.0005,15.0773,13.9253
27950,0.0006,0.0004,0.0002,15.3919,14.7053,14.8178,0.0005,13.8579,13.8721
28000,0.0005,0.0003,0.0002,15.5228,15.3647,15.4322,0.001,14.7344,14.7104
28050,0.0006,0.0009,0.0003,14.9379,15.3102,15.257,0.0006,14.3399,14.2097
28100,0.0005,0.0004,0.0003,14.5908,14.3509,15.0254,0.0004,14.3324,16.689
28150,0.001,0.0004,0.0002,14.4255,15.1461,14.8135,0.0006,15.01,14.9921
28200,0.0005,0.0003,0.0003,14.8012,15.6486,14.511,0.0004,14.2621,14.4134
28250,0.0005,0.0003,0.0003,15.625,16.1277,15.7307,0.0006,16.2006,15.5683
28300,0.0007,0.0004,0.0003,18.4859,14.5937,14.311,0.0003,14.9796,14.1233
28350,0.0005,0.0006,0.0003,15.5859,15.0445,15.0626,0.0006,14.6087,14.9216
28400,0.0012,0.0004,0.0003,15.0954,14.7136,15.176,0.0004,14.2292,14.0528
28450,0.0005,0.0003,0.0003,15.0016,14.9354,14.9969,0.0006,14.4945,15.3452
28500,0.0012,0.0008,0.0003,16.4556,16.035,14.5971,0.0004,14.4489,14.9356
28550,0.0007,0.0004,0.0003,15.3618,14.7953,14.9569,0.0006,14.3873,15.2222
28600,0.0005,0.0003,0.0002,15.6964,20.2071,14.6018,0.0005,15.0279,14.0904
28650,0.0005,0.0005,0.0003,15.7137,15.3841,16.0087,0.0009,15.2491,14.2467
28700,0.0006,0.0004,0.0003,16.3484,15.7726,15.0574,0.0005,15.082,15.1568
28750,0.0008,0.0006,0.0003,15.4918,15.7358,14.7637,0.0004,14.5775,14.6131
28800,0.0007,0.0003,0.0004,15.026,15.8106,14.8921,0.0004,14.1606,14.8384
28850,0.0006,0.0012,0.0003,16.009,15.6137,15.321,0.0006,14.401,14.92
28900,0.0005,0.0004,0.0003,15.7315,15.2958,14.7074,0.0004,15.2413,14.6272
28950,0.0005,0.0003,0.0003,15.8736,15.0498,15.3808,0.0006,15.1656,14.8765
29000,0.0007,0.0007,0.0003,15.0041,15.2541,16.4915,0.0011,16.2704,14.583
29050,0.0005,0.0003,0.0003,16.1183,15.1739,16.1981,0.0006,14.9648,15.0516
29100,0.0021,0.0008,0.0003,15.1598,15.3361,14.8437,0.0005,14.7122,15.3806
29150,0.0005,0.0003,0.0003,16.1041,15.6252,14.5134,0.0007,14.5164,15.5881
29200,0.0007,0.0004,0.0003,16.4969,15.942,15.2472,0.0004,15.4365,14.4939
29250,0.0005,0.0003,0.0003,15.3925,16.0543,15.6899,0.0007,16.5905,14.5356
29300,0.0008,0.0003,0.0003,16.0584,15.187,16.0413,0.0005,15.7534,15.4181
29350,0.0013,0.0011,0.0003,15.1778,16.9965,14.7377,0.0004,14.9502,14.6641
29400,0.0006,0.0003,0.0003,15.6076,15.5564,14.9936,0.0004,15.0505,15.3506
29450,0.0007,0.0004,0.0003,15.8897,14.9696,14.9158,0.0004,15.4838,14.7367
29500,0.0006,0.0003,0.0002,15.9099,15.1703,14.8352,0.0004,15.6266,14.6053
29550,0.001,0.0008,0.0003,15.86,15.7651,16.4053,0.0007,15.0902,15.391
29600,0.0007,0.0003,0.0003,16.2821,15.0476,15.4989,0.0004,14.6759,16.4984
29650,0.0011,0.0003,0.0003,15.6274,16.7374,15.332,0.0005,15.3123,16.9588
29700,0.0005,0.0011,0.0003,16.4294,15.5927,14.9544,0.0004,15.4055,15.0717
29750,0.0005,0.0003,0.0003,16.292,15.3054,15.6392,0.0006,16.2164,15.6375
29800,0.0013,0.0004,0.0003,15.3084,15.5232,15.9417,0.0004,15.1701,14.7522
29850,0.0006,0.0004,0.0003,16.0267,16.2862,16.0943,0.0005,15.5652,15.7356
29900,0.0011,0.0005,0.0002,15.973,16.322,15.0869,0.0003,14.8853,15.349
29950,0.0006,0.0003,0.0004,17.2907,15.9942,15.2938,0.0004,16.2874,15.0212
30000,0.0005,0.0007,0.0003,15.8156,15.746,16.7359,0.0006,15.9248,15.7031
30050,0.001,0.0004,0.0003,15.5812,15.7308,15.3105,0.0005,15.1044,15.0155
30100,0.0007,0.0004,0.0003,15.7784,16.6556,15.1477,0.0003,16.0934,17.4707
30150,0.0014,0.0009,0.0003,17.1903,16.6439,15.7609,0.0005,14.9982,15.0305
30200,0.0005,0.0005,0.0003,16.0801,15.3153,16.0143,0.0005,15.0051,15.6234
30250,0.0012,0.0004,0.0003,15.7056,15.6763,16.0562,0.0005,14.9656,16.7939
30300,0.0009,0.0004,0.0003,15.8229,16.3316,15.0026,0.0004,16.1935,15.2588
30350,0.0005,0.0004,0.0003,16.2703,16.7887,16.2465,0.0007,15.8469,15.1284
30400,0.0005,0.0003,0.0003,16.2595,15.6346,16.3101,0.0004,15.0373,16.4285
30450,0.0007,0.0004,0.0003,15.7112,16.7689,15.7306,0.0006,16.3956,16.5745
30500,0.001,0.0005,0.0003,16.3889,16.2284,15.7167,0.0004,15.8159,15.1803
30550,0.0005,0.0005,0.0003,15.8431,15.7756,16.193,0.0008,16.9149,16.7264
30600,0.0017,0.0004,0.0003,15.5162,15.4351,15.6489,0.0004,15.1857,15.416
30650,0.0011,0.0004,0.0003,16.1025,16.2942,14.9603,0.0003,15.223,16.3959
30700,0.0019,0.001,0.0004,16.9554,17.8148,15.7481,0.0004,16.6738,15.2372
30750,0.0005,0.0011,0.0003,16.4786,16.5113,16.5342,0.0005,15.6412,15.454
30800,0.001,0.0009,0.0002,15.6946,16.834,18.2912,0.0004,15.3024,16.066
30850,0.0007,0.0004,0.0004,16.5354,16.0305,15.3581,0.0004,16.2492,15.3927
30900,0.0007,0.0003,0.0002,16.5984,15.8621,16.6906,0.0007,16.7379,15.2604
30950,0.001,0.0003,0.0002,16.4338,15.6637,16.6338,0.0005,15.4906,15.8556
31000,0.0009,0.0003,0.0003,16.5546,17.2548,16.2108,0.0008,16.3602,15.8096
31050,0.0009,0.0004,0.0002,17.2165,16.2801,15.8264,0.0005,16.3593,15.8191
31100,0.0005,0.0005,0.0003,16.084,16.131,16.6776,0.0004,17.7651,16.4623
31150,0.0012,0.0007,0.0003,18.2628,17.8829,15.4025,0.0004,16.1396,16.3294
31200,0.0007,0.0003,0.0004,16.9514,16.139,16.0248,0.0004,15.5037,16.9531
31250,0.0012,0.0006,0.0003,17.1018,16.3775,16.3317,0.0005,16.065,16.4312
31300,0.0011,0.0003,0.0003,16.3579,17.4234,15.631,0.0004,16.5756,15.7138
31350,0.0007,0.0009,0.0003,17.2443,16.9749,16.8216,0.0006,15.7551,15.6834
31400,0.0006,0.0007,0.0003,16.571,16.9929,15.9958,0.0004,15.7516,15.6733
31450,0.0005,0.0003,0.0003,16.7699,17.6809,16.5087,0.0005,16.2148,15.927
31500,0.0007,0.0005,0.0003,16.4038,16.7202,16.3716,0.0008,15.8313,15.6081
31550,0.0006,0.0008,0.0004,17.0567,17.9307,19.7305,0.0006,18.2043,16.7279
31600,0.0005,0.0003,0.0003,17.5622,16.6468,16.2034,0.0005,16.104,16.1559
31650,0.0007,0.0003,0.0003,16.504,16.6252,17.9946,0.0006,16.8555,17.1375
31700,0.0013,0.0011,0.0003,17.3184,17.8589,19.9329,0.0004,16.0665,16.148
31750,0.0005,0.0003,0.0004,17.9166,16.1647,17.0819,0.0007,17.1622,17.5838
31800,0.0007,0.0004,0.0002,16.5867,16.6462,17.5527,0.0009,17.4454,16.3125
31850,0.0005,0.0003,0.0004,18.0889,15.9861,17.2473,0.0006,16.3861,16.3958
31900,0.0011,0.0008,0.0003,18.0873,17.4337,16.1019,0.0004,15.7481,16.0074
31950,0.0005,0.0004,0.0003,18.3047,16.4838,16.0213,0.0004,17.7234,17.9361
32000,0.0007,0.0005,0.0003,17.0009,16.405,17.0666,0.0004,16.0569,16.0166
32050,0.0005,0.0007,0.0003,16.532,17.7263,16.3549,0.0005,16.1112,17.8381
32100,0.0014,0.0004,0.0003,18.491,16.6889,16.5432,0.0004,20.7266,16.0284
32150,0.0005,0.0003,0.0003,16.7627,16.9251,16.5509,0.0006,16.0598,16.694
32200,0.0006,0.0003,0.0002,18.4889,18.4388,16.4612,0.0004,17.5405,16.5631
32250,0.0011,0.001,0.0003,16.5916,16.3682,16.271,0.0005,15.9911,16.1673
32300,0.0008,0.0008,0.0003,16.9673,17.9912,17.5037,0.0006,17.0761,17.5361
32350,0.0005,0.0003,0.0003,17.5669,16.6534,16.3823,0.0004,16.7663,16.2954
32400,0.0008,0.0004,0.0002,17.0714,17.3959,19.145,0.0006,19.1082,16.5582
32450,0.0005,0.0003,0.0003,17.5018,17.5159,17.0116,0.0006,16.3849,16.3338
32500,0.0006,0.0008,0.0003,16.6346,16.8435,18.3189,0.0007,16.6276,16.8458
32550,0.0006,0.0005,0.0003,17.0313,17.2035,16.5571,0.0005,16.1134,16.2696
32600,0.0005,0.0005,0.0003,17.418,17.6487,19.1821,0.0006,16.6322,17.8917
32650,0.0008,0.001,0.0004,17.3483,17.5398,16.2178,0.0003,16.2172,16.1403
32700,0.0006,0.0002,0.0003,17.3833,17.4785,17.0687,0.0006,19.0551,17.4591
32750,0.0012,0.0004,0.0003,19.8682,19.0867,16.7313,0.0005,16.6695,16.3728
32800,0.0006,0.0004,0.0002,17.9107,17.1145,20.6581,0.0006,17.6169,17.1112
32850,0.0022,0.0009,0.0003,19.1867,17.9238,16.7194,0.0007,16.713,16.4624
32900,0.0011,0.0006,0.0003,18.1234,16.6063,17.3581,0.0005,16.8257,17.7245
32950,0.0006,0.0007,0.0003,17.5828,18.1864,16.8643,0.0004,16.3284,16.8756
33000,0.0014,0.0011,0.0003,17.3171,17.0493,17.0204,0.0005,17.5658,16.7342
33050,0.0008,0.0006,0.0003,17.054,17.3818,16.2842,0.0004,16.5682,16.9269
33100,0.0009,0.0004,0.0003,17.612,17.3302,16.5988,0.0004,18.9864,16.9921
33150,0.0005,0.0008,0.0003,18.1724,18.7587,17.0123,0.0005,16.5422,16.2689
33200,0.0007,0.0004,0.0003,17.6283,17.0481,17.2712,0.0005,17.7936,17.5014
33250,0.0012,0.0007,0.0003,16.9656,17.4563,17.544,0.0004,16.5455,16.9355
33300,0.0007,0.0003,0.0003,17.69,18.3959,17.774,0.0006,18.5738,17.7588
33350,0.001,0.0011,0.0003,17.198,17.0614,17.1811,0.0006,16.5319,17.0114
33400,0.0006,0.0007,0.0002,19.3395,19.5536,16.8818,0.0003,17.7374,19.436
33450,0.001,0.0012,0.0003,17.8256,17.0512,17.3237,0.0005,16.7884,16.83
33500,0.0009,0.0008,0.0004,18.308,18.8209,17.0655,0.0003,17.7171,16.9807
33550,0.0008,0.0004,0.0003,19.7694,17.8481,16.9742,0.0004,17.0906,16.3597
33600,0.0005,0.0005,0.0002,18.4894,17.6571,16.9549,0.0005,17.9013,18.774
33650,0.0016,0.0008,0.0003,17.9769,17.5998,19.2,0.0005,17.502,17.0089
33700,0.0005,0.0004,0.0003,18.981,17.5454,16.8509,0.0004,19.0661,18.8698
33750,0.0013,0.0004,0.0003,17.8912,17.4619,16.9715,0.0004,16.7718,17.068
33800,0.0007,0.0006,0.0003,17.6531,18.1688,17.7867,0.0007,16.9069,17.8543
33850,0.0017,0.0006,0.0003,18.9085,18.3285,17.1172,0.0004,17.4852,17.5189
33900,0.0008,0.0004,0.0003,18.18,17.4916,17.7706,0.001,17.1714,17.5209
33950,0.001,0.0014,0.0004,18.6343,18.0159,16.8939,0.0004,17.2108,16.851
34000,0.0006,0.0005,0.0003,18.7211,17.3494,17.9868,0.0006,17.3066,17.9397
34050,0.0006,0.0003,0.0003,18.1287,18.2797,16.9555,0.0005,17.0592,17.3718
34100,0.0005,0.0004,0.0003,18.4881,17.8799,18.4271,0.0004,17.0841,18.0847
34150,0.0013,0.0004,0.0003,18.4546,17.8815,17.2889,0.0005,18.5551,18.0293
34200,0.001,0.0008,0.0003,18.3154,17.7264,17.8963,0.0006,17.0355,17.4139
34250,0.0014,0.0005,0.0003,17.8928,18.1632,16.8402,0.0004,17.8148,17.4015
34300,0.0007,0.0007,0.0004,19.0455,17.6224,17.9439,0.0007,17.1426,18.8544
34350,0.0015,0.0005,0.0003,18.4909,18.0693,17.12,0.0003,16.9881,17.2564
34400,0.0007,0.0004,0.0002,17.9158,18.6319,17.4138,0.0005,17.4502,17.961
34450,0.0012,0.0006,0.0003,19.1224,17.9127,17.8079,0.0005,17.7403,17.2508
34500,0.0008,0.0004,0.0003,18.1255,18.6385,17.504,0.0004,17.3386,18.2792
34550,0.0016,0.0007,0.0003,22.7912,18.8213,17.9349,0.0008,17.2232,17.816
34600,0.0005,0.0006,0.0002,18.5271,18.5248,18.022,0.0004,18.0306,17.7086
34650,0.0013,0.0003,0.0003,17.9962,18.3622,18.9833,0.0004,17.8804,18.3891
34700,0.0009,0.0004,0.0003,18.2475,17.8623,17.4307,0.0007,18.2952,17.6996
34750,0.001,0.0006,0.0003,21.6634,19.1992,18.0821,0.0004,18.1156,18.1813
34800,0.0011,0.0004,0.0003,20.8882,17.9912,18.4855,0.0006,20.1786,19.1546
34850,0.001,0.0017,0.0003,18.5463,18.5468,18.0673,0.0013,18.6395,17.7313
34900,0.0006,0.0005,0.0003,18.2325,18.7771,18.9189,0.0006,18.3548,18.962
34950,0.0009,0.0004,0.0003,18.3758,17.7053,18.3158,0.0006,17.5814,17.9195
35000,0.0006,0.0004,0.0003,18.3603,18.5596,18.3302,0.0005,18.5682,18.933
35050,0.0006,0.0004,0.0003,19.264,17.9761,18.1583,0.0005,17.4086,17.5724
35100,0.0009,0.0003,0.0003,19.2161,18.3763,18.7892,0.0005,19.0714,18.0265
35150,0.0019,0.0011,0.0003,18.0412,17.6221,17.7205,0.0004,17.9857,18.1189
35200,0.0009,0.0004,0.0003,18.2717,18.2546,21.9727,0.0008,18.1395,18.3103
35250,0.0009,0.0004,0.0003,18.127,20.0635,17.987,0.0004,18.9757,17.6359
35300,0.0007,0.0009,0.0003,19.0789,18.4263,19.0106,0.0005,18.9407,19.0304
35350,0.0006,0.0007,0.0003,19.3936,18.4381,18.2872,0.0004,18.2773,17.6865
35400,0.0005,0.0005,0.0003,19.1478,20.9944,18.6238,0.0005,18.499,17.3758
35450,0.0007,0.0003,0.0004,19.2457,22.1249,20.2681,0.0004,17.6359,17.8901
35500,0.0006,0.0003,0.0003,18.6337,18.7299,18.5634,0.0007,17.5936,18.2385
35550,0.0006,0.0009,0.0003,17.7839,18.8469,17.8772,0.0005,18.1246,18.1225
35600,0.0006,0.0003,0.0003,19.3548,18.6869,18.9366,0.0005,18.1443,18.9483
35650,0.0008,0.0005,0.0003,18.4964,18.9811,17.8194,0.0004,19.2043,18.488
35700,0.0006,0.0007,0.0003,18.5316,18.6625,18.1596,0.0004,18.1559,17.9161
35750,0.0012,0.0004,0.0003,19.337,18.1137,19.2306,0.0007,19.3381,21.3328
35800,0.0006,0.0008,0.0003,19.2636,19.0024,18.4325,0.0006,18.7661,18.41
35850,0.0007,0.0003,0.0003,18.4078,18.7181,18.0665,0.0004,18.5389,19.3619
35900,0.002,0.0007,0.0003,19.5081,18.2793,18.4124,0.0004,18.2606,18.2175
35950,0.0009,0.0006,0.0003,19.0124,18.5833,18.0074,0.0004,18.6541,19.3183
36000,0.0019,0.0012,0.0003,19.2082,19.5009,18.1791,0.0004,18.0139,17.748
36050,0.0006,0.0007,0.0003,19.6555,18.6695,18.5133,0.0004,19.2479,18.827
36100,0.0011,0.0006,0.0003,19.6574,18.4629,18.0857,0.0004,19.257,18.1517
36150,0.0009,0.0005,0.0004,18.8693,22.2556,21.0616,0.001,20.3122,20.6105
36200,0.0006,0.0007,0.0007,19.9646,19.1553,18.9681,0.0004,18.5289,18.661
36250,0.0006,0.0019,0.0006,19.9432,19.92,19.7916,0.0006,18.2451,18.5195
36300,0.0007,0.0003,0.0003,19.4274,19.2993,18.6269,0.0005,18.4878,18.7664
36350,0.001,0.0004,0.0003,18.9568,20.1606,18.7013,0.0005,19.9139,18.1888
36400,0.0013,0.001,0.0003,21.5616,21.0909,18.5804,0.0005,18.3954,18.2287
36450,0.0009,0.0004,0.0003,20.0352,19.0665,19.9433,0.0007,18.6831,18.1939
36500,0.0006,0.0003,0.0003,19.0546,19.739,18.4287,0.0006,18.2515,19.0783
36550,0.0007,0.0009,0.0005,19.5361,20.3849,18.0583,0.0005,18.238,18.3113
36600,0.0009,0.0004,0.0003,20.1685,18.6032,18.9872,0.0005,18.7882,19.1527
36650,0.001,0.002,0.0003,19.2362,22.2366,19.1533,0.0008,18.5394,18.1431
36700,0.001,0.0003,0.0003,19.3598,20.8056,22.3545,0.0004,19.2189,18.7279
36750,0.0013,0.0009,0.0003,19.3417,19.2543,18.1644,0.0005,18.6586,18.7415
36800,0.0006,0.0003,0.0003,19.2979,18.5879,20.9766,0.0006,19.2089,19.2055
36850,0.0009,0.0004,0.0003,19.0793,19.0005,18.59,0.0005,18.7459,18.199
36900,0.001,0.0003,0.0003,19.5527,19.2804,19.2058,0.0007,20.8042,21.3943
36950,0.0012,0.0004,0.0003,21.3143,19.1898,18.6931,0.0005,19.0215,19.932
37000,0.0011,0.0003,0.0003,23.3261,22.7484,22.1066,0.0006,20.2366,18.708
37050,0.0009,0.0003,0.0003,20.8414,18.9003,19.7931,0.0006,20.617,19.8873
37100,0.0015,0.0008,0.0004,20.2598,19.4453,20.6345,0.0005,19.1482,19.6598
37150,0.0007,0.0006,0.0003,19.3811,19.5425,18.8769,0.0005,19.6891,20.1089
37200,0.0012,0.001,0.0003,19.1912,20.6013,20.2672,0.0005,19.7021,18.8422
37250,0.0008,0.0004,0.0003,18.9031,19.1871,20.4142,0.0006,19.8835,19.3708
37300,0.0005,0.0004,0.0003,20.1526,19.2146,19.6341,0.0006,18.7234,19.3467
37350,0.0005,0.0004,0.0003,19.8254,20.0362,19.2902,0.0008,19.8545,19.024
37400,0.0012,0.0004,0.0004,19.776,20.8541,20.305,0.0006,19.0794,19.0933
37450,0.0008,0.0004,0.0003,19.4902,19.1496,19.514,0.0217,18.4666,19.13
37500,0.0006,0.0005,0.0003,21.1742,18.8015,19.1302,0.0004,18.6351,18.986
37550,0.0005,0.0007,0.0003,21.0086,19.0514,19.0022,0.0005,20.3476,18.9928
37600,0.0006,0.0013,0.0003,19.6523,19.1043,18.8888,0.0005,19.4807,19.4506
37650,0.0009,0.0008,0.0003,19.5737,19.7923,19.1646,0.0006,19.104,19.0615
37700,0.0006,0.0003,0.0003,19.5575,19.6957,19.5462,0.0006,19.7032,20.0237
37750,0.001,0.0009,0.0003,19.8838,19.3657,19.9615,0.0006,19.126,19.1388
37800,0.0008,0.0005,0.0005,19.8077,19.53,20.1039,0.0006,25.322,20.9331
37850,0.0011,0.0003,0.0004,19.2588,19.5237,19.1996,0.0005,18.9257,18.7635
37900,0.0005,0.0013,0.0003,19.2504,19.6979,19.776,0.0005,19.5844,18.593
37950,0.0005,0.0006,0.0003,19.3545,18.9623,19.3044,0.0005,19.2085,18.6814
38000,0.0006,0.0005,0.0003,20.8131,19.5978,19.2668,0.0007,20.068,19.7939
38050,0.0013,0.0008,0.0003,19.7316,19.6492,20.2932,0.0005,19.1695,19.2934
38100,0.0007,0.0006,0.0003,19.572,20.085,19.3726,0.0005,19.6731,19.0135
38150,0.0006,0.0003,0.0002,19.4526,19.9526,19.332,0.0004,19.528,19.9118
38200,0.0012,0.0012,0.0003,21.0765,20.0049,19.8979,0.0006,19.2304,18.9489
38250,0.0011,0.0004,0.0003,20.1429,19.4371,19.9681,0.0007,20.0513,19.9067
38300,0.0011,0.0003,0.0003,20.6117,19.5502,19.1549,0.0004,19.5717,19.4677
38350,0.0006,0.0004,0.0003,20.5995,20.6704,21.2535,0.0008,20.3964,19.3634
38400,0.0006,0.001,0.0005,20.5669,20.4283,19.2387,0.0006,20.5258,19.3957
38450,0.0007,0.0009,0.0004,19.853,19.7441,21.3478,0.0009,19.9744,20.7932
38500,0.0016,0.0004,0.0003,23.0852,21.6079,20.1144,0.0005,19.0186,19.5105
38550,0.0009,0.0006,0.0003,19.9523,19.9849,20.7148,0.0005,19.5539,19.1936
38600,0.0005,0.0004,0.0003,20.4799,19.287,20.325,0.0005,20.2804,20.5675
38650,0.0014,0.001,0.0003,23.1849,22.1199,20.8289,0.0004,19.5952,19.8899
38700,0.001,0.0005,0.0002,20.3522,20.133,19.9942,0.0005,21.0589,20.906
38750,0.0008,0.001,0.0003,20.4792,20.6859,20.7766,0.0007,19.4022,19.3492
38800,0.0006,0.0004,0.0003,20.2085,22.4734,20.7172,0.0006,20.1502,19.6925
38850,0.0008,0.0004,0.0003,20.4596,20.6443,19.9796,0.0005,20.4468,20.0739
38900,0.0005,0.0011,0.0003,21.2546,21.395,19.9441,0.0005,20.3621,20.4768
38950,0.001,0.0004,0.0002,20.5275,20.4615,19.6188,0.0005,19.438,20.4161
39000,0.0013,0.0005,0.0003,21.2578,21.078,19.4784,0.0005,19.5787,20.4139
39050,0.0007,0.0008,0.0003,21.5706,19.6651,20.9617,0.001,21.7874,22.9133
39100,0.0009,0.0004,0.0002,21.4821,20.2922,20.2395,0.0005,19.5435,19.9719
39150,0.0009,0.001,0.0002,21.7297,20.2016,20.4493,0.0011,19.9142,20.1538
39200,0.0007,0.0006,0.0003,21.1266,20.0889,19.8388,0.0005,19.841,19.4779
39250,0.0008,0.0004,0.0003,21.0093,20.5341,21.2286,0.0005,19.7628,19.9624
39300,0.0007,0.0013,0.0003,20.7633,21.5891,20.4326,0.0007,20.313,21.3372
39350,0.0017,0.0013,0.0003,20.0222,21.1234,20.3922,0.0005,20.2822,21.0206
39400,0.0011,0.0007,0.0003,23.5991,20.593,21.6371,0.0007,20.2547,20.3273
39450,0.0008,0.0013,0.0003,21.8428,20.1024,19.9192,0.0004,20.0885,20.1096
39500,0.0007,0.001,0.0003,20.832,22.5662,20.717,0.0008,25.9188,20.1756
39550,0.0006,0.0006,0.0003,21.0796,20.325,20.3289,0.0005,20.4623,20.8131
39600,0.0012,0.0012,0.0003,22.2481,20.4565,19.6912,0.0004,20.8413,19.6949
39650,0.0006,0.0005,0.0002,19.8931,19.9316,21.3193,0.0006,25.9245,22.0622
39700,0.0012,0.0007,0.0003,22.9778,20.9511,21.0432,0.0005,21.3162,20.9766
39750,0.0005,0.0014,0.0002,22.2885,21.3715,23.1784,0.0006,20.1008,20.1477
39800,0.0006,0.0004,0.0144,21.2449,20.8432,20.2254,0.0007,20.1619,20.2764
39850,0.0016,0.0006,0.0003,21.303,21.8733,20.79,0.0006,20.3596,20.0315
39900,0.0006,0.0007,0.0003,21.0167,20.2805,20.1698,0.0004,21.7921,21.5524
39950,0.0012,0.0006,0.0003,20.5795,21.6908,20.4752,0.0007,20.1083,20.3219
40000,0.0006,0.0003,0.0003,24.249,21.8253,25.9629,0.001,21.005,21.0288
40050,0.0009,0.0007,0.0003,23.8461,20.4792,21.0684,0.0006,20.2516,20.5983
40100,0.0014,0.0007,0.0003,20.7998,20.366,21.3216,0.0005,20.4327,20.5877
40150,0.0008,0.0008,0.0002,21.4536,20.3434,20.1192,0.0005,21.9621,21.2813
40200,0.0007,0.0004,0.0002,22.1704,20.5756,20.3534,0.0004,20.9509,20.4262
40250,0.0007,0.0017,0.0003,22.1049,21.9367,21.268,0.0007,21.0413,20.8297
40300,0.0006,0.0004,0.0004,21.648,20.8719,20.9442,0.0007,21.0248,20.6581
40350,0.001,0.0008,0.0003,22.0151,22.7455,21.9533,0.0005,20.7136,20.6501
40400,0.0009,0.0007,0.0003,22.7547,20.6861,20.7256,0.0004,21.2297,20.6175
40450,0.0011,0.0009,0.0003,21.526,21.6354,20.4839,0.0004,21.2796,20.0935
40500,0.0006,0.0005,0.0003,21.2937,21.6111,20.977,0.0006,21.0218,21.5402
40550,0.0014,0.0008,0.0003,22.1933,21.4024,21.2924,0.0006,20.692,20.6035
40600,0.0006,0.0016,0.0002,22.4951,21.5103,21.2684,0.0008,20.8809,20.947
40650,0.0006,0.0004,0.0003,22.2441,20.8162,20.5847,0.0005,21.6393,21.7483
40700,0.0006,0.0004,0.0004,21.6905,21.0478,20.5641,0.0006,20.4296,20.6776
40750,0.0008,0.0004,0.0002,22.7384,21.9016,22.9426,0.0006,21.1007,21.0407
40800,0.0009,0.001,0.0003,21.6337,20.7647,21.3622,0.0006,20.9977,20.9399
40850,0.0007,0.0004,0.0003,22.716,21.7288,21.0743,0.0005,20.7449,20.7946
40900,0.0012,0.0005,0.0003,21.4095,21.4187,20.8348,0.0005,21.5921,21.5577
40950,0.0006,0.0003,0.0003,21.9049,21.336,22.9163,0.0006,21.229,21.7128
41000,0.0006,0.0008,0.0003,21.3588,21.8264,21.5749,0.0006,22.4752,21.2565
41050,0.0009,0.0017,0.0004,22.3251,20.8201,21.0391,0.0004,20.5537,20.8072
41100,0.0006,0.0004,0.0002,22.1331,22.2928,20.9377,0.0005,21.2158,21.0049
41150,0.0005,0.0004,0.0003,21.3213,23.1777,22.7185,0.0004,21.1138,21.4448
41200,0.001,0.0007,0.0003,21.4387,22.0258,20.9369,0.0004,20.3268,21.4683
41250,0.0005,0.0008,0.0003,21.8027,21.5941,21.8052,0.0008,22.453,21.0073
41300,0.0012,0.0005,0.0003,21.8374,21.2101,21.0892,0.0004,20.8013,20.6383
41350,0.0009,0.0008,0.0003,21.7218,21.5317,20.9934,0.0004,21.6397,22.4432
41400,0.0005,0.0004,0.0003,21.9663,22.6645,21.5413,0.0006,21.1923,23.9136
41450,0.0012,0.0008,0.0003,22.4913,21.6077,20.7287,0.0004,21.2698,20.5658
41500,0.0009,0.0004,0.0002,21.8404,21.8988,21.8574,0.0005,22.0173,22.0793
41550,0.0014,0.0004,0.0004,23.3888,22.1562,21.8962,0.0004,24.9649,21.3268
41600,0.0016,0.0009,0.0004,27.4198,21.709,23.3404,0.0004,21.1585,21.4876
41650,0.0006,0.0009,0.0005,24.1482,23.2945,21.4993,0.001,24.9549,21.8242
41700,0.0013,0.0008,0.0003,23.4462,22.8061,21.4476,0.001,21.5215,22.4905
41750,0.0008,0.0009,0.0003,22.3113,23.03,23.3658,0.0007,21.8431,22.2755
41800,0.0013,0.0007,0.0003,22.2274,22.1841,20.8487,0.0004,21.5255,23.0734
41850,0.001,0.0009,0.0004,22.1737,25.1344,21.6653,0.0006,22.6142,21.6323
41900,0.0006,0.0004,0.0003,22.3453,26.1882,22.2048,0.0005,23.2383,22.2116
41950,0.001,0.0011,0.0003,23.0883,21.6316,23.5312,0.0014,22.9617,21.4395
42000,0.0012,0.0008,0.0003,23.257,22.1908,22.3563,0.0006,21.5525,21.3607
42050,0.0006,0.0004,0.0003,23.7655,20.8833,21.8233,0.0005,22.227,23.0819
42100,0.0011,0.0013,0.0004,24.185,21.49,21.3492,0.0005,21.6437,21.2653
42150,0.0008,0.0003,0.0002,23.3364,22.1951,21.7824,0.0007,22.4485,21.6245
42200,0.0012,0.0005,0.0003,21.4163,21.8662,21.8379,0.0004,21.5431,22.9409
42250,0.0012,0.0008,0.0003,21.7809,21.7674,21.6794,0.0005,21.2146,21.0187
42300,0.0007,0.0004,0.0003,23.0396,23.6233,24.5329,0.0006,21.8696,21.5858
42350,0.0014,0.0004,0.0002,23.062,21.713,22.4844,0.0005,21.2629,21.7046
42400,0.001,0.0007,0.0003,22.9859,21.9904,22.2157,0.0005,21.2539,21.4427
42450,0.0006,0.0004,0.0003,23.5724,22.1833,21.7607,0.0007,22.7369,21.8075
42500,0.001,0.0017,0.0003,22.1864,22.3163,21.657,0.0007,23.3446,21.767
42550,0.0016,0.0008,0.0003,22.5867,26.907,22.824,0.0006,22.1045,22.9782
42600,0.0011,0.0005,0.0003,22.9407,22.3796,22.6485,0.0005,23.0747,21.7539
42650,0.0014,0.0015,0.0003,22.8751,21.7212,22.2368,0.001,22.2253,21.4819
42700,0.0009,0.0003,0.0002,22.2406,22.1739,21.8921,0.0005,21.7693,22.0826
42750,0.0006,0.0003,0.0003,22.7217,22.4801,22.3652,0.0004,22.1683,23.1465
42800,0.0011,0.0006,0.0003,22.0642,21.4988,22.0248,0.0005,22.1317,21.3768
42850,0.0006,0.0005,0.0003,22.4316,21.5227,22.3137,0.0006,22.5245,21.791
42900,0.0015,0.0004,0.0003,22.6199,21.5102,22.1994,0.0006,21.6016,21.7941
42950,0.001,0.0007,0.0003,23.8891,22.2308,22.1078,0.0005,21.5068,24.5069
43000,0.0009,0.0006,0.0004,23.3616,22.3941,21.7407,0.0005,22.1158,22.5087
43050,0.0015,0.0006,0.0004,22.8966,22.838,22.3313,0.0005,21.7216,21.7202
43100,0.0005,0.0006,0.0003,23.1356,23.9736,24.3781,0.0005,22.3328,22.6292
43150,0.0005,0.0004,0.0003,23.528,24.8586,22.941,0.0006,21.9098,23.6081
43200,0.0017,0.0006,0.0003,24.3737,23.5903,22.4306,0.0005,21.8561,22.745
43250,0.0007,0.0012,0.0003,22.4097,22.8144,24.4834,0.0007,24.2807,23.6223
43300,0.001,0.0003,0.0003,23.9766,21.6881,23.0046,0.0005,25.575,23.1023
43350,0.0009,0.0008,0.0003,23.6872,25.3428,22.6245,0.0007,22.8026,22.4029
43400,0.001,0.0003,0.0003,22.3131,22.4858,22.7626,0.0005,21.9547,22.113
43450,0.0012,0.0003,0.0003,22.6901,23.1556,23.3068,0.0005,22.4169,23.0617
43500,0.0008,0.0006,0.0003,22.0906,22.8535,22.3973,0.0006,22.3613,22.1094
43550,0.0006,0.0006,0.0003,23.0058,22.547,22.5608,0.0006,22.1861,22.0449
43600,0.001,0.0003,0.0002,22.0019,22.9237,22.3061,0.0005,21.8594,22.1811
43650,0.0007,0.0006,0.0003,22.0712,23.7226,22.8735,0.0005,22.0604,21.6958
43700,0.0007,0.0005,0.0003,21.9746,21.5952,21.8588,0.0005,22.4585,23.5595
43750,0.0019,0.0008,0.0003,22.2203,22.2055,22.2961,0.0005,22.059,22.1378
43800,0.0006,0.0006,0.0003,21.943,21.5119,23.728,0.0006,22.9924,22.4301
43850,0.0007,0.0004,0.0002,22.5129,22.3426,21.7089,0.0005,21.5013,22.6477
43900,0.0005,0.0008,0.0004,22.4864,22.4297,22.1777,0.0006,22.1548,22.1439
43950,0.0015,0.0009,0.0003,23.9738,22.218,22.666,0.0005,22.6913,22.2344
44000,0.0008,0.0006,0.0003,24.4255,22.8256,22.5792,0.0004,21.6473,23.3714
44050,0.0009,0.0003,0.0003,22.2923,22.3283,22.6323,0.0005,22.4001,22.197
44100,0.0008,0.0004,0.0003,23.2116,22.1987,22.2863,0.0005,22.6633,22.3297
44150,0.0011,0.0004,0.0003,22.7458,22.0129,23.0081,0.0004,23.1282,22.9919
44200,0.0007,0.0003,0.0002,22.6085,22.9044,23.01,0.0007,23.0035,22.2936
44250,0.0008,0.0004,0.0003,23.0512,22.4586,23.2785,0.0005,22.4888,22.3697
44300,0.0013,0.0008,0.0003,23.0262,22.7614,22.4963,0.0005,22.6778,23.9927
44350,0.0005,0.001,0.0002,23.4359,23.0332,22.5145,0.0008,23.9939,22.6268
44400,0.0006,0.0005,0.0002,22.994,26.5114,23.3242,0.0006,23.7885,23.7916
44450,0.0008,0.0007,0.0003,24.472,24.0473,24.2056,0.0006,23.7915,22.6201
44500,0.0011,0.0005,0.0003,23.0678,23.4068,22.6235,0.001,23.3954,22.6614
44550,0.0009,0.0005,0.0003,23.8001,22.9589,22.5033,0.0005,22.3558,22.6114
44600,0.0006,0.0003,0.0003,23.988,22.6069,22.8576,0.0004,22.2356,22.0153
44650,0.0006,0.0005,0.0003,23.0928,22.0352,21.9653,0.0003,23.46,23.8667
44700,0.0005,0.0003,0.0003,22.3707,22.1003,21.7126,0.0004,21.654,23.0642
44750,0.001,0.0005,0.0003,22.7951,23.2852,24.0627,0.0008,23.3407,23.1226
44800,0.0008,0.0004,0.0003,22.9385,22.7739,23.2097,0.0005,22.8108,23.7456
44850,0.0014,0.0004,0.0003,23.4063,22.3895,23.5513,0.0005,22.7889,22.6616
44900,0.0013,0.0005,0.0002,22.8676,23.2343,23.4166,0.0007,23.4042,22.6268
44950,0.0005,0.0003,0.0002,23.3412,22.7485,22.8555,0.0004,23.8598,22.5742
45000,0.0009,0.0007,0.0004,23.347,22.1972,22.5466,0.0006,22.7849,23.447
45050,0.0013,0.0003,0.0003,22.82,22.7571,24.709,0.0006,22.8598,22.7739
45100,0.0009,0.0007,0.0002,22.8331,23.3374,23.4669,0.0006,23.4075,23.7214
45150,0.0012,0.0003,0.0003,23.981,24.8788,24.8927,0.0006,24.0155,24.9192
45200,0.0014,0.0009,0.0003,23.0557,22.9463,23.0974,0.0006,23.1191,23.2926
45250,0.0017,0.0004,0.0003,22.9485,22.9434,23.7644,0.0007,23.744,22.9281
45300,0.0009,0.0011,0.0002,23.2833,23.6537,31.4439,0.0008,34.0752,23.6384
45350,0.0007,0.0006,0.0002,23.1013,23.4597,24.2559,0.0004,24.2312,22.9995
45400,0.0005,0.0004,0.0003,24.5275,22.9587,22.9447,0.0005,23.0299,23.7998
45450,0.001,0.0009,0.0003,23.0274,23.0697,23.0108,0.0007,22.6215,23.6451
45500,0.0013,0.0004,0.0003,23.2046,22.5718,24.784,0.0006,23.7793,24.2012
45550,0.0008,0.0007,0.0002,24.0791,23.4382,23.8898,0.0007,23.608,22.6984
45600,0.0009,0.0011,0.0003,23.9567,24.1752,23.2036,0.0006,23.5277,23.4805
45650,0.0006,0.0008,0.0002,23.2029,23.5294,24.7257,0.0006,26.9255,22.4439
45700,0.0009,0.0003,0.0003,23.5384,23.6964,22.6536,0.0005,23.0288,22.7365
45750,0.0005,0.0006,0.0005,23.4543,23.1156,22.293,0.0004,22.9753,22.9627
45800,0.0011,0.0007,0.0003,23.1733,23.1274,24.2755,0.0005,23.6737,24.0963
45850,0.0011,0.0005,0.0002,23.8925,23.2252,25.3297,0.0007,24.4263,24.5839
45900,0.0011,0.0013,0.0004,25.9249,25.42,25.9332,0.0009,24.6704,26.248
45950,0.0012,0.0004,0.0003,25.231,23.5047,23.7549,0.0006,24.1649,23.916
46000,0.0021,0.0011,0.0002,23.5175,23.8782,23.7113,0.0005,24.0875,24.5042
46050,0.001,0.001,0.0004,30.644,24.2091,24.0383,0.0008,23.3286,22.9589
46100,0.0008,0.0003,0.0003,23.7603,24.8916,23.1494,0.0004,23.2361,22.6674
46150,0.0007,0.0003,0.0003,23.0927,22.8975,24.0287,0.0005,23.7709,24.2877
46200,0.001,0.0006,0.0003,23.4574,23.5008,23.8897,0.0009,23.3531,23.8
46250,0.001,0.0008,0.0005,23.8057,24.0696,23.9255,0.0012,23.3839,23.32
46300,0.0011,0.0007,0.0003,24.7864,24.6958,23.6092,0.0004,23.1745,24.1682
46350,0.0009,0.0006,0.0002,24.3834,24.8574,23.9626,0.0005,24.0977,23.683
46400,0.0005,0.0004,0.0003,22.9273,24.1353,23.8432,0.0005,24.0158,23.602
46450,0.001,0.0003,0.0003,24.5054,24.3853,24.2545,0.0005,23.4066,24.2377
46500,0.001,0.0011,0.0003,24.5777,26.715,23.4871,0.0005,23.5423,23.6423
46550,0.0011,0.0004,0.0002,24.8097,24.3587,23.647,0.0005,23.7128,23.5404
46600,0.001,0.0003,0.0003,24.0856,23.7354,23.7393,0.0008,22.9256,23.6365
46650,0.0014,0.0006,0.0003,24.0476,23.7399,23.3835,0.0005,23.7814,24.3469
46700,0.0014,0.0004,0.0003,23.5,23.5981,24.1467,0.0008,24.2361,23.1404
46750,0.0006,0.0003,0.0003,23.7594,23.6278,23.0184,0.0005,22.5811,23.5702
46800,0.0007,0.0008,0.0003,24.7186,23.0003,23.942,0.0005,23.376,23.8095
46850,0.0005,0.0003,0.0003,24.738,24.0478,24.5203,0.0006,25.3219,25.2203
46900,0.0014,0.0004,0.0003,24.63,23.8181,24.3084,0.0005,25.145,25.0803
46950,0.0014,0.0008,0.0003,25.5572,25.392,25.8083,0.0007,25.7032,25.4019
47000,0.0007,0.0003,0.0003,23.8293,24.7894,23.8789,0.0005,24.2226,23.2759
47050,0.0008,0.0005,0.0003,24.0985,23.2979,24.504,0.0005,24.3603,26.131
47100,0.0008,0.0007,0.0003,23.9315,23.2285,23.0656,0.0004,24.4493,23.232
47150,0.0006,0.0003,0.0002,23.1476,25.0096,24.1948,0.0005,23.3823,22.8427
47200,0.0006,0.0007,0.0002,23.6346,23.6186,22.6517,0.0004,23.4281,24.8661
47250,0.0009,0.0003,0.0003,24.1974,23.2589,23.9413,0.0005,23.0025,24.472
47300,0.0005,0.0006,0.0003,23.5646,25.052,24.0761,0.0005,24.673,23.2649
47350,0.0007,0.0003,0.0003,24.5002,23.0432,23.8204,0.0005,23.6737,25.9543
47400,0.0011,0.001,0.0003,23.9429,24.8907,24.75,0.0005,24.3015,25.125
47450,0.0011,0.0006,0.0003,27.444,25.8753,33.7441,0.0006,24.1261,25.859
47500,0.0011,0.0005,0.0003,23.8089,23.8705,23.5371,0.0004,25.6324,24.1266
47550,0.0005,0.0003,0.0003,23.8862,23.7359,24.1793,0.0008,23.7293,23.2029
47600,0.0007,0.0003,0.0003,25.4443,23.7088,23.6714,0.0005,24.5506,24.5421
47650,0.0011,0.0004,0.0003,25.0183,24.1737,24.8378,0.0007,25.6366,24.9123
47700,0.0014,0.001,0.0002,26.1442,25.7888,24.7623,0.0007,25.7058,24.5037
47750,0.0014,0.0011,0.0003,25.1919,24.4763,24.5513,0.0004,23.9737,24.25
47800,0.0005,0.001,0.0002,24.0618,27.6057,25.4786,0.0004,23.6713,23.6727
47850,0.0006,0.0004,0.0003,23.6537,23.4039,23.1766,0.0004,24.0726,24.3993
47900,0.0017,0.0005,0.0002,24.2936,24.3144,25.3845,0.0005,25.3109,25.3021
47950,0.001,0.0004,0.0003,24.852,25.5366,26.8578,0.0006,25.779,24.3155
48000,0.001,0.0004,0.0003,25.1286,24.1826,25.642,0.0006,25.1681,25.5448
48050,0.0007,0.0006,0.0003,24.5287,24.0573,24.2155,0.0004,23.9487,24.4754
48100,0.0007,0.0008,0.0003,24.6882,25.4364,24.7189,0.0006,24.0757,23.8297
48150,0.0005,0.0003,0.0002,24.7503,24.8624,24.3085,0.0004,26.2039,25.4171
48200,0.001,0.001,0.0003,24.537,24.9834,24.9233,0.0006,25.1792,25.4549
48250,0.0008,0.0008,0.0006,25.0518,25.2184,23.7895,0.0004,24.3918,24.5619
48300,0.0008,0.0004,0.0002,24.8063,24.2241,24.8173,0.0004,25.5367,24.5805
48350,0.001,0.0003,0.0003,24.3935,23.8339,23.9471,0.0005,24.1542,23.9217
48400,0.0006,0.001,0.0003,25.77,27.082,24.4768,0.0005,24.1091,24.2668
48450,0.0006,0.0003,0.0003,24.5101,23.5678,23.614,0.0007,26.4747,25.0148
48500,0.0012,0.0007,0.0002,24.3234,23.9879,26.1766,0.0006,25.2408,23.537
48550,0.0006,0.0012,0.0003,26.3744,25.9513,24.6016,0.0004,24.4502,24.1001
48600,0.0009,0.0003,0.0002,24.1584,23.7836,25.7662,0.001,25.0209,24.0335
48650,0.0008,0.0007,0.0002,24.8312,23.8404,24.0925,0.0004,23.5674,24.4769
48700,0.0009,0.0004,0.0003,25.6017,25.1124,23.8497,0.0004,23.9787,24.9154
48750,0.0008,0.0004,0.0003,24.904,25.7942,25.4124,0.0005,25.5092,24.3398
48800,0.0009,0.0004,0.0003,24.4685,24.8132,23.9779,0.0005,24.8524,25.2162
48850,0.0016,0.0007,0.0003,24.6479,23.85,23.9399,0.0006,25.2996,24.0786
48900,0.0008,0.0003,0.0002,24.1781,25.6773,25.9427,0.0007,25.6479,24.6598
48950,0.0008,0.0004,0.0003,25.1734,24.6445,24.2704,0.0004,24.8391,26.4393
49000,0.0009,0.0003,0.0002,24.5467,23.9657,24.8219,0.0005,23.9447,24.3422
49050,0.0006,0.0004,0.0003,25.4825,25.2603,23.6394,0.0004,24.1853,23.9029
49100,0.0014,0.0005,0.0003,24.3856,23.7851,24.0366,0.0005,26.6913,24.8584
49150,0.0007,0.0005,0.0004,25.27,25.2234,24.0643,0.0004,23.7637,24.2033
49200,0.0008,0.0005,0.0002,26.8819,25.7072,24.327,0.0005,25.3457,24.9569
49250,0.0009,0.0003,0.0003,24.5509,25.4229,26.0245,0.0005,26.034,24.6826
49300,0.001,0.0014,0.0003,25.1666,25.0286,24.4958,0.0004,24.0771,25.4952
49350,0.0011,0.0005,0.0003,24.4338,25.4647,24.4149,0.0004,24.5697,23.7458
49400,0.0008,0.0003,0.0003,27.529,37.7568,28.2302,0.0006,25.7384,26.3745
49450,0.0005,0.0006,0.0002,24.5687,23.9207,25.1277,0.0004,26.8812,25.2901
49500,0.0009,0.0003,0.0002,24.9403,25.1819,24.967,0.0004,24.6238,24.4737
49550,0.0009,0.0005,0.0003,25.4189,25.8955,24.6309,0.0005,25.6896,25.0968
49600,0.0009,0.0004,0.0003,25.0047,24.643,26.2163,0.0008,25.6321,24.6942
49650,0.0007,0.0006,0.0002,26.1464,24.9511,24.5315,0.0005,24.3485,25.8868
49700,0.0204,0.0006,0.0003,25.0697,24.5991,24.2241,0.0003,24.6561,24.4195
49750,0.0005,0.0003,0.0003,25.9568,27.4189,25.3759,0.0004,24.4526,25.9683
49800,0.0006,0.0004,0.0003,25.336,24.7843,25.2103,0.0004,25.897,25.4649
49850,0.0008,0.0007,0.0003,24.7679,28.289,24.8871,0.0004,24.5311,24.57
49900,0.0006,0.0005,0.0002,26.9132,25.524,26.0531,0.0005,25.4168,25.7836
49950,0.0006,0.0005,0.0003,25.3845,24.7881,26.5521,0.0006,27.1924,26.9743
50000,0.0011,0.0004,0.0003,25.4253,26.8972,27.3997,0.0005,24.7775,26.1148
