Muestras,Insertar0,InsertarM,Insertar1,Buscar0,BuscarM,Buscar1,Eliminar0,EliminarM,Eliminar1
50,0.0007,0.0001,0.0274,0.0002,0.0002,0.0002,0.0001,0.0003,0.0002
100,0.0003,0.0001,0.0001,0.0002,0.0002,0.0003,0.0002,0.0003,0.0003
150,0.0003,0.0001,0.0001,0.0002,0.0002,0.0004,0.0001,0.0004,0.0004
200,0.0003,0.0002,0.0001,0.0002,0.0003,0.0005,0.0002,0.0005,0.0004
250,0.0003,0.0002,0.0001,0.0001,0.0004,0.0005,0.0001,0.0006,0.0005
300,0.0003,0.0001,0.0001,0.0002,0.0003,0.0006,0.0001,0.0007,0.0005
350,0.0003,0.0002,0.0002,0.0003,0.0005,0.0009,0.0002,0.0011,0.0008
400,0.0003,0.0002,0.0002,0.0001,0.0004,0.0007,0.0001,0.0008,0.0007
450,0.0002,0.0001,0.0002,0.0001,0.0005,0.0008,0.0001,0.0009,0.0008
500,0.0003,0.0001,0.0002,0.0002,0.0005,0.0009,0.0001,0.001,0.0009
550,0.0003,0.0002,0.0001,0.0001,0.0006,0.0009,0.0001,0.0011,0.001
600,0.0003,0.0002,0.0001,0.0002,0.0006,0.0011,0.0001,0.0012,0.0011
650,0.0003,0.0002,0.0001,0.0001,0.0007,0.0011,0.0001,0.0012,0.0011
700,0.0002,0.0001,0.0001,0.0002,0.0007,0.0012,0.0002,0.0014,0.0012
750,0.0003,0.0002,0.0001,0.0001,0.0007,0.0013,0.0001,0.0014,0.0013
800,0.0003,0.0002,0.0001,0.0001,0.0008,0.0013,0.0001,0.0015,0.0013
850,0.0003,0.0002,0.0001,0.0001,0.0008,0.0014,0.0002,0.0016,0.0014
900,0.0004,0.0003,0.0002,0.0003,0.001,0.002,0.0002,0.0022,0.002
950,0.0004,0.0003,0.0001,0.0002,0.0012,0.0019,0.0002,0.0023,0.002
1000,0.0003,0.0001,0.0001,0.0002,0.0009,0.0017,0.0001,0.0017,0.0016
1050,0.0003,0.0001,0.0002,0.0001,0.001,0.0017,0.0001,0.0019,0.0017
1100,0.0003,0.0002,0.0001,0.0002,0.001,0.0018,0.0001,0.0019,0.0019
1150,0.0003,0.0001,0.0002,0.0001,0.001,0.0019,0.0001,0.002,0.0019
1200,0.0003,0.0001,0.0001,0.0002,0.001,0.0019,0.0002,0.002,0.002
1250,0.0002,0.0001,0.0001,0.0002,0.0011,0.0021,0.0002,0.0022,0.0021
1300,0.0003,0.0002,0.0001,0.0001,0.0012,0.0021,0.0001,0.0023,0.0021
1350,0.0003,0.0001,0.0002,0.0002,0.0012,0.0022,0.0001,0.0024,0.0021
1400,0.0004,0.0002,0.0001,0.0002,0.0016,0.003,0.0002,0.0034,0.0028
1450,0.0003,0.0002,0.0002,0.0003,0.0018,0.0032,0.0003,0.0037,0.003
1500,0.0004,0.0002,0.0002,0.0003,0.0017,0.0031,0.0002,0.0034,0.0032
1550,0.0003,0.0002,0.0002,0.0003,0.0017,0.003,0.0001,0.0026,0.0025
1600,0.0005,0.0002,0.0002,0.0002,0.0016,0.003,0.0002,0.0033,0.003
1650,0.0005,0.0003,0.0002,0.0002,0.0018,0.0031,0.0001,0.0036,0.0031
1700,0.0005,0.0002,0.0001,0.0002,0.0018,0.0033,0.0001,0.0037,0.0031
1750,0.0003,0.0002,0.0002,0.0002,0.0015,0.0028,0.0001,0.003,0.0028
1800,0.0003,0.0001,0.0002,0.0002,0.0015,0.0034,0.0002,0.0038,0.0034
1850,0.0003,0.0001,0.0001,0.0002,0.0016,0.0029,0.0001,0.0031,0.003
1900,0.0003,0.0002,0.0001,0.0002,0.0018,0.0035,0.0002,0.004,0.0035
1950,0.0003,0.0004,0.0002,0.0002,0.0021,0.0038,0.0002,0.0034,0.0031
2000,0.0003,0.0002,0.0001,0.0002,0.0016,0.0032,0.0002,0.0033,0.0032
2050,0.0003,0.0001,0.0001,0.0002,0.0017,0.0032,0.0001,0.0034,0.0033
2100,0.0003,0.0002,0.0002,0.0001,0.0018,0.0032,0.0002,0.0035,0.0034
2150,0.0004,0.0002,0.0001,0.0002,0.0024,0.0044,0.0002,0.0047,0.0043
2200,0.0003,0.0004,0.0002,0.0002,0.0022,0.0041,0.0001,0.0038,0.0035
2250,0.0003,0.0002,0.0002,0.0002,0.0022,0.0042,0.0002,0.0046,0.0042
2300,0.0003,0.0002,0.0001,0.0002,0.002,0.0036,0.0002,0.0039,0.0042
2350,0.0004,0.0002,0.0002,0.0002,0.0026,0.0051,0.0001,0.0055,0.005
2400,0.0004,0.0003,0.0001,0.0002,0.0026,0.0052,0.0002,0.0058,0.0052
2450,0.0003,0.0001,0.0001,0.0002,0.002,0.0038,0.0001,0.0041,0.0039
2500,0.0003,0.0001,0.0001,0.0002,0.002,0.0039,0.0001,0.0042,0.0039
2550,0.0003,0.0001,0.0001,0.0002,0.0021,0.0039,0.0002,0.0043,0.0039
2600,0.0003,0.0001,0.0002,0.0002,0.0021,0.004,0.0001,0.0043,0.0041
2650,0.0003,0.0002,0.0001,0.0002,0.0022,0.0041,0.0001,0.0044,0.0042
2700,0.0003,0.0002,0.0001,0.0002,0.0022,0.0042,0.0001,0.0046,0.0042
2750,0.0003,0.0002,0.0002,0.0001,0.0023,0.0042,0.0001,0.0046,0.0043
2800,0.0004,0.0002,0.0001,0.0002,0.0023,0.0043,0.0002,0.0047,0.0044
2850,0.0003,0.0001,0.0001,0.0002,0.0023,0.0044,0.0001,0.0046,0.0044
2900,0.0003,0.0002,0.0001,0.0002,0.0024,0.0045,0.0001,0.0047,0.0045
2950,0.0003,0.0002,0.0001,0.0002,0.0024,0.0598,0.0001,0.0049,0.0046
3000,0.0003,0.0001,0.0002,0.0001,0.0024,0.0047,0.0001,0.0049,0.0047
3050,0.0003,0.0001,0.0001,0.0002,0.0025,0.0047,0.0002,0.0051,0.0047
3100,0.0003,0.0003,0.0001,0.0002,0.1398,0.0048,0.0003,0.0051,0.0048
3150,0.0008,0.0002,0.0001,0.0003,0.0047,0.0058,0.0002,0.0064,0.0058
3200,0.0003,0.0002,0.0002,0.0002,0.0031,0.0059,0.0001,0.0066,0.0059
3250,0.0003,0.0002,0.0001,0.0002,0.0032,0.006,0.0002,0.0068,0.006
3300,0.0004,0.0001,0.0002,0.0001,0.0027,0.0052,0.0001,0.0054,0.0051
3350,0.0003,0.0001,0.0001,0.0002,0.0026,0.0052,0.0001,0.0056,0.0052
3400,0.0004,0.0002,0.0002,0.0002,0.0028,0.0052,0.0002,0.0056,0.0053
3450,0.0008,0.0004,0.0002,0.0002,0.0037,0.007,0.0002,0.0075,0.0069
3500,0.0005,0.0002,0.0002,0.0002,0.0033,0.0064,0.0002,0.0071,0.0063
3550,0.0002,0.0002,0.0001,0.0002,0.0033,0.0065,0.0003,0.0074,0.0068
3600,0.0004,0.0002,0.0002,0.0001,0.0034,0.0066,0.0002,0.0075,0.0066
3650,0.0003,0.0002,0.0001,0.0001,0.0034,0.0068,0.0002,0.0078,0.007
3700,0.0004,0.0002,0.0001,0.0002,0.0037,0.0069,0.0002,0.0077,0.0068
3750,0.0004,0.0001,0.0002,0.0001,0.003,0.0057,0.0002,0.0061,0.0058
3800,0.0003,0.0001,0.0002,0.0002,0.003,0.0058,0.0002,0.0062,0.0059
3850,0.0003,0.0002,0.0001,0.0001,0.0031,0.006,0.0002,0.0063,0.0059
3900,0.0003,0.0002,0.0001,0.0001,0.0031,0.006,0.0142,0.0064,0.006
3950,0.0003,0.0001,0.0002,0.0001,0.0031,0.0061,0.0001,0.0064,0.0061
4000,0.0003,0.0001,0.0002,0.0002,0.0032,0.0061,0.0001,0.0065,0.0062
4050,0.0003,0.0002,0.0002,0.0002,0.0032,0.0062,0.0001,0.0066,0.0062
4100,0.0003,0.0001,0.0002,0.0002,0.0032,0.0063,0.0001,0.0067,0.0063
4150,0.0002,0.0002,0.0001,0.0001,0.0033,0.0064,0.0001,0.0068,0.0064
4200,0.0003,0.0002,0.0001,0.0002,0.0034,0.0064,0.0001,0.0069,0.0065
4250,0.0003,0.0002,0.0001,0.0002,0.0035,0.0065,0.0002,0.007,0.0065
4300,0.0003,0.0001,0.0002,0.0001,0.0034,0.0066,0.0001,0.0239,0.0066
4350,0.0003,0.0001,0.0001,0.0001,0.0035,0.0067,0.0001,0.0071,0.0067
4400,0.0003,0.0001,0.0002,0.0002,0.0035,0.0067,0.0001,0.0072,0.0068
4450,0.0003,0.0001,0.0002,0.0001,0.0036,0.0068,0.0002,0.0073,0.0068
4500,0.0003,0.0001,0.0002,0.0001,0.0036,0.0069,0.0001,0.0072,0.0069
4550,0.0002,0.0001,0.0001,0.0002,0.0036,0.0069,0.0001,0.0074,0.007
4600,0.0003,0.0001,0.0002,0.0002,0.0037,0.0071,0.0001,0.0075,0.0071
4650,0.0003,0.0002,0.0001,0.0002,0.0037,0.0081,0.0002,0.0093,0.008
4700,0.0007,0.0002,0.0001,0.0002,0.0037,0.0072,0.0001,0.0077,0.0072
4750,0.0003,0.0001,0.0001,0.0001,0.0038,0.0073,0.0001,0.0078,0.0072
4800,0.0003,0.0002,0.0001,0.0001,0.0038,0.0074,0.0001,0.0078,0.0074
4850,0.0003,0.0004,0.0002,0.0002,0.0045,0.0091,0.0002,0.0099,0.0092
4900,0.0004,0.0002,0.0001,0.0002,0.0039,0.0075,0.0001,0.008,0.0075
4950,0.0003,0.0002,0.0002,0.0001,0.0039,0.0076,0.0001,0.008,0.0076
5000,0.0003,0.0002,0.0001,0.0002,0.004,0.0076,0.0001,0.0081,0.0077
5050,0.0003,0.0002,0.0001,0.0001,0.004,0.0077,0.0001,0.0082,0.0077
5100,0.0003,0.0002,0.0002,0.0001,0.004,0.0078,0.0001,0.0083,0.0078
5150,0.0003,0.0002,0.0001,0.0002,0.004,0.0079,0.0001,0.0083,0.0079
5200,0.0003,0.0002,0.0001,0.0001,0.0041,0.008,0.0002,0.0084,0.008
5250,0.0003,0.0002,0.0001,0.0001,0.0041,0.008,0.0002,0.0085,0.0081
5300,0.0003,0.0001,0.0001,0.0001,0.0042,0.0081,0.0001,0.0086,0.0081
5350,0.0003,0.0001,0.0001,0.0001,0.0042,0.0081,0.0002,0.0087,0.0082
5400,0.0003,0.0002,0.0001,0.0002,0.0054,0.0103,0.0002,0.0116,0.0104
5450,0.0002,0.0001,0.0001,0.0002,0.0042,0.0083,0.0002,0.0089,0.0084
5500,0.0003,0.0001,0.0002,0.0001,0.0043,0.0084,0.0001,0.0089,0.0084
5550,0.0003,0.0002,0.0001,0.0002,0.0044,0.0084,0.0002,0.009,0.0085
5600,0.0003,0.0002,0.0001,0.0002,0.0044,0.0086,0.0001,0.0091,0.0085
5650,0.0003,0.0001,0.0001,0.0001,0.0044,0.0087,0.0001,0.0091,0.0087
5700,0.0003,0.0001,0.0002,0.0002,0.0044,0.0087,0.0001,0.0092,0.0087
5750,0.0003,0.0001,0.0002,0.0001,0.0045,0.0087,0.0001,0.0093,0.0088
5800,0.0003,0.0001,0.0001,0.0002,0.0046,0.0088,0.0001,0.0094,0.0088
5850,0.0002,0.0003,0.0002,0.0002,0.0054,0.0109,0.0002,0.0119,0.0105
5900,0.0003,0.0002,0.0001,0.0002,0.0045,0.0089,0.0002,0.0092,0.0088
5950,0.0004,0.0005,0.0002,0.0002,0.0055,0.0097,0.0001,0.0099,0.0232
6000,0.0006,0.0003,0.0002,0.0002,0.0057,0.0117,0.0002,0.0139,0.0127
6050,0.0004,0.0004,0.0001,0.0002,0.0067,0.0125,0.0002,0.0134,0.0121
6100,0.0004,0.0002,0.0001,0.0002,0.0048,0.0094,0.0001,0.0099,0.0094
6150,0.0007,0.0003,0.0002,0.0003,0.006,0.0119,0.0003,0.0134,0.0117
6200,0.0003,0.0001,0.0002,0.0001,0.0049,0.0094,0.0002,0.0101,0.0095
6250,0.0004,0.0001,0.0001,0.0002,0.0049,0.0096,0.0001,0.1497,0.0096
6300,0.0003,0.0003,0.0001,0.0002,0.0049,0.0096,0.0001,0.0102,0.0096
6350,0.0004,0.0003,0.0002,0.0002,0.0051,0.0097,0.0002,0.0102,0.0097
6400,0.0004,0.0002,0.0001,0.0001,0.005,0.0098,0.0002,0.0104,0.0098
6450,0.0003,0.0001,0.0002,0.0002,0.005,0.0098,0.0002,0.0104,0.0098
6500,0.0003,0.0001,0.0002,0.0001,0.0051,0.0099,0.0002,0.0106,0.0098
6550,0.0003,0.0002,0.0001,0.0002,0.0051,0.01,0.0001,0.0106,0.01
6600,0.0002,0.0001,0.0001,0.0001,0.0052,0.0101,0.0001,0.0106,0.0101
6650,0.0003,0.0002,0.0002,0.0002,0.0052,0.0102,0.0001,0.0108,0.0101
6700,0.0003,0.0002,0.0002,0.0002,0.0052,0.0102,0.0001,0.0108,0.0102
6750,0.0003,0.0002,0.0001,0.0001,0.0053,0.0103,0.0001,0.011,0.0103
6800,0.0003,0.0001,0.0001,0.0002,0.0052,0.0104,0.0001,0.011,0.0104
6850,0.0003,0.0001,0.0002,0.0001,0.0053,0.0104,0.0002,0.0111,0.0104
6900,0.0002,0.0001,0.0001,0.0002,0.0054,0.0105,0.0001,0.0113,0.0105
6950,0.0003,0.0002,0.0001,0.0001,0.0054,0.0105,0.0002,0.0112,0.0106
7000,0.0003,0.0001,0.0001,0.0002,0.0055,0.0106,0.0001,0.0113,0.0107
7050,0.0004,0.0003,0.0002,0.0002,0.0067,0.0128,0.0002,0.0139,0.0126
7100,0.0004,0.0001,0.0002,0.0002,0.0055,0.0108,0.0002,0.0115,0.0108
7150,0.0004,0.0004,0.0002,0.0002,0.0074,0.0144,0.0002,0.0161,0.0144
7200,0.0003,0.0003,0.0001,0.0002,0.0056,0.011,0.0001,0.0116,0.011
7250,0.0003,0.0002,0.0001,0.0002,0.0064,0.0111,0.0001,0.0117,0.0111
7300,0.0002,0.0002,0.0001,0.0002,0.0056,0.0111,0.0001,0.0116,0.0112
7350,0.0003,0.0001,0.0001,0.0002,0.0057,0.0111,0.0002,0.0119,0.0113
7400,0.0003,0.0002,0.0001,0.0002,0.0057,0.0112,0.0001,0.0121,0.0113
7450,0.0003,0.0002,0.0001,0.0002,0.0064,0.0126,0.0002,0.014,0.0126
7500,0.0004,0.0002,0.0001,0.0002,0.0058,0.0114,0.0001,0.0121,0.0114
7550,0.0003,0.0001,0.0002,0.0001,0.0059,0.0115,0.0001,0.0122,0.0115
7600,0.0009,0.0002,0.0001,0.0001,0.0059,0.0115,0.0002,0.0123,0.0116
7650,0.0003,0.0002,0.0001,0.0001,0.0059,0.0117,0.0001,0.0124,0.0117
7700,0.0004,0.0001,0.0002,0.0001,0.0059,0.0117,0.0001,0.0125,0.0117
7750,0.0003,0.0001,0.0002,0.0002,0.0059,0.0118,0.0002,0.0126,0.0117
7800,0.0003,0.0001,0.0001,0.0002,0.006,0.0119,0.0001,0.0126,0.0119
7850,0.0004,0.0003,0.0001,0.0002,0.0061,0.0119,0.0001,0.0127,0.0121
7900,0.0003,0.0002,0.0001,0.0002,0.0061,0.0121,0.0001,0.0128,0.0133
7950,0.0003,0.0002,0.0001,0.0001,0.0062,0.0121,0.0002,0.0129,0.0122
8000,0.0002,0.0001,0.0001,0.0001,0.0062,0.0122,0.0001,0.0128,0.0122
8050,0.0003,0.0002,0.0001,0.0001,0.0062,0.0123,0.0002,0.013,0.0123
8100,0.0003,0.0002,0.0001,0.0002,0.0062,0.0124,0.0001,0.0132,0.0124
8150,0.0003,0.0001,0.0001,0.0002,0.0063,0.0123,0.0001,0.0132,0.0124
8200,0.0003,0.0001,0.0002,0.0001,0.0064,0.0125,0.0001,0.0134,0.0126
8250,0.0003,0.0001,0.0002,0.0002,0.0063,0.0126,0.0002,0.0134,0.0126
8300,0.0004,0.0001,0.0001,0.0001,0.0064,0.0127,0.0001,0.0134,0.0126
8350,0.0003,0.0001,0.0001,0.0002,0.0064,0.0127,0.0001,0.0136,0.0128
8400,0.0007,0.0004,0.0001,0.0006,0.0068,0.0128,0.0002,0.0136,0.0128
8450,0.0005,0.0003,0.0002,0.0003,0.0079,0.0151,0.0001,0.0171,0.0155
8500,0.0005,0.0002,0.0001,0.0001,0.0067,0.0129,0.0001,0.0138,0.013
8550,0.0003,0.0001,0.0002,0.0002,0.0076,0.0156,0.0002,0.0174,0.0158
8600,0.0003,0.0002,0.0002,0.0002,0.0066,0.013,0.0002,0.014,0.0131
8650,0.0004,0.0002,0.0002,0.0002,0.0088,0.018,0.0002,0.0191,0.0166
8700,0.0004,0.0005,0.0002,0.0002,0.0078,0.0195,0.0001,0.0322,0.0338
8750,0.0003,0.0001,0.0001,0.0002,0.0068,0.0133,0.0001,0.014,0.0134
8800,0.0003,0.0002,0.0001,0.0002,0.0068,0.0134,0.0002,0.0142,0.0134
8850,0.0003,0.0002,0.0001,0.0001,0.0069,0.0134,0.0001,0.0143,0.0135
8900,0.0003,0.0002,0.0002,0.0001,0.0067,0.0132,0.0001,0.0142,0.0132
8950,0.0003,0.0002,0.0002,0.0002,0.0069,0.0136,0.0002,0.0288,0.0342
9000,0.0003,0.0001,0.0001,0.0002,0.007,0.0137,0.0001,0.0146,0.0137
9050,0.0003,0.0002,0.0001,0.0002,0.007,0.0137,0.0001,0.0146,0.0139
9100,0.0003,0.0002,0.0001,0.0002,0.007,0.0138,0.0001,0.0148,0.0139
9150,0.0002,0.0002,0.0002,0.0001,0.0071,0.014,0.0001,0.0148,0.0139
9200,0.0003,0.0002,0.0001,0.0002,0.0071,0.0139,0.0002,0.015,0.014
9250,0.0003,0.0001,0.0001,0.0001,0.0071,0.0141,0.0001,0.0148,0.0141
9300,0.0003,0.0001,0.0001,0.0002,0.0071,0.0142,0.0001,0.015,0.0142
9350,0.0003,0.0002,0.0001,0.0002,0.0072,0.0142,0.0002,0.0151,0.0143
9400,0.0004,0.0002,0.0001,0.0002,0.0072,0.0143,0.0002,0.0154,0.0143
9450,0.0004,0.0002,0.0001,0.0002,0.0072,0.0144,0.0001,0.0153,0.0144
9500,0.0003,0.0002,0.0001,0.0002,0.0073,0.0144,0.0002,0.0153,0.0145
9550,0.0003,0.0001,0.0002,0.0001,0.0074,0.0145,0.0002,0.0154,0.0145
9600,0.0003,0.0001,0.0001,0.0001,0.0074,0.0146,0.0001,0.0156,0.0146
9650,0.0002,0.0002,0.0001,0.0001,0.0074,0.0147,0.0001,0.0156,0.0148
9700,0.0003,0.0002,0.0001,0.0001,0.0075,0.0147,0.0001,0.0157,0.0148
9750,0.0003,0.0002,0.0001,0.0002,0.0076,0.0163,0.0001,0.0159,0.0148
9800,0.0004,0.0001,0.0001,0.0002,0.0076,0.0149,0.0002,0.0159,0.0149
9850,0.0003,0.0001,0.0001,0.0001,0.0076,0.015,0.0002,0.0159,0.015
9900,0.0003,0.0002,0.0001,0.0002,0.0076,0.0151,0.0001,0.016,0.015
9950,0.0003,0.0001,0.0001,0.0001,0.0076,0.0152,0.0001,0.0161,0.0151
10000,0.0003,0.0002,0.0001,0.0002,0.0078,0.023,0.0001,0.0162,0.0152
10050,0.0003,0.0002,0.0001,0.0001,0.0079,0.0153,0.0001,0.0163,0.0153
10100,0.0003,0.0002,0.0001,0.0002,0.0077,0.0153,0.0001,0.0164,0.0154
10150,0.0002,0.0001,0.0001,0.0001,0.0078,0.0154,0.0001,0.0164,0.0155
10200,0.0002,0.0001,0.0002,0.0001,0.0078,0.0155,0.0001,0.0164,0.0156
10250,0.0003,0.0001,0.0001,0.0002,0.0079,0.0156,0.0001,0.0167,0.0156
10300,0.0003,0.0001,0.0001,0.0001,0.0079,0.0156,0.0002,0.0231,0.0157
10350,0.0004,0.0002,0.0001,0.0002,0.008,0.0157,0.0001,0.0168,0.0159
10400,0.0003,0.0001,0.0001,0.0002,0.008,0.0158,0.0001,0.0168,0.0158
10450,0.0003,0.0002,0.0001,0.0002,0.008,0.0159,0.0001,0.017,0.0159
10500,0.0003,0.0001,0.0001,0.0002,0.008,0.016,0.0002,0.017,0.016
10550,0.0002,0.0001,0.0002,0.0001,0.0081,0.016,0.0001,0.0172,0.016
10600,0.0003,0.0002,0.0001,0.0001,0.0081,0.0161,0.0002,0.0172,0.0161
10650,0.0004,0.0002,0.0001,0.0001,0.0082,0.0162,0.0001,0.0171,0.0162
10700,0.0003,0.0001,0.0002,0.0001,0.0082,0.0162,0.0002,0.0174,0.0163
10750,0.0003,0.0001,0.0001,0.0001,0.0083,0.0163,0.0001,0.0174,0.0163
10800,0.0003,0.0001,0.0001,0.0001,0.0084,0.0163,0.0002,0.0174,0.0164
10850,0.0003,0.0002,0.0001,0.0001,0.0083,0.0165,0.0001,0.0175,0.0165
10900,0.0002,0.0001,0.0001,0.0002,0.0083,0.0166,0.0001,0.0176,0.0166
10950,0.0003,0.0002,0.0001,0.0002,0.0084,0.0166,0.0001,0.0178,0.0167
11000,0.0003,0.0002,0.0001,0.0001,0.0085,0.0166,0.0002,0.0177,0.0167
11050,0.0003,0.0001,0.0002,0.0002,0.0085,0.0168,0.0001,0.0179,0.0168
11100,0.0003,0.0002,0.0001,0.0002,0.0085,0.0169,0.0002,0.0179,0.0169
11150,0.0003,0.0002,0.0001,0.0002,0.0086,0.0169,0.0002,0.0181,0.017
11200,0.0002,0.0002,0.0001,0.0002,0.0087,0.0169,0.0002,0.0181,0.0171
11250,0.0003,0.0002,0.0001,0.0002,0.0086,0.0171,0.0002,0.0182,0.0172
11300,0.0003,0.0001,0.0001,0.0002,0.0087,0.0172,0.0001,0.0181,0.0173
11350,0.0003,0.0001,0.0002,0.0001,0.0087,0.0173,0.0001,0.0184,0.0173
11400,0.0003,0.0001,0.0001,0.0002,0.0087,0.0173,0.0002,0.0184,0.0174
11450,0.0003,0.0002,0.0002,0.0001,0.0088,0.0174,0.0001,0.0185,0.0174
11500,0.0003,0.0002,0.0001,0.0002,0.0088,0.0174,0.0001,0.0185,0.0175
11550,0.0002,0.0002,0.0001,0.0001,0.0089,0.0176,0.0001,0.0186,0.0175
11600,0.0003,0.0002,0.0002,0.0002,0.0089,0.0176,0.0002,0.0188,0.0176
11650,0.0003,0.0001,0.0001,0.0002,0.0089,0.0177,0.0002,0.0189,0.0178
11700,0.0002,0.0002,0.0001,0.0002,0.009,0.0177,0.0001,0.019,0.0178
11750,0.0003,0.0004,0.0001,0.0002,0.0109,0.7583,0.0003,0.0245,0.02
11800,0.0004,0.0002,0.0002,0.0002,0.0118,0.0239,0.0002,0.0272,0.0195
11850,0.0003,0.0003,0.0002,0.0003,0.0123,0.0248,0.0003,0.0273,0.0244
11900,0.0004,0.0003,0.0001,0.0002,0.0109,0.0223,0.0002,0.024,0.0239
11950,0.0003,0.0003,0.0001,0.0002,0.0092,0.019,0.0002,0.0192,0.0325
12000,0.0003,0.0001,0.0002,0.0002,0.0102,0.0182,0.0001,0.0192,0.019
12050,0.0003,0.0002,0.0002,0.0002,0.0088,0.0174,0.0002,0.047,0.0192
12100,0.0003,0.0002,0.0001,0.0002,0.0093,0.0183,0.0001,0.0197,0.0185
12150,0.0003,0.0002,0.0001,0.0002,0.0093,0.0186,0.0001,0.0209,0.0186
12200,0.0003,0.0001,0.0001,0.0002,0.0095,0.0184,0.0002,0.0197,0.0185
12250,0.0003,0.0001,0.0001,0.0001,0.0094,0.0185,0.0002,0.0199,0.0186
12300,0.0004,0.0001,0.0001,0.0002,0.0099,0.0188,0.0001,0.0199,0.0187
12350,0.0003,0.0001,0.0002,0.0002,0.0095,0.0187,0.0001,0.0199,0.0188
12400,0.0003,0.0002,0.0001,0.0002,0.0096,0.0188,0.0001,0.0201,0.0188
12450,0.0003,0.0002,0.0002,0.0002,0.0095,0.0189,0.0001,0.02,0.0189
12500,0.0003,0.0002,0.0001,0.0001,0.0096,0.0192,0.0002,0.0203,0.0189
12550,0.0003,0.0001,0.0002,0.0002,0.0096,0.0191,0.0001,0.0202,0.0191
12600,0.0003,0.0001,0.0001,0.0001,0.0097,0.0191,0.0002,0.0203,0.0192
12650,0.0002,0.0002,0.0002,0.0001,0.0097,0.0192,0.0001,0.0204,0.0192
12700,0.0003,0.0002,0.0001,0.0001,0.0098,0.0192,0.0002,0.0205,0.0193
12750,0.0004,0.0002,0.0001,0.0002,0.0098,0.0193,0.0001,0.0206,0.0194
12800,0.0003,0.0001,0.0002,0.0001,0.0098,0.0194,0.0001,0.0206,0.0195
12850,0.0003,0.0002,0.0001,0.0001,0.0099,0.0195,0.0001,0.0206,0.0195
12900,0.0003,0.0001,0.0002,0.0001,0.01,0.0196,0.0002,0.0209,0.0196
12950,0.0003,0.0001,0.0001,0.0001,0.0099,0.0275,0.0002,0.0209,0.0197
13000,0.0003,0.0002,0.0001,0.0001,0.01,0.0197,0.0001,0.021,0.0197
13050,0.0002,0.0002,0.0001,0.0002,0.0101,0.0197,0.0001,0.0212,0.0199
13100,0.0003,0.0002,0.0001,0.0002,0.01,0.0199,0.0001,0.0213,0.0199
13150,0.0003,0.0002,0.0001,0.0002,0.0101,0.0199,0.0001,0.0211,0.0201
13200,0.0003,0.0002,0.0002,0.0001,0.0104,0.0201,0.0001,0.0214,0.0201
13250,0.0003,0.0002,0.0002,0.0002,0.0101,0.0204,0.0001,0.0215,0.0201
13300,0.0003,0.0001,0.0001,0.0002,0.0103,0.0202,0.0002,0.0216,0.0201
13350,0.0003,0.0001,0.0002,0.0001,0.0102,0.0203,0.0001,0.0216,0.0202
13400,0.0003,0.0001,0.0001,0.0001,0.0103,0.0202,0.0002,0.0216,0.0203
13450,0.0003,0.0001,0.0001,0.0002,0.0103,0.0204,0.0002,0.0216,0.0204
13500,0.0003,0.0001,0.0001,0.0001,0.0104,0.0204,0.0001,0.0218,0.0205
13550,0.0003,0.0001,0.0001,0.0002,0.0103,0.0206,0.0002,0.0218,0.0206
13600,0.0005,0.0003,0.0002,0.0002,0.0105,0.0207,0.0002,0.0252,0.0235
13650,0.0005,0.0002,0.0001,0.0002,0.0105,0.0208,0.0001,0.0221,0.0208
13700,0.0004,0.0007,0.0002,0.0003,0.0159,0.0344,0.0003,0.0395,0.0349
13750,0.0004,0.0002,0.0002,0.0003,0.0143,0.0285,0.0002,0.0314,0.0276
13800,0.0003,0.0001,0.0001,0.0002,0.0105,0.0209,0.0001,0.0223,0.021
13850,0.0003,0.0002,0.0001,0.0002,0.0106,0.021,0.0002,0.0225,0.021
13900,0.0003,0.0001,0.0002,0.0001,0.0106,0.0211,0.0001,0.0226,0.0211
13950,0.0003,0.0002,0.0001,0.0002,0.0107,0.0211,0.0001,0.0226,0.0211
14000,0.0003,0.0002,0.0001,0.0002,0.0107,0.0212,0.0002,0.0227,0.0212
14050,0.0003,0.0002,0.0001,0.0002,0.0107,0.0213,0.0002,0.0226,0.0213
14100,0.0003,0.0001,0.0001,0.0001,0.0108,0.0214,0.0001,0.0228,0.0214
14150,0.0003,0.0002,0.0001,0.0002,0.0108,0.0214,0.0001,0.0229,0.0215
14200,0.0003,0.0002,0.0002,0.0002,0.0109,0.0214,0.0002,0.0229,0.0215
14250,0.0003,0.0002,0.0001,0.0002,0.0109,0.0216,0.0001,0.0231,0.0216
14300,0.0003,0.0001,0.0001,0.0002,0.0109,0.0216,0.0001,0.0232,0.0217
14350,0.0002,0.0002,0.0002,0.0002,0.011,0.0217,0.0001,0.0232,0.0217
14400,0.0003,0.0001,0.0001,0.0001,0.0111,0.0218,0.0002,0.0233,0.0219
14450,0.0002,0.0002,0.0001,0.0002,0.011,0.0219,0.0002,0.0232,0.0219
14500,0.0003,0.0001,0.0001,0.0002,0.0111,0.022,0.0001,0.0233,0.0219
14550,0.0003,0.0001,0.0001,0.0002,0.0111,0.0221,0.0002,0.0235,0.022
14600,0.0003,0.0001,0.0001,0.0002,0.0111,0.0222,0.0001,0.0236,0.0221
14650,0.0003,0.0003,0.0002,0.0001,0.0112,0.0222,0.0002,0.0236,0.0223
14700,0.0003,0.0001,0.0001,0.0002,0.0112,0.0222,0.0002,0.0239,0.0223
14750,0.0003,0.0001,0.0001,0.0001,0.0113,0.0224,0.0001,0.0238,0.0224
14800,0.0003,0.0001,0.0001,0.0001,0.0113,0.0224,0.0002,0.03,0.0225
14850,0.0002,0.0001,0.0001,0.0001,0.0114,0.0226,0.0002,0.0241,0.0225
14900,0.0005,0.0001,0.0001,0.0001,0.0114,0.0225,0.0001,0.0239,0.0225
14950,0.0003,0.0001,0.0001,0.0002,0.0114,0.0227,0.0001,0.0242,0.0227
15000,0.0003,0.0002,0.0001,0.0002,0.0115,0.0228,0.0001,0.0243,0.0228
15050,0.0003,0.0001,0.0001,0.0055,0.0115,0.0227,0.0002,0.0241,0.0229
15100,0.0003,0.0001,0.0002,0.0001,0.0116,0.0229,0.0001,0.0244,0.0229
15150,0.0003,0.0001,0.0001,0.0001,0.0116,0.023,0.0001,0.0246,0.023
15200,0.0004,0.0002,0.0002,0.0002,0.0116,0.0231,0.0001,0.0245,0.0231
15250,0.0003,0.0001,0.0002,0.0002,0.0117,0.0231,0.0001,0.0249,0.0232
15300,0.0003,0.0002,0.0001,0.0002,0.0116,0.0232,0.0001,0.0247,0.0232
15350,0.0003,0.0002,0.0001,0.0002,0.0117,0.0233,0.0002,0.0248,0.031
15400,0.0003,0.0001,0.0001,0.0002,0.0118,0.0234,0.0002,0.0248,0.0234
15450,0.0003,0.0001,0.0001,0.0002,0.0118,0.0234,0.0001,0.0249,0.0235
15500,0.0002,0.0002,0.0001,0.0002,0.0118,0.0235,0.0001,0.0251,0.0235
15550,0.0003,0.0001,0.0001,0.0002,0.0119,0.0236,0.0001,0.025,0.0236
15600,0.0003,0.0001,0.0002,0.0002,0.0119,0.0236,0.0002,0.0693,0.0286
15650,0.0002,0.0003,0.0002,0.0002,0.012,0.0237,0.0002,0.0252,0.0238
15700,0.0003,0.0002,0.0002,0.0001,0.012,0.0238,0.0001,0.0253,0.0238
15750,0.0003,0.0001,0.0001,0.0002,0.012,0.0238,0.0002,0.0254,0.0239
15800,0.0003,0.0001,0.0001,0.0002,0.012,0.024,0.0002,0.0344,0.024
15850,0.0003,0.0002,0.0001,0.0002,0.0122,0.0241,0.0001,0.0256,0.024
15900,0.0005,0.0001,0.0001,0.0002,0.0123,0.0243,0.0002,0.0257,0.0241
15950,0.0005,0.0002,0.0002,0.0002,0.0122,0.0242,0.0001,0.0257,0.0242
16000,0.0003,0.0001,0.0001,0.0002,0.0123,0.0242,0.0002,0.0258,0.0243
16050,0.0003,0.0001,0.0001,0.0002,0.0122,0.0244,0.0002,0.0258,0.0244
16100,0.0003,0.0001,0.0002,0.0002,0.0123,0.0244,0.0001,0.0259,0.0244
16150,0.0003,0.0002,0.0001,0.0002,0.0124,0.0245,0.0001,0.0259,0.0246
16200,0.0003,0.0001,0.0001,0.0001,0.0118,0.0234,0.0001,0.0249,0.0234
16250,0.0003,0.0002,0.0001,0.0001,0.032,0.0247,0.0001,0.0406,0.0235
16300,0.0003,0.0003,0.0002,0.0001,0.0126,0.0248,0.0002,0.0263,0.0247
16350,0.0004,0.0002,0.0001,0.0002,0.0125,0.0248,0.0001,0.0266,0.0248
16400,0.0004,0.0002,0.0001,0.0002,0.0125,0.0248,0.0001,0.0265,0.025
16450,0.0003,0.0002,0.0001,0.0002,0.0126,0.025,0.0001,0.0266,0.0249
16500,0.0005,0.0006,0.0001,0.0002,0.0168,0.033,0.0004,0.0382,0.0363
16550,0.0006,0.0009,0.0002,0.0007,0.0189,0.035,0.0002,0.0386,0.0331
16600,0.0005,0.0002,0.0001,0.0002,0.0126,0.0252,0.0001,0.0267,0.0252
16650,0.0003,0.0001,0.0002,0.0002,0.0128,0.0252,0.0001,0.0267,0.0252
16700,0.0003,0.0002,0.0001,0.0002,0.0131,0.0254,0.0001,0.0274,0.0254
16750,0.0004,0.0002,0.0001,0.0003,0.0128,0.0255,0.0001,0.0269,0.0255
16800,0.0003,0.0003,0.0001,0.0001,0.0129,0.0255,0.0001,0.0271,0.0255
16850,0.0003,0.0002,0.0001,0.0002,0.0122,0.0244,0.0001,0.0259,0.0244
16900,0.0003,0.0002,0.0002,0.0002,0.0129,0.0256,0.0001,0.0272,0.0256
16950,0.0003,0.0001,0.0001,0.0001,0.013,0.0257,0.0001,0.0273,0.0257
17000,0.0003,0.0001,0.0001,0.0001,0.0131,0.0257,0.0002,0.0273,0.0258
17050,0.0003,0.0001,0.0002,0.0002,0.013,0.0258,0.0001,0.0274,0.0258
17100,0.0003,0.0002,0.0001,0.0002,0.0131,0.0306,0.0002,0.0276,0.0259
17150,0.0003,0.0001,0.0001,0.0001,0.0131,0.026,0.0001,0.0279,0.0259
17200,0.0002,0.0002,0.0001,0.0002,0.0132,0.0261,0.0002,0.0276,0.026
17250,0.0003,0.0002,0.0002,0.0002,0.0132,0.0262,0.0001,0.0277,0.0262
17300,0.0003,0.0003,0.0001,0.0002,0.0132,0.0262,0.0001,0.0279,0.0262
17350,0.0003,0.0001,0.0001,0.0002,0.0132,0.0403,0.0001,0.0267,0.0251
17400,0.0003,0.0001,0.0001,0.0001,0.0126,0.0455,0.0001,0.028,0.0264
17450,0.0003,0.0003,0.0001,0.0001,0.0128,0.0253,0.0002,0.027,0.0254
17500,0.0003,0.0001,0.0002,0.0001,0.0134,0.0266,0.0002,0.0281,0.0265
17550,0.0003,0.0001,0.0002,0.0001,0.0135,0.0268,0.0002,0.0284,0.0267
17600,0.0004,0.0003,0.0001,0.0002,0.0134,0.0266,0.0002,0.0284,0.0266
17650,0.0003,0.0001,0.0001,0.0002,0.0135,0.0268,0.0001,0.0284,0.0267
17700,0.0003,0.0001,0.0002,0.0001,0.0135,0.0268,0.0001,0.0285,0.0268
17750,0.0003,0.0002,0.0002,0.0001,0.0136,0.0269,0.0001,0.0286,0.027
17800,0.0003,0.0002,0.0001,0.0002,0.0135,0.0269,0.0002,0.0288,0.027
17850,0.0003,0.0002,0.0002,0.0001,0.0136,0.0271,0.0001,0.0287,0.027
17900,0.0003,0.0001,0.0001,0.0002,0.0136,0.0271,0.0001,0.036,0.0272
17950,0.0003,0.0001,0.0002,0.0001,0.0137,0.0271,0.0002,0.0288,0.0273
18000,0.0003,0.0002,0.0002,0.0001,0.0137,0.0273,0.0001,0.029,0.0273
18050,0.0003,0.0002,0.0002,0.0002,0.0138,0.0273,0.0002,0.0291,0.0274
18100,0.0003,0.0002,0.0001,0.0002,0.0138,0.0274,0.0002,0.029,0.0274
18150,0.0003,0.0001,0.0001,0.0001,0.0139,0.0275,0.0001,0.0291,0.0275
18200,0.0003,0.0001,0.0001,0.0002,0.0139,0.0275,0.0002,0.0293,0.0275
18250,0.0003,0.0001,0.0001,0.0002,0.0139,0.0276,0.0002,0.0294,0.0276
18300,0.0003,0.0002,0.0002,0.0002,0.014,0.0277,0.0001,0.0295,0.0278
18350,0.0003,0.0002,0.0001,0.0002,0.0145,0.0279,0.0001,0.0296,0.0278
18400,0.0003,0.0003,0.0001,0.0003,0.0165,0.0281,0.0002,0.0297,0.0279
18450,0.0003,0.0002,0.0001,0.0002,0.0141,0.0279,0.0001,0.0296,0.0279
18500,0.0003,0.0001,0.0001,0.0001,0.0141,0.028,0.0001,0.0298,0.028
18550,0.0003,0.0002,0.0002,0.0001,0.0142,0.0281,0.0001,0.03,0.0281
18600,0.0003,0.0001,0.0001,0.0002,0.0143,0.0281,0.0002,0.03,0.0283
18650,0.0002,0.0002,0.0001,0.0001,0.0143,0.0283,0.0001,0.0299,0.0282
18700,0.0003,0.0001,0.0001,0.0002,0.0142,0.0283,0.0002,0.0301,0.0283
18750,0.0003,0.0001,0.0001,0.0001,0.0143,0.0284,0.0001,0.0302,0.0284
18800,0.0003,0.0005,0.0001,0.0003,0.0146,0.0294,0.0002,0.0302,0.0289
18850,0.0003,0.0003,0.0001,0.0002,0.0145,0.0285,0.0002,0.0304,0.0286
18900,0.0003,0.0002,0.0001,0.0002,0.0144,0.0286,0.0001,0.0304,0.0286
18950,0.0003,0.0001,0.0001,0.0002,0.0144,0.0287,0.0001,0.0305,0.0309
19000,0.0003,0.0002,0.0001,0.0002,0.0157,0.0337,0.0002,0.0382,0.0311
19050,0.0003,0.0001,0.0001,0.0002,0.0145,0.0289,0.0001,0.0307,0.0289
19100,0.0003,0.0001,0.0002,0.0002,0.0233,0.0289,0.0001,0.0306,0.0289
19150,0.0003,0.0001,0.0002,0.0001,0.0146,0.029,0.0001,0.0357,0.029
19200,0.0003,0.0001,0.0001,0.0001,0.0147,0.0291,0.0001,0.0311,0.0291
19250,0.0002,0.0001,0.0001,0.0001,0.0147,0.029,0.0001,0.031,0.0291
19300,0.0003,0.0001,0.0001,0.0001,0.0147,0.0292,0.0001,0.031,0.0292
19350,0.0002,0.0001,0.0001,0.0002,0.0147,0.0292,0.0001,0.0312,0.0293
19400,0.0003,0.0001,0.0001,0.0001,0.0148,0.0293,0.0002,0.0313,0.0294
19450,0.0003,0.0002,0.0001,0.0002,0.0148,0.0294,0.0001,0.0314,0.0294
19500,0.0003,0.0002,0.0002,0.0002,0.0148,0.0296,0.0001,0.0314,0.0295
19550,0.0002,0.0001,0.0002,0.0002,0.0149,0.0295,0.0001,0.0313,0.0296
19600,0.0005,0.0004,0.0001,0.0003,0.0152,0.0299,0.0003,0.0316,0.0301
19650,0.0003,0.0001,0.0002,0.0001,0.015,0.0298,0.0001,0.0318,0.0297
19700,0.0003,0.0002,0.0001,0.0001,0.015,0.0297,0.0002,0.0317,0.0299
19750,0.0003,0.0001,0.0001,0.0002,0.015,0.0298,0.0002,0.0319,0.0299
19800,0.0003,0.0002,0.0002,0.0002,0.0152,0.0303,0.0001,0.0319,0.03
19850,0.0004,0.0002,0.0001,0.0002,0.0151,0.0301,0.0001,0.0319,0.0301
19900,0.0002,0.0002,0.0001,0.0001,0.0152,0.0302,0.0001,0.0319,0.0302
19950,0.0002,0.0001,0.0001,0.0002,0.0152,0.0302,0.0001,0.0321,0.0303
20000,0.0003,0.0001,0.0002,0.0002,0.0152,0.0302,0.0001,0.0321,0.0302
20050,0.0003,0.0001,0.0002,0.0002,0.0152,0.0303,0.0002,0.0323,0.0304
20100,0.0003,0.0001,0.0001,0.0001,0.0153,0.0304,0.0001,0.0321,0.0304
20150,0.0002,0.0001,0.0001,0.0002,0.0153,0.0305,0.0001,0.0324,0.0306
20200,0.0003,0.0001,0.0002,0.0002,0.0154,0.0306,0.0002,0.0326,0.0306
20250,0.0003,0.0001,0.0002,0.0001,0.0154,0.0306,0.0002,0.0325,0.0307
20300,0.0003,0.0001,0.0002,0.0001,0.0155,0.0306,0.0001,0.0328,0.0306
20350,0.0003,0.0004,0.0001,0.0002,0.0155,0.0308,0.0001,0.0325,0.0308
20400,0.0004,0.0003,0.0001,0.0002,0.0157,0.0313,0.0002,0.0412,0.0408
20450,0.0004,0.0001,0.0001,0.0002,0.0155,0.031,0.0001,0.033,0.0309
20500,0.0003,0.0001,0.0001,0.0002,0.0157,0.031,0.0001,0.0328,0.031
20550,0.0003,0.0001,0.0001,0.0002,0.0174,0.0363,0.0002,0.0331,0.0311
20600,0.0003,0.0002,0.0001,0.0002,0.0156,0.0311,0.0002,0.033,0.0312
20650,0.0003,0.0002,0.0002,0.0002,0.0158,0.0311,0.0002,0.0333,0.0312
20700,0.0003,0.0002,0.0001,0.0002,0.0157,0.0314,0.0001,0.0333,0.0314
20750,0.0003,0.0002,0.0001,0.0002,0.0157,0.0315,0.0002,0.0334,0.0314
20800,0.0003,0.0001,0.0001,0.0002,0.0158,0.0315,0.0001,0.0335,0.0316
20850,0.0002,0.0001,0.0001,0.0001,0.0159,0.0315,0.0002,0.0334,0.0316
20900,0.0003,0.0001,0.0002,0.0001,0.0159,0.0316,0.0002,0.0338,0.0316
20950,0.0002,0.0001,0.0001,0.0002,0.016,0.0316,0.0001,0.0336,0.036
21000,0.0003,0.0001,0.0001,0.0002,0.016,0.0318,0.0001,0.0338,0.0793
21050,0.0004,0.0001,0.0002,0.0001,0.016,0.0319,0.0001,0.0337,0.0319
21100,0.0003,0.0002,0.0001,0.0002,0.0162,0.0319,0.0001,0.0341,0.0321
21150,0.0003,0.0001,0.0001,0.0002,0.0162,0.032,0.0001,0.0341,0.0331
21200,0.0003,0.0002,0.0001,0.0002,0.0162,0.0382,0.0001,0.0342,0.0321
21250,0.0003,0.0002,0.0001,0.0001,0.0162,0.0397,0.0001,0.0343,0.0322
21300,0.0003,0.0001,0.0001,0.0002,0.0162,0.0323,0.0002,0.0341,0.0323
21350,0.0003,0.0001,0.0002,0.0001,0.0162,0.0324,0.0002,0.0343,0.0323
21400,0.0003,0.0001,0.0001,0.0002,0.0162,0.0324,0.0001,0.0346,0.0324
21450,0.0003,0.0002,0.0002,0.0002,0.0164,0.0325,0.0002,0.0345,0.0325
21500,0.0002,0.0002,0.0002,0.0002,0.0164,0.0324,0.0002,0.0396,0.0384
21550,0.0003,0.0004,0.0002,0.0003,0.0201,0.0358,0.0003,0.0348,0.0466
21600,0.0003,0.0004,0.0002,0.0002,0.0167,0.033,0.0001,0.0347,0.0327
21650,0.0004,0.0001,0.0001,0.0001,0.0165,0.0328,0.0001,0.0404,0.0329
21700,0.0003,0.0004,0.0002,0.0002,0.0175,0.0391,0.0001,0.0351,0.0329
21750,0.0003,0.0002,0.0001,0.0003,0.0166,0.0329,0.0001,0.0349,0.033
21800,0.0002,0.0001,0.0001,0.0001,0.0169,0.033,0.0001,0.0348,0.0331
21850,0.0004,0.0002,0.0001,0.0002,0.0169,0.0332,0.0001,0.0352,0.033
21900,0.0003,0.0001,0.0002,0.0001,0.0166,0.0332,0.0001,0.0352,0.033
21950,0.0002,0.0002,0.0001,0.0002,0.0167,0.0332,0.0001,0.0353,0.0332
22000,0.0004,0.0003,0.0002,0.0001,0.0168,0.0351,0.0002,0.0432,0.0372
22050,0.0003,0.0002,0.0002,0.0001,0.0168,0.0334,0.0001,0.0355,0.0334
22100,0.0003,0.0002,0.0001,0.0002,0.0169,0.0335,0.0002,0.0354,0.0334
22150,0.0003,0.0002,0.0002,0.0001,0.0169,0.0335,0.0002,0.0357,0.0335
22200,0.0003,0.0001,0.0001,0.0002,0.017,0.0336,0.0001,0.0356,0.0336
22250,0.0002,0.0001,0.0001,0.0002,0.0169,0.0338,0.0001,0.0357,0.0337
22300,0.0002,0.0001,0.0002,0.0002,0.017,0.0337,0.0001,0.036,0.0337
22350,0.0003,0.0004,0.0002,0.0002,0.017,0.0341,0.0001,0.0362,0.0398
22400,0.0004,0.0002,0.0002,0.0002,0.017,0.0339,0.0002,0.0361,0.034
22450,0.0004,0.0001,0.0001,0.0001,0.0171,0.0339,0.0001,0.0361,0.034
22500,0.0003,0.0002,0.0001,0.0002,0.0173,0.034,0.0002,0.0362,0.0341
22550,0.0003,0.0002,0.0001,0.0002,0.0172,0.034,0.0001,0.0362,0.0342
22600,0.0003,0.0001,0.0001,0.0002,0.0173,0.0342,0.0001,0.0364,0.0341
22650,0.0003,0.0001,0.0002,0.0001,0.0172,0.0343,0.0001,0.0364,0.0343
22700,0.0003,0.0001,0.0001,0.0002,0.0172,0.0343,0.0002,0.0364,0.0344
22750,0.0003,0.0001,0.0001,0.0001,0.0173,0.0343,0.0001,0.0366,0.0344
22800,0.0003,0.0002,0.0001,0.0002,0.0173,0.0344,0.0002,0.0366,0.0345
22850,0.0002,0.0002,0.0002,0.0002,0.0174,0.0345,0.0001,0.0368,0.0346
22900,0.0003,0.0001,0.0001,0.0001,0.0175,0.0346,0.0001,0.0368,0.0347
22950,0.0002,0.0002,0.0001,0.0002,0.0174,0.0347,0.0002,0.0369,0.0435
23000,0.0003,0.0001,0.0001,0.0002,0.0175,0.0348,0.0001,0.0369,0.0347
23050,0.0002,0.0003,0.0001,0.0003,0.0178,0.0352,0.0003,0.0371,0.0349
23100,0.0003,0.0001,0.0001,0.0002,0.0178,0.0352,0.0001,0.0376,0.0349
23150,0.0003,0.0001,0.0001,0.0002,0.0176,0.0349,0.0001,0.0372,0.035
23200,0.0003,0.0001,0.0001,0.0001,0.0176,0.0351,0.0002,0.0374,0.0351
23250,0.0003,0.0001,0.0001,0.0001,0.0177,0.0351,0.0002,0.0418,0.0352
23300,0.0003,0.0001,0.0001,0.0002,0.0178,0.0353,0.0001,0.0374,0.0351
23350,0.0003,0.0002,0.0001,0.0002,0.0177,0.0353,0.0001,0.0375,0.0353
23400,0.0003,0.0002,0.0001,0.0002,0.0178,0.0354,0.0001,0.0375,0.0354
23450,0.0003,0.0001,0.0002,0.0001,0.0179,0.0355,0.0002,0.0376,0.0355
23500,0.0003,0.0002,0.0001,0.0002,0.0179,0.0355,0.0001,0.0376,0.0355
23550,0.0002,0.0002,0.0001,0.0002,0.0179,0.0356,0.0001,0.0377,0.0356
23600,0.0002,0.0001,0.0001,0.0002,0.0179,0.0358,0.0002,0.038,0.0356
23650,0.0003,0.0002,0.0002,0.0002,0.018,0.0358,0.0001,0.0378,0.0358
23700,0.0002,0.0001,0.0001,0.0002,0.018,0.0357,0.0002,0.0382,0.0358
23750,0.0003,0.0016,0.0001,0.0003,0.0356,0.0527,0.0004,0.0543,0.0741
23800,0.0004,0.0007,0.0002,0.0004,0.0231,0.0451,0.0003,0.05,0.0442
23850,0.0003,0.0003,0.0001,0.0002,0.0183,0.0362,0.0002,0.0383,0.0361
23900,0.0003,0.0001,0.0001,0.0002,0.0182,0.0362,0.0001,0.0385,0.0433
23950,0.0003,0.0003,0.0001,0.0002,0.0183,0.0362,0.0001,0.0385,0.0362
24000,0.0002,0.0002,0.0001,0.0001,0.0183,0.0362,0.0002,0.0386,0.0363
24050,0.0002,0.0001,0.0001,0.0002,0.0183,0.0364,0.0001,0.0385,0.0364
24100,0.0003,0.0002,0.0001,0.0002,0.0184,0.0364,0.0001,0.0389,0.0365
24150,0.0003,0.0002,0.0001,0.0002,0.0184,0.0366,0.0002,0.0388,0.0366
24200,0.0002,0.0002,0.0001,0.0002,0.0183,0.0366,0.0002,0.0388,0.0365
24250,0.0003,0.0002,0.0001,0.0002,0.0203,0.0366,0.0002,0.0388,0.0367
24300,0.0003,0.0002,0.0001,0.0002,0.0185,0.0368,0.0001,0.0391,0.0368
24350,0.0003,0.0003,0.0001,0.0002,0.0185,0.0368,0.0002,0.0392,0.0368
24400,0.0003,0.0002,0.0001,0.0002,0.0186,0.0367,0.0002,0.0392,0.0369
24450,0.0003,0.0002,0.0001,0.0001,0.0185,0.037,0.0001,0.0392,0.037
24500,0.0003,0.0001,0.0002,0.0002,0.0186,0.037,0.0001,0.0395,0.0371
24550,0.0003,0.0003,0.0002,0.0002,0.022,0.0438,0.0001,0.0475,0.0445
24600,0.0003,0.0003,0.0001,0.0002,0.018,0.0556,0.0001,0.0535,0.0356
24650,0.0003,0.0001,0.0001,0.0001,0.018,0.0357,0.0002,0.0378,0.0357
24700,0.0003,0.0001,0.0001,0.0001,0.0179,0.0356,0.0002,0.0379,0.04
24750,0.0002,0.0001,0.0001,0.0002,0.0189,0.0375,0.0001,0.0398,0.0509
24800,0.0003,0.0002,0.0001,0.0001,0.018,0.0358,0.0001,0.0381,0.0358
24850,0.0003,0.0001,0.0001,0.0001,0.0181,0.0358,0.0001,0.038,0.0358
24900,0.0003,0.0001,0.0001,0.0001,0.0181,0.0359,0.0001,0.038,0.0359
24950,0.0003,0.0002,0.0001,0.0001,0.0181,0.0904,0.0001,0.04,0.0719
25000,0.0004,0.0007,0.0002,0.0002,0.0245,0.0465,0.0003,0.0536,0.0466
25050,0.0003,0.0002,0.0002,0.0002,0.0191,0.0381,0.0001,0.0401,0.038
25100,0.0003,0.0003,0.0001,0.0001,0.0202,0.0381,0.0002,0.0404,0.038
25150,0.0005,0.0001,0.0001,0.0001,0.0191,0.038,0.0001,0.0405,0.038
25200,0.0003,0.0003,0.0001,0.0002,0.0192,0.0381,0.0002,0.0403,0.0382
25250,0.0003,0.0001,0.0001,0.0002,0.0192,0.0382,0.0001,0.0405,0.0382
25300,0.0003,0.0002,0.0002,0.0002,0.0192,0.0383,0.0002,0.0405,0.0382
25350,0.0004,0.0001,0.0001,0.0001,0.0193,0.0383,0.0002,0.0407,0.0384
25400,0.0003,0.0001,0.0002,0.0001,0.0262,0.0385,0.0002,0.0407,0.0384
25450,0.0004,0.0002,0.0002,0.0002,0.0194,0.0385,0.0001,0.0408,0.0385
25500,0.0002,0.0002,0.0001,0.0002,0.0193,0.0385,0.0002,0.0409,0.0386
25550,0.0006,0.0003,0.0002,0.0002,0.0278,0.07,0.0003,0.0596,0.0549
25600,0.0003,0.0004,0.0001,0.0002,0.02,0.0395,0.0002,0.056,0.0396
25650,0.0003,0.0001,0.0001,0.0001,0.0195,0.0387,0.0002,0.0412,0.0388
25700,0.0003,0.0002,0.0001,0.0002,0.0194,0.0389,0.0001,0.0413,0.0388
25750,0.0003,0.0001,0.0001,0.0002,0.0195,0.039,0.0002,0.0414,0.039
25800,0.0002,0.0002,0.0001,0.0002,0.0196,0.0389,0.0001,0.0414,0.039
25850,0.0003,0.0001,0.0002,0.0001,0.0196,0.0391,0.0001,0.0414,0.0392
25900,0.0003,0.0001,0.0001,0.0001,0.0198,0.0404,0.0001,0.0416,0.0392
25950,0.0003,0.0001,0.0002,0.0001,0.0197,0.0392,0.0002,0.0416,0.0392
26000,0.0002,0.0001,0.0001,0.0002,0.0198,0.0392,0.0001,0.0417,0.0394
26050,0.0002,0.0001,0.0001,0.0002,0.0198,0.0394,0.0002,0.0419,0.0393
26100,0.0003,0.0002,0.0001,0.0001,0.0199,0.0395,0.0001,0.0422,0.0395
26150,0.0003,0.0001,0.0001,0.0002,0.0199,0.0395,0.0002,0.0422,0.0395
26200,0.0004,0.0006,0.0001,0.0002,0.0207,0.0424,0.0002,0.0421,0.175
26250,0.0002,0.0002,0.0002,0.0001,0.0199,0.0398,0.0001,0.0422,0.0398
26300,0.0003,0.0002,0.0002,0.0001,0.0201,0.0397,0.0002,0.0423,0.0398
26350,0.0003,0.0001,0.0001,0.0002,0.0201,0.0398,0.0001,0.0422,0.0399
26400,0.0003,0.0001,0.0001,0.0002,0.0201,0.0399,0.0001,0.0425,0.04
26450,0.0002,0.0001,0.0001,0.0002,0.02,0.0399,0.0001,0.0425,0.04
26500,0.0003,0.0001,0.0002,0.0001,0.0201,0.0402,0.0001,0.0511,0.0401
26550,0.0003,0.0005,0.0001,0.0002,0.0202,0.0401,0.0002,0.0426,0.04
26600,0.0003,0.0002,0.0002,0.0001,0.0203,0.0401,0.0002,0.0428,0.0403
26650,0.0003,0.0002,0.0002,0.0001,0.0203,0.0404,0.0001,0.0427,0.0403
26700,0.0003,0.0004,0.0001,0.0002,0.0203,0.0406,0.0002,0.0429,0.0404
26750,0.0004,0.0002,0.0001,0.0002,0.0205,0.0405,0.0002,0.043,0.0405
26800,0.0003,0.0004,0.0001,0.0003,0.0252,0.0483,0.0002,0.0535,0.0504
26850,0.0004,0.0002,0.0001,0.0002,0.0204,0.0406,0.0001,0.0431,0.0406
26900,0.0003,0.0002,0.0001,0.0002,0.0206,0.0409,0.0001,0.0435,0.0409
26950,0.0002,0.0002,0.0001,0.0002,0.0206,0.0409,0.0002,0.0433,0.0414
27000,0.0003,0.0002,0.0002,0.0002,0.0205,0.0408,0.0001,0.0433,0.0408
27050,0.0003,0.0001,0.0002,0.0002,0.0206,0.041,0.0001,0.046,0.0409
27100,0.0003,0.0003,0.0001,0.0002,0.0206,0.041,0.0001,0.0434,0.041
27150,0.0003,0.0002,0.0001,0.0002,0.0206,0.041,0.0002,0.0437,0.041
27200,0.0003,0.0002,0.0002,0.0002,0.0207,0.0411,0.0001,0.0436,0.0411
27250,0.0002,0.0004,0.0002,0.0002,0.0251,0.0501,0.0002,0.0557,0.0496
27300,0.0003,0.0002,0.0001,0.0002,0.1271,0.1204,0.0002,0.1281,0.0962
27350,0.0003,0.0001,0.0002,0.0002,0.0208,0.0413,0.0002,0.0439,0.0414
27400,0.0003,0.0005,0.0001,0.0001,0.0224,0.0426,0.0003,0.0445,0.0418
27450,0.0003,0.0002,0.0001,0.0001,0.0209,0.0416,0.0002,0.044,0.0416
27500,0.0003,0.0001,0.0001,0.0001,0.0209,0.0415,0.0002,0.0442,0.0415
27550,0.0003,0.0001,0.0001,0.0002,0.0209,0.0416,0.0001,0.0443,0.0417
27600,0.0004,0.0002,0.0001,0.0002,0.0211,0.0419,0.0002,0.0443,0.0417
27650,0.0003,0.0001,0.0002,0.0002,0.021,0.0419,0.0001,0.0444,0.0418
27700,0.0002,0.0001,0.0002,0.0001,0.0211,0.0419,0.0001,0.0446,0.0419
27750,0.0003,0.0002,0.0001,0.0002,0.0211,0.0419,0.0002,0.0446,0.0419
27800,0.0003,0.0002,0.0002,0.0001,0.0211,0.042,0.0002,0.0446,0.0419
27850,0.0003,0.0006,0.0001,0.0003,0.0456,0.0489,0.0002,0.0902,0.0829
27900,0.0004,0.0002,0.0001,0.0002,0.0216,0.0424,0.0002,0.0448,0.0422
27950,0.0003,0.0001,0.0002,0.0001,0.0214,0.0425,0.0002,0.0453,0.0423
28000,0.0003,0.0004,0.0002,0.0003,0.0276,0.0428,0.0001,0.0448,0.0424
28050,0.0003,0.0002,0.0002,0.0002,0.0213,0.0425,0.0001,0.0448,0.0424
28100,0.0003,0.0002,0.0001,0.0002,0.0213,0.0424,0.0001,0.0451,0.0425
28150,0.0002,0.0002,0.0001,0.0002,0.0214,0.0426,0.0001,0.0452,0.0426
28200,0.0002,0.0002,0.0001,0.0002,0.0217,0.0427,0.0001,0.0453,0.051
28250,0.0003,0.0001,0.0001,0.0001,0.0215,0.0427,0.0001,0.0453,0.0428
28300,0.0003,0.0002,0.0001,0.0002,0.0217,0.0429,0.0003,0.0456,0.043
28350,0.0004,0.0001,0.0001,0.0002,0.0216,0.043,0.0002,0.0453,0.0428
28400,0.0003,0.0006,0.0001,0.0003,0.0327,0.0492,0.0003,0.0458,0.043
28450,0.0004,0.0005,0.0002,0.0002,0.0298,0.0586,0.0003,0.0647,0.0582
28500,0.0003,0.0002,0.0001,0.0002,0.0217,0.0431,0.0002,0.0457,0.0431
28550,0.0003,0.0001,0.0002,0.0001,0.0217,0.0431,0.0002,0.0459,0.0431
28600,0.0004,0.0001,0.0002,0.0002,0.0217,0.0433,0.0001,0.0459,0.0433
28650,0.0003,0.0002,0.0001,0.0002,0.0218,0.0433,0.0001,0.0459,0.0433
28700,0.0003,0.0002,0.0001,0.0002,0.0218,0.0435,0.0001,0.0461,0.0434
28750,0.0003,0.0001,0.0002,0.0001,0.0219,0.0434,0.0001,0.0462,0.0435
28800,0.0003,0.0002,0.0001,0.0002,0.022,0.0435,0.0002,0.046,0.0435
28850,0.0003,0.0001,0.0001,0.0002,0.0221,0.0435,0.0002,0.0465,0.0436
28900,0.0002,0.0002,0.0001,0.0002,0.0219,0.0437,0.0001,0.0464,0.0438
28950,0.0004,0.0003,0.0001,0.0002,0.0221,0.0438,0.0002,0.0464,0.0438
29000,0.0003,0.0001,0.0001,0.0002,0.022,0.0438,0.0002,0.0465,0.0438
29050,0.0002,0.0001,0.0001,0.0001,0.0221,0.0439,0.0002,0.0467,0.0438
29100,0.0003,0.0002,0.0001,0.0001,0.0221,0.044,0.0002,0.0468,0.044
29150,0.0003,0.0001,0.0002,0.0002,0.0221,0.0441,0.0001,0.0468,0.044
29200,0.0003,0.0001,0.0001,0.0001,0.0222,0.0448,0.0001,0.0469,0.0441
29250,0.0003,0.0002,0.0001,0.0002,0.0223,0.0441,0.0001,0.0469,0.0441
29300,0.0003,0.0001,0.0002,0.0002,0.0267,0.0444,0.0001,0.0471,0.0443
29350,0.0003,0.0003,0.0002,0.0002,0.0223,0.0444,0.0003,0.0469,0.0444
29400,0.0003,0.0001,0.0001,0.0001,0.0224,0.0443,0.0002,0.0472,0.0444
29450,0.0003,0.0003,0.0001,0.0002,0.0224,0.0445,0.0002,0.0474,0.0445
29500,0.0003,0.001,0.0002,0.0003,0.0332,0.0498,0.0001,0.065,0.059
29550,0.0004,0.0003,0.0001,0.0002,0.0225,0.0447,0.0002,0.0477,0.0447
29600,0.0002,0.0002,0.0001,0.0002,0.0225,0.0447,0.0001,0.1935,0.0447
29650,0.0003,0.0002,0.0001,0.0002,0.0226,0.0448,0.0002,0.0766,0.045
29700,0.0211,0.0007,0.0001,0.0003,0.0235,0.0456,0.0003,0.0478,0.1156
29750,0.0003,0.0002,0.0001,0.0002,0.0227,0.045,0.0002,0.0572,0.0451
29800,0.0003,0.0002,0.0001,0.0002,0.0226,0.045,0.0001,0.0478,0.0451
29850,0.0004,0.0001,0.0001,0.0002,0.0227,0.0453,0.0002,0.0479,0.0453
29900,0.0002,0.0002,0.0001,0.0002,0.0227,0.0452,0.0003,0.0479,0.0451
29950,0.0003,0.0002,0.0001,0.0002,0.0228,0.0452,0.0002,0.048,0.0453
30000,0.0003,0.0002,0.0001,0.0002,0.0218,0.0432,0.0002,0.0462,0.0473
30050,0.0003,0.0002,0.0001,0.0002,0.0228,0.0453,0.0002,0.048,0.0454
30100,0.0003,0.0002,0.0001,0.0002,0.0219,0.0434,0.0001,0.0461,0.0434
30150,0.0004,0.0002,0.0001,0.0002,0.0241,0.0457,0.0001,0.0488,0.0457
30200,0.0003,0.0001,0.0001,0.0002,0.0219,0.0436,0.0001,0.0462,0.0436
30250,0.0003,0.0002,0.0002,0.0001,0.023,0.0457,0.0002,0.0485,0.0456
30300,0.0003,0.0001,0.0001,0.0001,0.022,0.0437,0.0001,0.0465,0.0437
30350,0.0002,0.0001,0.0001,0.0001,0.0221,0.0437,0.0001,0.0464,0.0437
30400,0.0003,0.0002,0.0002,0.0002,0.0231,0.0519,0.0002,0.0487,0.0459
30450,0.0003,0.0002,0.0001,0.0002,0.0221,0.0642,0.0001,0.0827,0.0816
30500,0.0003,0.0002,0.0002,0.0002,0.0233,0.0463,0.0001,0.0493,0.0482
30550,0.0003,0.0002,0.0002,0.0001,0.0236,0.0462,0.0002,0.0491,0.0465
30600,0.0003,0.0001,0.0001,0.0001,0.0233,0.0463,0.0001,0.049,0.0463
30650,0.0004,0.0003,0.0002,0.0002,0.0233,0.0464,0.0001,0.0492,0.0464
30700,0.0004,0.0001,0.0001,0.0001,0.0234,0.0464,0.0002,0.0491,0.0465
30750,0.0002,0.0001,0.0001,0.0002,0.0233,0.0465,0.0001,0.0553,0.0466
30800,0.0003,0.0002,0.0002,0.0001,0.0235,0.0467,0.0001,0.0494,0.0465
30850,0.0003,0.0002,0.0001,0.0002,0.0234,0.0466,0.0001,0.0495,0.0466
30900,0.0003,0.0001,0.0002,0.0002,0.0235,0.0467,0.0002,0.0494,0.0467
30950,0.0003,0.0002,0.0001,0.0002,0.0235,0.0469,0.0003,0.0501,0.0468
31000,0.0003,0.0008,0.0002,0.0002,0.0327,0.0836,0.0003,0.1307,0.0573
31050,0.0003,0.0005,0.0002,0.0003,0.0332,0.0652,0.0003,0.0719,0.065
31100,0.0003,0.0002,0.0001,0.0002,0.0225,0.0448,0.0002,0.0477,0.0449
31150,0.0003,0.0001,0.0002,0.0002,0.0225,0.0654,0.0002,0.0477,0.0449
31200,0.0003,0.0002,0.0002,0.0002,0.0425,0.0472,0.0001,0.0636,0.045
31250,0.0003,0.0001,0.0002,0.0001,0.0226,0.045,0.0002,0.0477,0.045
31300,0.0002,0.0002,0.0002,0.0001,0.0238,0.0473,0.0002,0.0503,0.0832
31350,0.0002,0.0001,0.0001,0.0002,0.0228,0.0453,0.0001,0.0479,0.0453
31400,0.0003,0.0002,0.0001,0.0002,0.025,0.0476,0.0001,0.0506,0.0477
31450,0.0003,0.0002,0.0001,0.0001,0.0228,0.0453,0.0001,0.0484,0.0452
31500,0.0002,0.0001,0.0002,0.0002,0.2676,0.0823,0.0002,0.0507,0.0477
31550,0.0003,0.0001,0.0001,0.0002,0.0241,0.0478,0.0002,0.051,0.0477
31600,0.0003,0.0001,0.0001,0.0002,0.0241,0.0477,0.0001,0.0546,0.0477
31650,0.0003,0.0001,0.0001,0.0002,0.024,0.0478,0.0002,0.0507,0.0479
31700,0.0003,0.0001,0.0001,0.0002,0.0241,0.0479,0.0001,0.0507,0.0478
31750,0.0003,0.0001,0.0001,0.0002,0.0231,0.0457,0.0002,0.0486,0.0458
31800,0.0002,0.0001,0.0001,0.0001,0.0242,0.0481,0.0002,0.051,0.048
31850,0.0003,0.0002,0.0001,0.0002,0.0244,0.0484,0.0002,0.0514,0.0483
31900,0.0004,0.0001,0.0001,0.0002,0.0243,0.0483,0.0002,0.0521,0.0483
31950,0.0003,0.0001,0.0001,0.0002,0.0243,0.0483,0.0001,0.0512,0.0483
32000,0.0003,0.0002,0.0002,0.0001,0.0243,0.0804,0.0002,0.0577,0.0618
32050,0.0004,0.0002,0.0001,0.0001,0.0245,0.0486,0.0001,0.0513,0.0484
32100,0.0003,0.0002,0.0001,0.0002,0.0243,0.0485,0.0002,0.0515,0.0485
32150,0.0003,0.0002,0.0002,0.0002,0.0245,0.0486,0.0002,0.0515,0.0487
32200,0.0003,0.0001,0.0001,0.0002,0.0244,0.0487,0.0001,0.0516,0.0487
32250,0.0003,0.0001,0.0001,0.0002,0.0259,0.049,0.0002,0.0532,0.0494
32300,0.0004,0.0003,0.0001,0.0002,0.0246,0.0488,0.0002,0.0519,0.0488
32350,0.0003,0.0002,0.0001,0.0002,0.0246,0.0489,0.0001,0.0521,0.0488
32400,0.0003,0.0002,0.0001,0.0002,0.0246,0.049,0.0002,0.0518,0.0489
32450,0.0003,0.0002,0.0001,0.0001,0.0247,0.0491,0.0001,0.0517,0.049
32500,0.0002,0.0003,0.0002,0.0001,0.0595,0.0493,0.0001,0.0671,0.0703
32550,0.0004,0.0002,0.0001,0.0002,0.0247,0.0493,0.0002,0.0522,0.0492
32600,0.0003,0.0001,0.0002,0.0001,0.0247,0.0493,0.0001,0.0523,0.0494
32650,0.0003,0.0002,0.0001,0.0002,0.0248,0.0494,0.0002,0.0524,0.0494
32700,0.0003,0.0001,0.0002,0.0002,0.0249,0.0495,0.0003,0.0526,0.0496
32750,0.0003,0.0003,0.0001,0.0002,0.0248,0.0495,0.0002,0.0524,0.0496
32800,0.0003,0.0002,0.0001,0.0002,0.0249,0.0496,0.0001,0.0526,0.0496
32850,0.0003,0.0002,0.0002,0.0001,0.025,0.0543,0.0002,0.0527,0.0495
32900,0.0002,0.0001,0.0001,0.0002,0.0251,0.0498,0.0001,0.0527,0.0497
32950,0.0003,0.0002,0.0001,0.0002,0.0251,0.0497,0.0001,0.055,0.0497
33000,0.0002,0.0002,0.0002,0.0003,0.0253,0.0501,0.0001,0.0529,0.0499
33050,0.0003,0.0004,0.0002,0.0002,0.0254,0.0504,0.0002,0.0532,0.0502
33100,0.0003,0.0003,0.0001,0.0002,0.0252,0.05,0.0001,0.0531,0.05
33150,0.0004,0.0002,0.0002,0.0002,0.0251,0.0502,0.0002,0.0531,0.0501
33200,0.0003,0.0007,0.0001,0.0003,0.0253,0.0504,0.0002,0.0533,0.0502
33250,0.0002,0.0003,0.0001,0.0002,0.0256,0.0503,0.0002,0.0534,0.0502
33300,0.0003,0.0001,0.0001,0.0001,0.0253,0.0504,0.0001,0.0549,0.0504
33350,0.0003,0.0003,0.0001,0.0002,0.0254,0.0504,0.0002,0.0535,0.0504
33400,0.0003,0.0001,0.0001,0.0002,0.0254,0.0505,0.0002,0.0536,0.0505
33450,0.0003,0.0001,0.0002,0.0002,0.0254,0.0505,0.0002,0.0535,0.0506
33500,0.0003,0.0002,0.0001,0.0002,0.0255,0.0504,0.0002,0.0536,0.0506
33550,0.0003,0.0005,0.0001,0.0005,0.063,0.0869,0.0001,0.0547,0.0565
33600,0.0004,0.0007,0.0002,0.0005,0.0346,0.0836,0.0002,0.0541,0.0508
33650,0.0003,0.0002,0.0002,0.0002,0.0255,0.0518,0.0001,0.054,0.0509
33700,0.0003,0.0001,0.0001,0.0002,0.0256,0.0508,0.0002,0.054,0.0509
33750,0.0003,0.0001,0.0002,0.0001,0.0256,0.0511,0.0001,0.0542,0.051
33800,0.0002,0.0002,0.0001,0.0002,0.0258,0.0511,0.0001,0.0542,0.0511
33850,0.0002,0.0002,0.0001,0.0002,0.0257,0.0512,0.0001,0.0545,0.0511
33900,0.0004,0.0001,0.0001,0.0002,0.0258,0.0513,0.0002,0.0544,0.0511
33950,0.0003,0.0001,0.0001,0.0002,0.0258,0.0512,0.0002,0.0544,0.0513
34000,0.0003,0.0004,0.0002,0.0002,0.0261,0.0518,0.0003,0.0545,0.0513
34050,0.0003,0.0002,0.0001,0.0001,0.0266,0.0521,0.0001,0.0555,0.0527
34100,0.0006,0.0002,0.0001,0.0002,0.0263,0.0532,0.0002,0.055,0.0522
34150,0.0003,0.0002,0.0001,0.0002,0.0259,0.0515,0.0002,0.0546,0.0516
34200,0.0003,0.0001,0.0001,0.0002,0.0261,0.0517,0.0001,0.055,0.0517
34250,0.0003,0.0002,0.0001,0.0002,0.0259,0.0517,0.0001,0.055,0.0517
34300,0.0003,0.0001,0.0001,0.0001,0.026,0.0024,0.0002,0.055,0.0576
34350,0.0003,0.0002,0.0001,0.0002,0.0261,0.0518,0.0002,0.055,0.0519
34400,0.0003,0.0001,0.0001,0.0002,0.0261,0.052,0.0001,0.0554,0.052
34450,0.0003,0.0002,0.0002,0.0001,0.0262,0.0521,0.0001,0.0554,0.0521
34500,0.0003,0.0006,0.0001,0.0008,0.0559,0.109,0.0003,0.1187,0.106
34550,0.0003,0.0001,0.0001,0.0002,0.0262,0.0522,0.0002,0.0553,0.0523
34600,0.0003,0.0004,0.0002,0.0002,0.0265,0.0523,0.0002,0.0554,0.0523
34650,0.0003,0.0002,0.0002,0.0002,0.0263,0.0522,0.0001,0.0557,0.0523
34700,0.0004,0.0004,0.0002,0.0002,0.035,0.0719,0.0003,0.0793,0.0706
34750,0.0003,0.0003,0.0001,0.0003,0.0266,0.0526,0.0001,0.0588,0.0526
34800,0.0002,0.0002,0.0001,0.0002,0.0264,0.0526,0.0002,0.0556,0.0526
34850,0.0003,0.0007,0.0002,0.0003,0.0266,0.0528,0.0002,0.0557,0.0527
34900,0.0003,0.0002,0.0001,0.0002,0.0265,0.0527,0.0002,0.0559,0.0527
34950,0.0003,0.0002,0.0001,0.0002,0.0265,0.0894,0.0002,0.0614,0.0572
35000,0.0003,0.0001,0.0001,0.0002,0.0266,0.0569,0.0001,0.0561,0.0528
35050,0.0003,0.0001,0.0001,0.0002,0.0266,0.0529,0.0002,0.0562,0.053
35100,0.0003,0.0001,0.0001,0.0001,0.0267,0.053,0.0002,0.0563,0.0531
35150,0.0003,0.0001,0.0002,0.0002,0.0267,0.0531,0.0001,0.0564,0.0531
35200,0.0003,0.0001,0.0001,0.0002,0.0268,0.0532,0.0001,0.0565,0.0531
35250,0.0003,0.0002,0.0001,0.0002,0.0268,0.0531,0.0001,0.0567,0.0532
35300,0.0003,0.0002,0.0001,0.0001,0.0269,0.0535,0.0001,0.0566,0.0534
35350,0.0003,0.0002,0.0001,0.0002,0.027,0.0534,0.0002,0.0566,0.0534
35400,0.0003,0.0001,0.0001,0.0002,0.0269,0.0533,0.0001,0.057,0.0535
35450,0.0003,0.0002,0.0001,0.0001,0.027,0.0566,0.0002,0.0569,0.0536
35500,0.0003,0.0002,0.0002,0.0002,0.0269,0.0536,0.0002,0.0569,0.0547
35550,0.0003,0.0001,0.0001,0.0002,0.0271,0.0537,0.0002,0.0568,0.0537
35600,0.0002,0.0001,0.0002,0.0002,0.0329,0.0538,0.0002,0.0571,0.0537
35650,0.0002,0.0002,0.0002,0.0002,0.0271,0.0539,0.0002,0.0571,0.0537
35700,0.0003,0.0003,0.0001,0.0002,0.0271,0.0539,0.0002,0.0571,0.054
35750,0.0003,0.0002,0.0002,0.0002,0.0273,0.0543,0.0004,0.0574,0.0541
35800,0.0002,0.0002,0.0002,0.0002,0.0272,0.054,0.0001,0.0574,0.054
35850,0.0003,0.0002,0.0001,0.0002,0.0272,0.0623,0.0001,0.0704,0.0517
35900,0.0003,0.0002,0.0001,0.0002,0.0261,0.0161,0.0001,0.0551,0.056
35950,0.0003,0.0003,0.0002,0.0002,0.0365,0.0704,0.0004,0.0731,0.0692
36000,0.0003,0.0005,0.0002,0.0003,0.0377,0.0744,0.0003,0.0832,0.0688
36050,0.0004,0.0002,0.0001,0.0002,0.032,0.0615,0.0001,0.0898,0.0696
36100,0.0003,0.0004,0.0001,0.0001,0.0267,0.0522,0.0002,0.0556,0.052
36150,0.0003,0.0001,0.0001,0.0002,0.0263,0.0521,0.0001,0.0552,0.0522
36200,0.0003,0.0001,0.0001,0.0002,0.0274,0.0548,0.0001,0.058,0.055
36250,0.0002,0.0001,0.0002,0.0002,0.0262,0.0523,0.0002,0.0554,0.0523
36300,0.0003,0.0001,0.0002,0.0001,0.0263,0.0523,0.0002,0.0761,0.0548
36350,0.0003,0.0002,0.0001,0.0002,0.0263,0.0556,0.0001,0.0558,0.0524
36400,0.0003,0.0003,0.0001,0.0001,0.0278,0.055,0.0002,0.0583,0.0895
36450,0.0003,0.0002,0.0001,0.0002,0.0263,0.0526,0.0002,0.0772,0.0551
36500,0.0003,0.0002,0.0001,0.0003,0.0283,0.0554,0.0002,0.0592,0.0573
36550,0.0002,0.0002,0.0002,0.0002,0.0264,0.0528,0.0001,0.077,0.0672
36600,0.0002,0.0001,0.0001,0.0002,0.0277,0.0553,0.0001,0.0586,0.0585
36650,0.0003,0.0002,0.0002,0.0002,0.0279,0.0553,0.0001,0.0586,0.0553
36700,0.0003,0.0002,0.0001,0.0002,0.0278,0.0555,0.0002,0.059,0.0553
36750,0.0002,0.0001,0.0001,0.0002,0.0279,0.0556,0.0002,0.0588,0.0555
36800,0.0003,0.0001,0.0002,0.0002,0.0279,0.0583,0.0002,0.059,0.0555
36850,0.0003,0.0002,0.0001,0.0002,0.028,0.0557,0.0002,0.0981,0.0638
36900,0.0004,0.0004,0.0002,0.0003,0.0337,0.061,0.0003,0.0795,0.075
36950,0.0004,0.0002,0.0001,0.0003,0.0269,0.0536,0.0003,0.0573,0.0534
37000,0.0002,0.0003,0.0001,0.0001,0.0269,0.0535,0.0002,0.0565,0.0533
37050,0.0002,0.0001,0.0001,0.0001,0.0269,0.0533,0.0001,0.0566,0.0535
37100,0.0003,0.0002,0.0001,0.0002,0.0268,0.0535,0.0002,0.0568,0.0535
37150,0.0002,0.0001,0.0001,0.0002,0.0282,0.056,0.0002,0.0596,0.0697
37200,0.0003,0.0002,0.0002,0.0002,0.027,0.0536,0.0002,0.0568,0.0567
37250,0.0003,0.0001,0.0001,0.0001,0.027,0.0537,0.0001,0.0622,0.0538
37300,0.0003,0.0001,0.0001,0.0001,0.0271,0.0538,0.0001,0.1201,0.1066
37350,0.0002,0.0002,0.0001,0.0002,0.0284,0.0564,0.0001,0.06,0.0565
37400,0.0003,0.0002,0.0002,0.0002,0.0284,0.0565,0.0001,0.0602,0.0565
37450,0.0003,0.0002,0.0001,0.0002,0.0287,0.0567,0.0002,0.0639,0.0568
37500,0.0003,0.0002,0.0001,0.0002,0.0285,0.057,0.0001,0.0605,0.0567
37550,0.0003,0.0001,0.0001,0.0002,0.0285,0.0567,0.0002,0.0599,0.0567
37600,0.0003,0.0002,0.0002,0.0001,0.0331,0.0568,0.0001,0.0602,0.0568
37650,0.0003,0.0001,0.0001,0.0002,0.0286,0.0568,0.0001,0.0604,0.0569
37700,0.0003,0.0002,0.0002,0.0002,0.0287,0.0569,0.0001,0.0603,0.0568
37750,0.0003,0.0001,0.0002,0.0002,0.0287,0.1549,0.0002,0.0692,0.0613
37800,0.0003,0.0001,0.0001,0.0002,0.0287,0.0572,0.0002,0.0605,0.0571
37850,0.0003,0.0002,0.0001,0.0002,0.0291,0.0578,0.0002,0.0617,0.0582
37900,0.0003,0.0002,0.0001,0.0002,0.0288,0.0573,0.0002,0.0604,0.0615
37950,0.0004,0.0001,0.0001,0.0001,0.0288,0.0574,0.0001,0.0609,0.0573
38000,0.0003,0.0001,0.0001,0.0002,0.0287,0.0575,0.0001,0.0609,0.0573
38050,0.0004,0.0001,0.0001,0.0002,0.0288,0.0574,0.0002,0.0609,0.0598
38100,0.0003,0.0001,0.0002,0.0002,0.0289,0.0576,0.0001,0.0611,0.0575
38150,0.0003,0.0002,0.0001,0.0002,0.0289,0.0577,0.0001,0.0611,0.0576
38200,0.0003,0.0003,0.0001,0.0002,0.029,0.0575,0.0002,0.0611,0.0984
38250,0.0004,0.0007,0.0003,0.0005,0.0638,0.1224,0.0004,0.1278,0.0921
38300,0.0003,0.0001,0.0002,0.0001,0.0292,0.0582,0.0001,0.0621,0.064
38350,0.0003,0.0001,0.0001,0.0002,0.0292,0.058,0.0001,0.0618,0.0579
38400,0.0003,0.0002,0.0001,0.0002,0.0291,0.058,0.0001,0.0616,0.058
38450,0.0003,0.0002,0.0002,0.0001,0.0291,0.058,0.0001,0.0619,0.058
38500,0.0003,0.0003,0.0001,0.0002,0.0292,0.0582,0.0001,0.0619,0.0616
38550,0.0003,0.0001,0.0002,0.0001,0.0293,0.0582,0.0002,0.0617,0.0582
38600,0.0002,0.0002,0.0001,0.0001,0.0294,0.0583,0.0001,0.0623,0.0583
38650,0.0003,0.0008,0.0001,0.0003,0.0304,0.0589,0.0003,0.0627,0.0589
38700,0.0003,0.0001,0.0001,0.0001,0.0296,0.0586,0.0001,0.0625,0.0585
38750,0.0003,0.0002,0.0001,0.0001,0.0281,0.0756,0.0002,0.0654,0.0585
38800,0.0002,0.0002,0.0001,0.0002,0.0281,0.056,0.0001,0.0592,0.0559
38850,0.0003,0.0002,0.0002,0.0001,0.0431,0.0559,0.0001,0.0596,0.0559
38900,0.0003,0.0001,0.0001,0.0002,0.0336,0.0932,0.0002,0.0978,0.0721
38950,0.0002,0.0001,0.0001,0.0002,0.0283,0.0768,0.0001,0.0745,0.0772
39000,0.0003,0.0002,0.0001,0.0002,0.0296,0.0589,0.0002,0.0624,0.059
39050,0.0003,0.0002,0.0002,0.0001,0.0298,0.0597,0.0001,0.0625,0.0593
39100,0.0005,0.0005,0.0001,0.0004,0.0307,0.0599,0.0002,0.0625,0.0592
39150,0.0004,0.0001,0.0002,0.0001,0.0299,0.0591,0.0002,0.0628,0.0592
39200,0.0003,0.0001,0.0002,0.0002,0.0298,0.0591,0.0002,0.0663,0.0591
39250,0.0004,0.0005,0.0001,0.0002,0.0298,0.0592,0.0002,0.0626,0.0593
39300,0.0004,0.0001,0.0001,0.0002,0.0299,0.0594,0.0002,0.0631,0.0591
39350,0.0002,0.0004,0.0001,0.0002,0.0302,0.0596,0.0002,0.0631,0.0598
39400,0.0003,0.0003,0.0002,0.0002,0.0299,0.0637,0.0001,0.0632,0.0596
39450,0.0003,0.0004,0.0002,0.0003,0.0393,0.0866,0.0002,0.0838,0.0753
39500,0.0004,0.0003,0.0002,0.0002,0.0348,0.0702,0.0001,0.0778,0.07
39550,0.0004,0.0004,0.0001,0.0005,0.0315,0.072,0.0002,0.0717,0.0604
39600,0.0003,0.0003,0.0001,0.0002,0.0302,0.0599,0.0002,0.0636,0.0598
39650,0.0003,0.0002,0.0001,0.0002,0.0303,0.06,0.0002,0.0692,0.0602
39700,0.0003,0.0001,0.0002,0.0001,0.0301,0.06,0.0002,0.0637,0.0599
39750,0.0003,0.0003,0.0002,0.0002,0.0302,0.0601,0.0002,0.0638,0.06
39800,0.0003,0.0003,0.0001,0.0003,0.0303,0.0602,0.0002,0.064,0.0601
39850,0.0003,0.0002,0.0001,0.0002,0.0302,0.061,0.0001,0.064,0.0601
39900,0.0003,0.0001,0.0001,0.0001,0.0304,0.0604,0.0002,0.064,0.0603
39950,0.0004,0.0002,0.0001,0.0002,0.044,0.0605,0.0002,0.0642,0.0603
40000,0.0003,0.0001,0.0001,0.0001,0.031,0.0605,0.0002,0.064,0.0603
40050,0.0003,0.0001,0.0001,0.0002,0.029,0.0578,0.0001,0.0613,0.0578
40100,0.0004,0.0001,0.0001,0.0002,0.0308,0.059,0.0004,0.0783,0.0594
40150,0.0004,0.0001,0.0001,0.0002,0.029,0.0579,0.0002,0.0612,0.0578
40200,0.0003,0.0001,0.0001,0.0002,0.0306,0.0644,0.0002,0.0642,0.0632
40250,0.0003,0.0002,0.0001,0.0002,0.0292,0.0581,0.0001,0.0614,0.0581
40300,0.0003,0.0001,0.0001,0.0001,0.0291,0.058,0.0001,0.0617,0.0579
40350,0.0003,0.0005,0.0002,0.0004,0.051,0.0796,0.0011,0.1176,0.0872
40400,0.0003,0.0007,0.0002,0.0003,0.0428,0.0751,0.0003,0.0649,0.0612
40450,0.0003,0.0006,0.0001,0.0004,0.0319,0.0621,0.0002,0.0649,0.0612
40500,0.0002,0.0002,0.0001,0.0002,0.0308,0.061,0.0002,0.0649,0.0613
40550,0.0002,0.0002,0.0002,0.0002,0.0308,0.0613,0.0002,0.0648,0.0612
40600,0.0002,0.0002,0.0001,0.0002,0.0308,0.0637,0.0001,0.0651,0.0613
40650,0.0003,0.0002,0.0002,0.0001,0.0308,0.0615,0.0001,0.0654,0.0613
40700,0.0003,0.0001,0.0002,0.0002,0.0309,0.0613,0.0002,0.0652,0.0614
40750,0.0002,0.0003,0.0001,0.0001,0.031,0.0619,0.0002,0.0652,0.0616
40800,0.0003,0.0001,0.0001,0.0002,0.031,0.0615,0.0002,0.0656,0.0614
40850,0.0003,0.0001,0.0001,0.0002,0.0311,0.062,0.0002,0.07,0.0618
40900,0.0004,0.0002,0.0002,0.0002,0.0311,0.0649,0.0002,0.0655,0.0618
40950,0.0003,0.0001,0.0001,0.0001,0.031,0.0618,0.0002,0.0656,0.0617
41000,0.0004,0.0001,0.0002,0.0001,0.0312,0.062,0.0001,0.0657,0.0619
41050,0.0003,0.0003,0.0001,0.0002,0.0311,0.0621,0.0002,0.0659,0.062
41100,0.0003,0.0002,0.0001,0.0002,0.0381,0.0621,0.0002,0.0661,0.0619
41150,0.0002,0.0001,0.0001,0.0002,0.0312,0.0621,0.0002,0.066,0.0661
41200,0.0003,0.0009,0.0003,0.0007,0.0553,0.1134,0.0002,0.0986,0.2455
41250,0.0003,0.0005,0.0001,0.0003,0.0324,0.0626,0.0002,0.0658,0.0662
41300,0.0004,0.0001,0.0001,0.0002,0.0319,0.0634,0.0002,0.0675,0.063
41350,0.0003,0.0002,0.0002,0.0002,0.0316,0.0627,0.0002,0.0664,0.0629
41400,0.0005,0.0003,0.0001,0.0003,0.0319,0.0629,0.0002,0.0664,0.0629
41450,0.0005,0.0001,0.0002,0.0002,0.0315,0.0626,0.0001,0.0665,0.0626
41500,0.0003,0.0002,0.0001,0.0002,0.0315,0.0628,0.0001,0.0664,0.0627
41550,0.0003,0.0313,0.0001,0.0002,0.0365,0.0629,0.0002,0.0725,0.0666
41600,0.0003,0.0007,0.0001,0.0002,0.0324,0.0635,0.0003,0.0684,0.066
41650,0.0005,0.0002,0.0002,0.0001,0.0316,0.064,0.0002,0.0668,0.0629
41700,0.0004,0.0002,0.0002,0.0002,0.0318,0.0631,0.0002,0.0668,0.0631
41750,0.0003,0.0002,0.0002,0.0002,0.0317,0.063,0.0002,0.0667,0.0631
41800,0.0002,0.0001,0.0001,0.0001,0.0317,0.0632,0.0001,0.067,0.0631
41850,0.0003,0.0002,0.0002,0.0002,0.0317,0.0631,0.0002,0.0672,0.0631
41900,0.0003,0.0002,0.0001,0.0004,0.0319,0.0634,0.0002,0.0674,0.0634
41950,0.0003,0.0004,0.0001,0.0001,0.033,0.0637,0.0003,0.0674,0.0634
42000,0.0003,0.0003,0.0001,0.0002,0.0318,0.0702,0.0002,0.0673,0.0634
42050,0.0003,0.0001,0.0002,0.0001,0.0321,0.0636,0.0001,0.0675,0.0635
42100,0.0003,0.0002,0.0001,0.0002,0.032,0.0636,0.0002,0.0674,0.0636
42150,0.0003,0.0002,0.0001,0.0001,0.032,0.0636,0.0002,0.0677,0.0635
42200,0.0003,0.0001,0.0001,0.0002,0.0321,0.0638,0.0001,0.0677,0.0638
42250,0.0003,0.0001,0.0002,0.0002,0.0326,0.0637,0.0002,0.0679,0.0639
42300,0.0003,0.0002,0.0002,0.0002,0.0322,0.064,0.0001,0.0677,0.0639
42350,0.0002,0.0002,0.0002,0.0002,0.0732,0.1016,0.0002,0.091,0.0701
42400,0.0005,0.0006,0.0002,0.0003,0.0315,0.0615,0.0002,0.0669,0.0611
42450,0.0003,0.0002,0.0001,0.0002,0.0322,0.0641,0.0001,0.0711,0.0642
42500,0.0002,0.0001,0.0001,0.0001,0.0308,0.0613,0.0001,0.065,0.0613
42550,0.0003,0.0003,0.0001,0.0002,0.031,0.0615,0.0002,0.0654,0.0835
42600,0.0002,0.0002,0.0001,0.0002,0.031,0.0613,0.0001,0.0651,0.0614
42650,0.0003,0.0001,0.0001,0.0001,0.0323,0.0644,0.0002,0.0686,0.0644
42700,0.0002,0.0002,0.0002,0.0002,0.0323,0.0647,0.0001,0.0684,0.0645
42750,0.0003,0.0003,0.0002,0.0001,0.0325,0.0645,0.0001,0.0687,0.0647
42800,0.0003,0.0004,0.0002,0.0001,0.0328,0.0647,0.0002,0.0686,0.0647
42850,0.0003,0.0001,0.0001,0.0002,0.0325,0.0706,0.0002,0.0686,0.0645
42900,0.0003,0.0008,0.0002,0.0004,0.0472,0.0831,0.0005,0.0877,0.0768
42950,0.0004,0.0001,0.0001,0.0001,0.0312,0.0619,0.0001,0.0658,0.0619
43000,0.0003,0.0001,0.0001,0.0002,0.0313,0.0621,0.0002,0.0876,0.0779
43050,0.0003,0.0002,0.0001,0.0002,0.0314,0.0624,0.0002,0.0661,0.0623
43100,0.0004,0.0002,0.0001,0.0001,0.0314,0.0626,0.0001,0.0667,0.0623
43150,0.0003,0.0002,0.0001,0.0002,0.0329,0.0653,0.0002,0.0693,0.0653
43200,0.0003,0.0002,0.0001,0.0002,0.0331,0.0663,0.0002,0.0694,0.0654
43250,0.0003,0.0002,0.0001,0.0002,0.0332,0.0657,0.0002,0.071,0.0656
43300,0.0004,0.0001,0.0001,0.0002,0.033,0.0655,0.0002,0.0696,0.0654
43350,0.0004,0.0001,0.0001,0.0002,0.0329,0.0655,0.0002,0.0694,0.0655
43400,0.0003,0.0002,0.0001,0.0001,0.0333,0.0664,0.0002,0.0701,0.0658
43450,0.0002,0.0002,0.0002,0.0001,0.033,0.0655,0.0002,0.0696,0.0656
43500,0.0002,0.0001,0.0002,0.0001,0.033,0.0657,0.0002,0.0696,0.0658
43550,0.0003,0.0004,0.0002,0.0007,0.0354,0.0687,0.0001,0.0732,0.0672
43600,0.0004,0.0003,0.0002,0.0003,0.0419,0.0787,0.0002,0.087,0.0767
43650,0.0005,0.0003,0.0001,0.0004,0.0329,0.0632,0.0002,0.0672,0.0629
43700,0.0003,0.0001,0.0001,0.0002,0.0332,0.0659,0.0002,0.0698,0.066
43750,0.0003,0.0001,0.0001,0.0001,0.0317,0.063,0.0002,0.0671,0.063
43800,0.0003,0.0003,0.0001,0.0002,0.0318,0.0632,0.0001,0.0669,0.0631
43850,0.0004,0.0002,0.0001,0.0001,0.0317,0.0633,0.0002,0.0671,0.0631
43900,0.0003,0.0001,0.0001,0.0002,0.0319,0.0635,0.0001,0.0672,0.0632
43950,0.0003,0.0004,0.0001,0.0003,0.0338,0.0668,0.0002,0.0869,0.0642
44000,0.0005,0.0002,0.0001,0.0002,0.0334,0.0665,0.0002,0.0741,0.0666
44050,0.0004,0.0004,0.0001,0.0003,0.0321,0.0635,0.0002,0.0989,0.0668
44100,0.0003,0.0002,0.0001,0.0001,0.0334,0.102,0.0002,0.0708,0.0665
44150,0.0003,0.0001,0.0002,0.0002,0.032,0.0842,0.0002,0.084,0.0634
44200,0.0003,0.0003,0.0001,0.0002,0.0321,0.0637,0.0001,0.0898,0.0667
44250,0.0002,0.0002,0.0001,0.0002,0.0322,0.0638,0.0002,0.0678,0.0638
44300,0.0003,0.0005,0.0001,0.0002,0.0418,0.0784,0.0003,0.0867,0.0788
44350,0.0004,0.0003,0.0001,0.0002,0.035,0.0782,0.0002,0.09,0.0801
44400,0.0003,0.0002,0.0001,0.0002,0.0339,0.0672,0.0002,0.0831,0.0672
44450,0.0005,0.0001,0.0001,0.0001,0.0338,0.0671,0.0001,0.0714,0.0671
44500,0.0003,0.0001,0.0001,0.0002,0.0337,0.0839,0.0001,0.0714,0.0673
44550,0.0003,0.0008,0.0002,0.0004,0.0356,0.0696,0.0003,0.0738,0.0748
44600,0.0003,0.0005,0.0001,0.0003,0.035,0.0681,0.0002,0.072,0.0687
44650,0.0003,0.0002,0.0001,0.0002,0.0338,0.0675,0.0002,0.0714,0.0674
44700,0.0004,0.0002,0.0002,0.0002,0.0341,0.0714,0.0002,0.0715,0.0675
44750,0.0003,0.0002,0.0001,0.0002,0.0338,0.0676,0.0001,0.0771,0.0677
44800,0.0003,0.0002,0.0002,0.0001,0.034,0.0675,0.0001,0.0717,0.0736
44850,0.0003,0.0004,0.0001,0.0002,0.0416,0.0803,0.0002,0.0903,0.0784
44900,0.0003,0.0013,0.0001,0.0003,0.0344,0.0685,0.0004,0.074,0.07
44950,0.0003,0.0004,0.0002,0.0001,0.0342,0.0679,0.0001,0.0719,0.0679
45000,0.0003,0.0002,0.0001,0.0001,0.0342,0.1161,0.0002,0.0732,0.068
45050,0.0003,0.0002,0.0002,0.0002,0.0341,0.0681,0.0001,0.0721,0.068
45100,0.0002,0.0001,0.0001,0.0002,0.0343,0.0682,0.0001,0.0726,0.068
45150,0.0003,0.0001,0.0001,0.0002,0.0343,0.0682,0.0001,0.0723,0.0682
45200,0.0003,0.0001,0.0002,0.0001,0.0347,0.0685,0.0002,0.0731,0.0685
45250,0.0003,0.0001,0.0001,0.0002,0.033,0.0653,0.0001,0.0692,0.0651
45300,0.0004,0.0001,0.0002,0.0002,0.0345,0.0687,0.0002,0.0764,0.0687
45350,0.0004,0.0002,0.0002,0.0002,0.0345,0.0685,0.0002,0.0726,0.0684
45400,0.0003,0.0004,0.0001,0.001,0.0361,0.0823,0.0002,0.1655,0.1008
45450,0.0003,0.0004,0.0001,0.0004,0.0436,0.0853,0.0003,0.0937,0.0858
45500,0.0003,0.0003,0.0001,0.0003,0.0353,0.0692,0.0002,0.0742,0.0708
45550,0.0003,0.0002,0.0001,0.0001,0.0331,0.0659,0.0001,0.0698,0.0657
45600,0.0003,0.0002,0.0001,0.0001,0.0331,0.0658,0.0002,0.0698,0.0658
45650,0.0002,0.0002,0.0001,0.0002,0.0332,0.0657,0.0002,0.07,0.0658
45700,0.0002,0.0002,0.0001,0.0001,0.0331,0.0659,0.0001,0.07,0.0659
45750,0.0003,0.0004,0.0002,0.0002,0.035,0.0691,0.0001,0.086,0.066
45800,0.0003,0.0004,0.0001,0.0003,0.0343,0.0666,0.0002,0.0702,0.0662
45850,0.0002,0.0001,0.0001,0.0001,0.0332,0.066,0.0002,0.0703,0.0883
45900,0.0003,0.0001,0.0001,0.0001,0.0333,0.0662,0.0001,0.0701,0.0661
45950,0.0003,0.0003,0.0001,0.0002,0.0332,0.0661,0.0001,0.0701,0.0662
46000,0.0003,0.0002,0.0002,0.0003,0.0334,0.0662,0.0002,0.0703,0.1042
46050,0.0002,0.0001,0.0002,0.0002,0.0332,0.0665,0.0001,0.0705,0.0664
46100,0.0003,0.0004,0.0001,0.0003,0.0506,0.0703,0.0002,0.0739,0.0699
46150,0.0003,0.0002,0.0001,0.0002,0.0353,0.0701,0.0002,0.0743,0.0723
46200,0.0003,0.0001,0.0002,0.0002,0.035,0.0697,0.0002,0.0741,0.0708
46250,0.0003,0.0002,0.0002,0.0003,0.0366,0.0701,0.0003,0.0766,0.0745
46300,0.0003,0.0003,0.0001,0.0003,0.0352,0.0699,0.0003,0.0741,0.0699
46350,0.0003,0.0001,0.0001,0.0001,0.0352,0.0698,0.0002,0.0741,0.0699
46400,0.0003,0.0001,0.0001,0.0002,0.0352,0.0701,0.0001,0.0743,0.0699
46450,0.0003,0.0001,0.0001,0.0002,0.0359,0.071,0.0002,0.0762,0.0715
46500,0.0004,0.0002,0.0002,0.0001,0.0353,0.0703,0.0001,0.0744,0.0702
46550,0.0003,0.0002,0.0001,0.0002,0.0354,0.0703,0.0001,0.0745,0.0702
46600,0.0003,0.0002,0.0001,0.0002,0.0354,0.0703,0.0001,0.0746,0.0701
46650,0.0002,0.0001,0.0001,0.0002,0.0354,0.0705,0.0002,0.0748,0.0704
46700,0.0003,0.0002,0.0002,0.0003,0.0354,0.0704,0.0001,0.075,0.0703
46750,0.0003,0.0003,0.0001,0.0002,0.0373,0.0727,0.0002,0.0765,0.0713
46800,0.0003,0.0002,0.0002,0.0001,0.0355,0.0707,0.0001,0.075,0.0707
46850,0.0003,0.0003,0.0002,0.0002,0.0361,0.071,0.0001,0.075,0.0707
46900,0.0003,0.0003,0.0001,0.0002,0.0356,0.0707,0.0002,0.0752,0.0708
46950,0.0002,0.0002,0.0001,0.0002,0.0359,0.0709,0.0002,0.0756,0.0711
47000,0.0004,0.0001,0.0001,0.0001,0.0356,0.0709,0.0002,0.0753,0.0709
47050,0.0003,0.0003,0.0002,0.0006,0.0365,0.0757,0.0003,0.0764,0.0725
47100,0.0003,0.0001,0.0001,0.0002,0.0358,0.0712,0.0001,0.0755,0.0709
47150,0.0003,0.0001,0.0001,0.0002,0.0358,0.0713,0.0002,0.0757,0.0771
47200,0.0003,0.0002,0.0001,0.0002,0.0358,0.0712,0.0001,0.0758,0.0712
47250,0.0003,0.0004,0.0001,0.0003,0.0375,0.0987,0.0003,0.1117,0.0976
47300,0.0004,0.0001,0.0001,0.0002,0.0357,0.0783,0.0002,0.0756,0.0714
47350,0.0003,0.0015,0.0002,0.0004,0.0372,0.0723,0.0004,0.0766,0.0716
47400,0.0003,0.0002,0.0001,0.0002,0.036,0.0716,0.0002,0.0759,0.0715
47450,0.0003,0.0002,0.0001,0.0001,0.0351,0.07,0.0002,0.074,0.07
47500,0.0002,0.0002,0.0001,0.0002,0.0352,0.07,0.0002,0.0744,0.0699
47550,0.0003,0.0002,0.0001,0.0002,0.0353,0.07,0.0001,0.0746,0.0701
47600,0.0003,0.0006,0.0001,0.0002,0.0442,0.0723,0.0002,0.0767,0.0725
47650,0.0004,0.0002,0.0001,0.0004,0.0371,0.0723,0.0003,0.0765,0.0721
47700,0.0002,0.0001,0.0001,0.0002,0.036,0.072,0.0001,0.0764,0.072
47750,0.0003,0.0002,0.0001,0.0002,0.0361,0.0721,0.0001,0.0765,0.072
47800,0.0003,0.0003,0.0001,0.0001,0.0363,0.0722,0.0001,0.0765,0.0719
47850,0.0002,0.0001,0.0001,0.0001,0.0363,0.0723,0.0001,0.0765,0.0721
47900,0.0003,0.0002,0.0001,0.0002,0.0369,0.0734,0.0002,0.0775,0.0739
47950,0.0003,0.0001,0.0001,0.0002,0.0366,0.0723,0.0002,0.0767,0.0725
48000,0.0004,0.0007,0.0002,0.0003,0.0483,0.0919,0.0003,0.1023,0.0911
48050,0.0003,0.0003,0.0001,0.0002,0.0364,0.0725,0.0002,0.0826,0.0726
48100,0.0003,0.0002,0.0001,0.0003,0.0441,0.0799,0.0002,0.0777,0.0728
48150,0.0002,0.0002,0.0001,0.0002,0.0364,0.0728,0.0001,0.0772,0.0727
48200,0.0003,0.0002,0.0001,0.0002,0.0367,0.0728,0.0001,0.0771,0.0727
48250,0.0002,0.0003,0.0001,0.0002,0.0365,0.0729,0.0002,0.0772,0.0866
48300,0.0003,0.0004,0.0001,0.0002,0.037,0.0734,0.0003,0.0783,0.0746
48350,0.0003,0.0002,0.0001,0.0001,0.0367,0.073,0.0001,0.0774,0.073
48400,0.0003,0.0003,0.0001,0.0002,0.0367,0.0732,0.0002,0.0775,0.073
48450,0.0003,0.0002,0.0002,0.0001,0.0368,0.0731,0.0002,0.0774,0.0732
48500,0.0003,0.0003,0.0001,0.0002,0.0368,0.0731,0.0002,0.0776,0.0731
48550,0.0003,0.0004,0.0002,0.0001,0.0368,0.0733,0.0002,0.0775,0.0732
48600,0.0003,0.0002,0.0002,0.0001,0.037,0.0734,0.0002,0.0777,0.0732
48650,0.0003,0.0004,0.0001,0.0002,0.052,0.1373,0.0003,0.0878,0.074
48700,0.0003,0.0002,0.0001,0.0003,0.037,0.0871,0.0001,0.1132,0.0945
48750,0.0002,0.0002,0.0001,0.0002,0.037,0.0778,0.0001,0.0783,0.0735
48800,0.0003,0.0001,0.0001,0.0002,0.037,0.0737,0.0002,0.0782,0.0737
48850,0.0003,0.0002,0.0002,0.0002,0.0371,0.0736,0.0002,0.0784,0.0735
48900,0.0002,0.0002,0.0001,0.0002,0.0371,0.0739,0.0001,0.0783,0.0738
48950,0.0003,0.0002,0.0001,0.0005,0.0379,0.075,0.0005,0.0789,0.0745
49000,0.0003,0.0002,0.0002,0.0003,0.0372,0.074,0.0001,0.0784,0.077
49050,0.0003,0.001,0.0002,0.0007,0.0657,0.11,0.0004,0.1194,0.0987
49100,0.0003,0.0003,0.0002,0.0002,0.0378,0.0767,0.0002,0.0795,0.0752
49150,0.0003,0.0003,0.0001,0.0002,0.0372,0.0742,0.0001,0.0788,0.0742
49200,0.0003,0.0007,0.0001,0.0002,0.044,0.0762,0.0002,0.0895,0.081
49250,0.0003,0.0003,0.0002,0.0003,0.0379,0.0745,0.0002,0.079,0.0743
49300,0.0003,0.0001,0.0001,0.0003,0.0379,0.0747,0.0001,0.0811,0.0751
49350,0.0003,0.0001,0.0002,0.0001,0.0395,0.0792,0.0002,0.0792,0.0747
49400,0.0003,0.0003,0.0001,0.0002,0.0376,0.0746,0.0002,0.0791,0.0749
49450,0.0003,0.0001,0.0002,0.0002,0.0376,0.0749,0.0002,0.0795,0.0747
49500,0.0003,0.0001,0.0001,0.0001,0.0379,0.0748,0.0001,0.0797,0.075
49550,0.0003,0.0002,0.0001,0.0003,0.038,0.0749,0.0003,0.0798,0.0754
49600,0.0004,0.0007,0.0001,0.0003,0.0394,0.0755,0.0002,0.0805,0.0763
49650,0.0002,0.0002,0.0001,0.0001,0.0376,0.075,0.0002,0.0798,0.075
49700,0.0003,0.0017,0.0001,0.0005,0.0628,0.0891,0.0003,0.0803,0.0776
49750,0.0004,0.0004,0.0001,0.0003,0.0381,0.0751,0.0001,0.0802,0.0754
49800,0.0003,0.0001,0.0001,0.0002,0.0378,0.0752,0.0002,0.0796,0.0752
49850,0.0003,0.0002,0.0001,0.0002,0.0404,0.0779,0.0004,0.0845,0.0786
49900,0.0004,0.0003,0.0002,0.0002,0.038,0.0754,0.0002,0.0836,0.0755
49950,0.0003,0.0005,0.0001,0.0004,0.0759,0.0761,0.0003,0.0933,0.0722
50000,0.0003,0.0003,0.0001,0.0001,0.0362,0.0721,0.0001,0.0763,0.0721
