Muestras,Insertar0,InsertarM,Insertar1,Buscar0,BuscarM,Buscar1,Eliminar0,EliminarM,Eliminar1
50,0.0003,0.0002,0.0244,0.0002,0.0002,0.0002,0.0002,0.0003,0.0003
100,0.0003,0.0001,0.0342,0.0002,0.0002,0.0003,0.0001,0.0004,0.0003
150,0.0003,0.0002,0.0448,0.0001,0.0003,0.0004,0.0001,0.0004,0.0004
200,0.0003,0.0001,0.0528,0.0001,0.0003,0.0005,0.0001,0.0005,0.0005
250,0.0003,0.0001,0.0637,0.0002,0.0003,0.0005,0.0002,0.0006,0.0006
300,0.0003,0.0001,0.0851,0.0002,0.0004,0.0006,0.0002,0.0007,0.0006
350,0.0003,0.0001,0.0834,0.0002,0.0004,0.0007,0.0002,0.0008,0.0007
400,0.0003,0.0001,0.0933,0.0001,0.0005,0.0007,0.0002,0.0008,0.0008
450,0.0004,0.0001,0.1019,0.0001,0.0005,0.0008,0.0002,0.001,0.0009
500,0.0004,0.0001,0.1125,0.0001,0.0005,0.0009,0.0001,0.001,0.0009
550,0.0003,0.0002,0.1775,0.0001,0.0006,0.001,0.0001,0.001,0.001
600,0.0003,0.0002,0.1302,0.0001,0.0006,0.001,0.0001,0.0012,0.0011
650,0.0002,0.0001,0.1808,0.0002,0.0009,0.0014,0.0002,0.0015,0.0014
700,0.0003,0.0002,0.1514,0.0001,0.0007,0.0012,0.0001,0.0014,0.0012
750,0.0003,0.0002,0.163,0.0001,0.0007,0.0013,0.0001,0.0014,0.0013
800,0.0003,0.0002,0.1806,0.0002,0.0008,0.0013,0.0001,0.0015,0.0014
850,0.0003,0.0001,0.1787,0.0001,0.0008,0.0014,0.0001,0.0016,0.0014
900,0.0003,0.0002,0.188,0.0001,0.0009,0.0015,0.0001,0.0016,0.0015
950,0.0003,0.0002,0.1974,0.0002,0.001,0.0016,0.0001,0.0018,0.0016
1000,0.0003,0.0001,0.2069,0.0001,0.0009,0.0016,0.0002,0.0017,0.0017
1050,0.0003,0.0002,0.2164,0.0001,0.001,0.0018,0.0002,0.0019,0.0017
1100,0.0004,0.0002,0.2274,0.0002,0.001,0.0018,0.0002,0.002,0.0019
1150,0.0004,0.0001,0.2415,0.0001,0.0011,0.0018,0.0002,0.002,0.0019
1200,0.0003,0.0002,0.248,0.0002,0.0011,0.0019,0.0002,0.0021,0.002
1250,0.0003,0.0002,0.2554,0.0001,0.0011,0.002,0.0001,0.0022,0.0021
1300,0.0003,0.0002,0.2643,0.0001,0.0012,0.0021,0.0001,0.0023,0.0021
1350,0.0003,0.0001,0.2744,0.0001,0.0012,0.0021,0.0002,0.0024,0.0022
1400,0.0002,0.0001,0.2818,0.0002,0.0013,0.0022,0.0002,0.0024,0.0022
1450,0.0006,0.0003,0.3088,0.0002,0.0014,0.0026,0.0002,0.0031,0.0026
1500,0.0004,0.0001,0.3029,0.0001,0.0013,0.0024,0.0001,0.0025,0.0024
1550,0.0003,0.0001,0.3115,0.0001,0.0013,0.0025,0.0001,0.0027,0.0025
1600,0.0004,0.0001,0.3226,0.0001,0.0014,0.0025,0.0002,0.0027,0.0026
1650,0.0002,0.0001,0.3327,0.0001,0.0018,0.0032,0.0002,0.0034,0.0032
1700,0.0004,0.0001,0.3418,0.0002,0.0015,0.0027,0.0002,0.0029,0.0027
1750,0.0003,0.0001,0.3513,0.0002,0.0014,0.0028,0.0001,0.003,0.0028
1800,0.0003,0.0001,0.3605,0.0001,0.0015,0.0028,0.0002,0.0031,0.0028
1850,0.0003,0.0001,0.3702,0.0002,0.0015,0.003,0.0002,0.0031,0.0029
1900,0.0003,0.0002,0.3779,0.0002,0.0016,0.003,0.0002,0.0032,0.003
1950,0.0004,0.0001,0.3882,0.0002,0.0017,0.003,0.0002,0.0033,0.003
2000,0.0003,0.0002,0.3976,0.0001,0.0017,0.0031,0.0002,0.0033,0.0032
2050,0.0004,0.0001,0.4187,0.0002,0.0018,0.0032,0.0002,0.0035,0.0033
2100,0.0003,0.0001,0.4191,0.0001,0.0018,0.0033,0.0002,0.0035,0.0033
2150,0.0002,0.0002,0.4651,0.0002,0.0018,0.0034,0.0002,0.0036,0.0034
2200,0.0003,0.0001,0.4407,0.0001,0.0018,0.0035,0.0001,0.0037,0.0035
2250,0.0002,0.0002,0.4448,0.0002,0.0019,0.0035,0.0001,0.0038,0.0036
2300,0.0003,0.0001,0.4532,0.0002,0.0019,0.0037,0.0002,0.0038,0.0037
2350,0.0003,0.0002,0.4628,0.0001,0.002,0.0037,0.0001,0.0039,0.0037
2400,0.0003,0.0002,0.4843,0.0001,0.0021,0.0038,0.0001,0.0042,0.0037
2450,0.0003,0.0002,0.4905,0.0002,0.002,0.0038,0.0002,0.0041,0.0038
2500,0.0003,0.0002,0.4911,0.0001,0.0021,0.004,0.0002,0.0042,0.0039
2550,0.0003,0.0002,0.5012,0.0001,0.0021,0.004,0.0001,0.0043,0.004
2600,0.0003,0.0002,0.5108,0.0001,0.0021,0.004,0.0002,0.0043,0.0041
2650,0.0003,0.0002,0.5289,0.0002,0.0022,0.0041,0.0002,0.0045,0.0041
2700,0.0002,0.0002,0.7361,0.0002,0.0025,0.0052,0.0009,0.006,0.0062
2750,0.0004,0.0001,0.6962,0.0002,0.0036,0.0058,0.0003,0.0064,0.0057
2800,0.0006,0.0002,0.6747,0.0003,0.0023,0.0044,0.0002,0.0047,0.0044
2850,0.0003,0.0001,0.5613,0.0001,0.0023,0.0044,0.0002,0.0046,0.0044
2900,0.0003,0.0002,0.5829,0.0002,0.0023,0.0045,0.0002,0.0048,0.0045
2950,0.0003,0.0002,0.5848,0.0001,0.0025,0.0046,0.0002,0.0049,0.0046
3000,0.0003,0.0001,0.5904,0.0001,0.0025,0.0047,0.0001,0.005,0.0047
3050,0.0003,0.0001,0.6038,0.0001,0.0026,0.0048,0.0001,0.005,0.0047
3100,0.0003,0.0001,0.6095,0.0001,0.0026,0.0048,0.0002,0.005,0.0048
3150,0.0003,0.0001,0.6112,0.0001,0.0026,0.0048,0.0002,0.0053,0.0049
3200,0.0003,0.0002,0.6215,0.0002,0.0026,0.005,0.0001,0.0054,0.005
3250,0.0003,0.0001,0.6311,0.0001,0.0026,0.005,0.0001,0.0054,0.005
3300,0.0003,0.0002,0.6396,0.0001,0.0027,0.005,0.0002,0.0055,0.0052
3350,0.0003,0.0001,0.6497,0.0001,0.0027,0.0052,0.0002,0.0055,0.0052
3400,0.0003,0.0002,0.6582,0.0001,0.0028,0.0053,0.0001,0.0056,0.0053
3450,0.0003,0.0002,0.6699,0.0002,0.0028,0.0053,0.0002,0.0057,0.0054
3500,0.0003,0.0003,0.6877,0.0002,0.0028,0.0054,0.0001,0.0057,0.0054
3550,0.0002,0.0001,0.6871,0.0002,0.0028,0.0055,0.0001,0.006,0.0055
3600,0.0003,0.0002,0.7077,0.0002,0.0031,0.0055,0.0002,0.006,0.0056
3650,0.0003,0.0001,0.7223,0.0001,0.0029,0.0056,0.0002,0.0061,0.0056
3700,0.0003,0.0001,0.727,0.0001,0.0031,0.0057,0.0002,0.0061,0.0058
3750,0.0003,0.0001,0.7333,0.0001,0.003,0.0058,0.0001,0.0061,0.0058
3800,0.0003,0.0001,0.7452,0.0001,0.0031,0.0058,0.0002,0.0063,0.0059
3850,0.0003,0.0001,0.753,0.0002,0.0031,0.006,0.0002,0.0063,0.0059
3900,0.0003,0.0002,0.7628,0.0002,0.0031,0.006,0.0001,0.0064,0.0061
3950,0.0003,0.0002,0.7699,0.0002,0.0032,0.0061,0.0001,0.0065,0.006
4000,0.0003,0.0002,0.7735,0.0001,0.0032,0.0062,0.0002,0.0065,0.0062
4050,0.0003,0.0002,0.7827,0.0049,0.0032,0.0063,0.0001,0.0066,0.0063
4100,0.0003,0.0001,0.8037,0.0001,0.0033,0.0063,0.0001,0.0067,0.0063
4150,0.0003,0.0001,0.8131,0.0001,0.0033,0.0064,0.0003,0.0069,0.0064
4200,0.0004,0.0002,0.8644,0.0003,0.0034,0.0065,0.0002,0.0069,0.0064
4250,0.0003,0.0002,0.8322,0.0002,0.0034,0.0065,0.0002,0.007,0.0066
4300,0.0003,0.0002,0.8376,0.0002,0.0034,0.0066,0.0001,0.007,0.0066
4350,0.0003,0.0001,0.8448,0.0001,0.0035,0.0066,0.0002,0.0071,0.0067
4400,0.0003,0.0001,0.8507,0.0001,0.0035,0.0068,0.0002,0.0072,0.0067
4450,0.0003,0.0002,0.9412,0.0001,0.0036,0.0069,0.0001,0.0074,0.0068
4500,0.0003,0.0002,1.2362,0.0002,0.0036,0.0069,0.0002,0.0073,0.0069
4550,0.0003,0.0002,0.9038,0.0001,0.0037,0.007,0.0002,0.0074,0.0071
4600,0.0003,0.0002,0.9025,0.0001,0.0036,0.0071,0.0001,0.0075,0.0071
4650,0.0004,0.0002,0.9129,0.0002,0.0037,0.0072,0.0002,0.0078,0.0072
4700,0.0003,0.0002,0.9187,0.0001,0.0038,0.0071,0.0002,0.0076,0.0073
4750,0.0003,0.0001,0.9175,0.0001,0.0038,0.0073,0.0001,0.0078,0.0074
4800,0.0003,0.0002,1.0576,0.0001,0.0047,0.0099,0.0003,0.0079,0.0074
4850,0.0003,0.0002,0.9431,0.0002,0.0038,0.0074,0.0001,0.0079,0.0074
4900,0.0003,0.0001,0.9509,0.0002,0.0039,0.0076,0.0001,0.008,0.0075
4950,0.0003,0.0001,0.9533,0.0001,0.0039,0.0076,0.0001,0.0081,0.0076
5000,0.0003,0.0002,0.9609,0.0001,0.004,0.0076,0.0001,0.0083,0.0077
5050,0.0003,0.0002,0.9733,0.0001,0.004,0.0077,0.0002,0.0081,0.0078
5100,0.0004,0.0002,0.9986,0.0002,0.0041,0.0078,0.0001,0.0083,0.0078
5150,0.0003,0.0002,0.9953,0.0002,0.004,0.0079,0.0001,0.0085,0.0079
5200,0.0003,0.0001,1.007,0.0001,0.0042,0.0079,0.0001,0.0086,0.008
5250,0.0006,0.0003,1.0198,0.0001,0.0042,0.008,0.0002,0.0085,0.0081
5300,0.0003,0.0001,1.0248,0.0001,0.0042,0.0081,0.0002,0.0086,0.0082
5350,0.0004,0.0001,1.0766,0.0002,0.0043,0.0082,0.0002,0.0087,0.0082
5400,0.0003,0.0001,1.0422,0.0001,0.0042,0.0083,0.0002,0.0088,0.0083
5450,0.0004,0.0001,1.0561,0.0002,0.0042,0.0084,0.0001,0.0087,0.0083
5500,0.0003,0.0002,1.0579,0.0001,0.0044,0.0085,0.0001,0.0089,0.0085
5550,0.0003,0.0002,1.0762,0.0001,0.0044,0.0084,0.0002,0.0091,0.0085
5600,0.0003,0.0002,1.0761,0.0001,0.0044,0.0086,0.0001,0.0092,0.0086
5650,0.0003,0.0002,1.0932,0.0002,0.0048,0.0087,0.0002,0.0093,0.0087
5700,0.0005,0.0002,1.1117,0.0002,0.0045,0.0088,0.0001,0.0092,0.0087
5750,0.0003,0.0001,1.1442,0.0002,0.0043,0.0084,0.0002,0.0089,0.0084
5800,0.0003,0.0001,1.1697,0.0001,0.0046,0.0088,0.0002,0.0095,0.0089
5850,0.0003,0.0001,1.8242,0.0002,0.0066,0.0129,0.0003,0.0144,0.0129
5900,0.0005,0.0004,1.1774,0.0002,0.0046,0.0086,0.0003,0.0092,0.0086
5950,0.0003,0.0002,1.5599,0.0001,0.0047,0.0091,0.0002,0.0097,0.0091
6000,0.0003,0.0002,1.1547,0.0002,0.0047,0.0091,0.0002,0.0098,0.0091
6050,0.0003,0.0002,1.1868,0.0001,0.0048,0.0092,0.0002,0.0101,0.0093
6100,0.0003,0.0002,1.1786,0.0001,0.0048,0.0093,0.0001,0.0099,0.0093
6150,0.0003,0.0002,1.1827,0.0001,0.0048,0.0095,0.0002,0.0099,0.0094
6200,0.0003,0.0001,1.1855,0.0002,0.0048,0.0095,0.0001,0.0101,0.0094
6250,0.0003,0.0001,1.2209,0.0001,0.0049,0.0095,0.0002,0.0101,0.0095
6300,0.0003,0.0001,1.2181,0.0002,0.005,0.0096,0.0001,0.0103,0.0096
6350,0.0003,0.0001,1.227,0.0001,0.005,0.0097,0.0001,0.0103,0.0097
6400,0.0003,0.0002,1.2356,0.0003,0.005,0.0098,0.0002,0.0104,0.0097
6450,0.0003,0.0002,1.2455,0.0002,0.0051,0.0099,0.0001,0.0104,0.0099
6500,0.0003,0.0005,1.2678,0.0002,0.0051,0.01,0.0002,0.0107,0.0099
6550,0.0003,0.0002,1.2665,0.0001,0.0052,0.01,0.0002,0.0105,0.01
6600,0.0003,0.0002,1.2653,0.0002,0.0052,0.0101,0.0002,0.0107,0.0101
6650,0.0004,0.0002,1.2781,0.0001,0.0052,0.0102,0.0001,0.0107,0.0101
6700,0.0002,0.0002,1.2924,0.0002,0.0052,0.0102,0.0002,0.0109,0.0102
6750,0.0003,0.0001,1.3406,0.0001,0.0051,0.0098,0.0002,0.0105,0.0098
6800,0.0004,0.0002,1.6361,0.0007,0.0054,0.0104,0.0003,0.0113,0.0104
6850,0.0005,0.0001,1.3243,0.0001,0.0054,0.0104,0.0002,0.0111,0.0104
6900,0.0003,0.0002,1.3409,0.0001,0.0054,0.0105,0.0002,0.0113,0.0105
6950,0.0004,0.0002,1.3439,0.0001,0.0054,0.0106,0.0001,0.0114,0.0106
7000,0.0003,0.0001,1.3516,0.0001,0.0055,0.0106,0.0002,0.0113,0.0146
7050,0.0003,0.0002,1.381,0.0001,0.0053,0.0102,0.0002,0.0109,0.0102
7100,0.0003,0.0001,1.3689,0.0002,0.0055,0.0108,0.0001,0.0116,0.0109
7150,0.0003,0.0004,1.8852,0.0006,0.0113,0.02,0.0005,0.0218,0.0214
7200,0.0005,0.0002,1.4264,0.0002,0.0058,0.011,0.0002,0.0118,0.011
7250,0.0003,0.0002,1.6982,0.0002,0.0062,0.011,0.0002,0.0118,0.0111
7300,0.0004,0.0002,1.4061,0.0002,0.0057,0.0112,0.0001,0.0119,0.0111
7350,0.0003,0.0002,1.4178,0.0002,0.0057,0.0112,0.0003,0.0119,0.0112
7400,0.0004,0.0002,1.4172,0.0001,0.0057,0.0113,0.0001,0.012,0.0113
7450,0.0003,0.0002,1.441,0.0001,0.0059,0.0114,0.0002,0.012,0.0114
7500,0.0003,0.0002,1.475,0.0002,0.0058,0.0114,0.0002,0.0122,0.0114
7550,0.0003,0.0001,1.4588,0.0003,0.0064,0.0116,0.0003,0.0125,0.0116
7600,0.0003,0.0001,1.4682,0.0001,0.0059,0.0115,0.0002,0.0123,0.0116
7650,0.0003,0.0001,1.4735,0.0002,0.0063,0.0117,0.0001,0.0125,0.0117
7700,0.0003,0.0001,1.4756,0.0001,0.006,0.0118,0.0002,0.0125,0.0118
7750,0.0003,0.0001,1.483,0.0001,0.006,0.0118,0.0001,0.0126,0.0118
7800,0.0004,0.0001,1.4944,0.0001,0.006,0.0119,0.0001,0.0127,0.0119
7850,0.0003,0.0001,1.4974,0.0002,0.006,0.012,0.0001,0.0127,0.012
7900,0.0003,0.0001,1.8529,0.0004,0.0062,0.012,0.0002,0.0129,0.012
7950,0.0004,0.0001,2.0029,0.0004,0.0063,0.0122,0.0003,0.013,0.0123
8000,0.0004,0.0002,1.5611,0.0001,0.0063,0.0129,0.0002,0.0131,0.0123
8050,0.0003,0.0001,1.5393,0.0002,0.0063,0.0123,0.0002,0.0134,0.0123
8100,0.0005,0.0001,1.5563,0.0002,0.0063,0.0123,0.0002,0.0133,0.0123
8150,0.0003,0.0001,1.5605,0.0002,0.0063,0.0124,0.0002,0.0133,0.0124
8200,0.0003,0.0001,1.5782,0.0002,0.0064,0.0125,0.0002,0.0133,0.0125
8250,0.0003,0.0002,1.6206,0.0001,0.0064,0.0125,0.0002,0.0134,0.0126
8300,0.0004,0.0001,1.5923,0.0002,0.0066,0.0132,0.0002,0.0136,0.0127
8350,0.0004,0.0002,1.6212,0.0003,0.0067,0.0126,0.0002,0.0136,0.0127
8400,0.0004,0.0001,1.6165,0.0001,0.0065,0.0128,0.0001,0.0137,0.0128
8450,0.0004,0.0002,1.6177,0.0001,0.0066,0.0129,0.0001,0.0138,0.0129
8500,0.0004,0.0002,1.6288,0.0001,0.0066,0.0129,0.0001,0.0138,0.013
8550,0.0003,0.0001,1.6373,0.0001,0.0067,0.013,0.0002,0.0139,0.0131
8600,0.0003,0.0001,1.868,0.0002,0.0068,0.0132,0.0001,0.014,0.0132
8650,0.0004,0.0001,1.6686,0.0003,0.0071,0.0131,0.0003,0.0144,0.0132
8700,0.0003,0.0001,1.6876,0.0003,0.0067,0.0132,0.0002,0.0143,0.0132
8750,0.0003,0.0001,1.9099,0.0002,0.0068,0.0134,0.0001,0.0144,0.0133
8800,0.0004,0.0002,1.6896,0.0002,0.0068,0.0134,0.0002,0.0144,0.0134
8850,0.0004,0.0002,1.7146,0.0002,0.0069,0.0135,0.0002,0.0143,0.0135
8900,0.0003,0.0002,1.9741,0.0003,0.0098,0.0183,0.0004,0.0203,0.019
8950,0.0218,0.0002,2.5567,0.0001,0.0069,0.013,0.0003,0.0141,0.0132
9000,0.0004,0.0001,1.9134,0.0002,0.0069,0.0137,0.0002,0.0148,0.0137
9050,0.0003,0.0001,1.7341,0.0001,0.007,0.0138,0.0001,0.0147,0.0139
9100,0.0003,0.0002,1.7467,0.0002,0.0071,0.0139,0.0002,0.0147,0.0139
9150,0.0003,0.0001,1.7505,0.0002,0.0071,0.0139,0.0002,0.0149,0.014
9200,0.0003,0.0002,1.8586,0.0002,0.0073,0.014,0.0003,0.0151,0.0141
9250,0.0004,0.0003,2.0535,0.0003,0.0074,0.0676,0.0004,0.0152,0.014
9300,0.0007,0.0001,1.7713,0.0001,0.0072,0.0141,0.0001,0.0151,0.0142
9350,0.0003,0.0002,1.7886,0.0001,0.0072,0.0142,0.0001,0.0152,0.0142
9400,0.0004,0.0002,1.8241,0.0002,0.0072,0.0143,0.0002,0.0153,0.0484
9450,0.0003,0.0002,2.0565,0.0002,0.0073,0.0144,0.0002,0.0152,0.0145
9500,0.0003,0.0001,1.8912,0.0002,0.0077,0.015,0.0002,0.0156,0.0145
9550,0.0005,0.0001,1.8402,0.0002,0.0074,0.0145,0.0003,0.0156,0.0146
9600,0.0003,0.0001,1.8717,0.0001,0.0075,0.0145,0.0001,0.0157,0.0146
9650,0.0003,0.0001,1.9732,0.0002,0.0091,0.0174,0.0002,0.0195,0.0177
9700,0.0004,0.0001,1.8513,0.0002,0.0075,0.0147,0.0002,0.0157,0.0148
9750,0.0004,0.0002,1.8826,0.0002,0.0078,0.0151,0.0002,0.0161,0.0148
9800,0.0004,0.0001,1.8831,0.0002,0.0076,0.0149,0.0002,0.0159,0.0149
9850,0.0003,0.0004,1.8657,0.0002,0.0073,0.0143,0.0002,0.0154,0.0143
9900,0.0003,0.0001,1.8392,0.0001,0.0076,0.016,0.0002,0.016,0.0151
9950,0.0003,0.0002,2.2105,0.0002,0.0076,0.0151,0.0002,0.0161,0.0151
10000,0.0003,0.0002,1.9247,0.0003,0.0078,0.0152,0.0002,0.0162,0.0152
10050,0.0004,0.0001,1.9333,0.0001,0.0078,0.0153,0.0002,0.0166,0.0152
10100,0.0003,0.0002,1.939,0.0002,0.0078,0.0153,0.0002,0.0162,0.0153
10150,0.0003,0.0004,1.937,0.0002,0.0078,0.026,0.0002,0.0165,0.0155
10200,0.0003,0.0001,1.956,0.0002,0.0079,0.0155,0.0001,0.0166,0.0154
10250,0.0004,0.0003,1.9538,0.0002,0.008,0.0155,0.0002,0.0166,0.0156
10300,0.0003,0.0002,2.1036,0.0002,0.0075,0.015,0.0002,0.0162,0.015
10350,0.0003,0.0002,1.9401,0.0001,0.0077,0.015,0.0002,0.016,0.015
10400,0.0003,0.0001,2.2938,0.0002,0.008,0.0158,0.0002,0.0168,0.0159
10450,0.0004,0.0002,2.1432,0.0003,0.0084,0.0159,0.0002,0.017,0.0159
10500,0.0004,0.0002,2.0218,0.0002,0.0082,0.016,0.0002,0.0171,0.016
10550,0.0003,0.0002,2.0186,0.0002,0.0082,0.016,0.0002,0.0171,0.016
10600,0.0003,0.0002,2.0235,0.0001,0.0082,0.0161,0.0002,0.0172,0.0161
10650,0.0003,0.0001,2.077,0.0002,0.0082,0.0162,0.0002,0.0173,0.0162
10700,0.0003,0.0002,2.1964,0.0002,0.0084,0.0162,0.0003,0.0174,0.0167
10750,0.0004,0.0002,2.0648,0.0002,0.0087,0.0163,0.0002,0.0175,0.0164
10800,0.0004,0.0002,2.062,0.0002,0.0084,0.0164,0.0002,0.0175,0.0165
10850,0.0003,0.0002,2.0663,0.0001,0.0084,0.0164,0.0002,0.0176,0.0165
10900,0.0003,0.0002,2.0841,0.0002,0.0084,0.0166,0.0001,0.0177,0.0166
10950,0.0003,0.0002,2.0909,0.0002,0.0085,0.0167,0.0003,0.018,0.0169
11000,0.0004,0.0001,3.133,0.0003,0.0087,0.0237,0.0002,0.0179,0.0168
11050,0.0004,0.0002,2.1365,0.0002,0.0086,0.0168,0.0002,0.018,0.0167
11100,0.0003,0.0002,2.1398,0.0002,0.0086,0.0168,0.0002,0.018,0.0169
11150,0.0003,0.0002,2.1483,0.0003,0.0094,0.0171,0.0002,0.0184,0.017
11200,0.0004,0.0002,2.1405,0.0002,0.0086,0.017,0.0003,0.0181,0.0171
11250,0.0004,0.0003,2.4222,0.0002,0.0088,0.0171,0.0003,0.0182,0.0171
11300,0.0003,0.0002,2.2841,0.0003,0.0112,0.0222,0.0003,0.0241,0.0214
11350,0.0004,0.0001,2.5664,0.0003,0.011,0.0209,0.0006,0.0234,0.0219
11400,0.0004,0.0001,2.2075,0.0002,0.0089,0.0173,0.0002,0.0184,0.0173
11450,0.0004,0.0002,2.1941,0.0001,0.0091,0.0194,0.0002,0.0186,0.0174
11500,0.0003,0.0001,2.2532,0.0002,0.009,0.0175,0.0002,0.0188,0.0175
11550,0.0003,0.0002,2.2013,0.0003,0.0092,0.0176,0.0003,0.0187,0.0177
11600,0.0005,0.0003,2.3899,0.0002,0.0092,0.0175,0.0003,0.0188,0.0176
11650,0.0004,0.0001,2.2269,0.0002,0.009,0.0176,0.0002,0.0187,0.0177
11700,0.0004,0.0002,2.2543,0.0002,0.0091,0.0177,0.0003,0.0191,0.0178
11750,0.0003,0.0001,2.6521,0.0003,0.0122,0.0237,0.0003,0.0266,0.0232
11800,0.0004,0.0001,2.2501,0.0002,0.0093,0.018,0.0002,0.019,0.0181
11850,0.0003,0.0001,2.2636,0.0002,0.0091,0.018,0.0002,0.0192,0.0181
11900,0.0003,0.0002,2.266,0.0005,0.0091,0.018,0.0002,0.0195,0.0181
11950,0.0004,0.0002,2.2673,0.0001,0.0092,0.0181,0.0002,0.0193,0.0181
12000,0.0003,0.0003,2.284,0.0002,0.0092,0.0182,0.0002,0.0194,0.0182
12050,0.0003,0.0001,2.3646,0.0001,0.0093,0.0183,0.0003,0.0196,0.0184
12100,0.0002,0.0002,2.3218,0.0002,0.0096,0.0187,0.0001,0.0198,0.0185
12150,0.0003,0.0002,2.3379,0.0001,0.0093,0.0184,0.0002,0.0198,0.0184
12200,0.0003,0.0001,2.3347,0.0002,0.0094,0.0185,0.0002,0.0198,0.0185
12250,0.0003,0.0003,2.8253,0.0003,0.0119,0.019,0.0005,0.0201,0.0186
12300,0.0004,0.0001,2.3769,0.0002,0.0098,0.0191,0.0002,0.02,0.0188
12350,0.0003,0.0001,2.3934,0.0002,0.01,0.0188,0.0002,0.0201,0.0188
12400,0.0002,0.0002,2.3772,0.0002,0.0095,0.0188,0.0002,0.0201,0.0188
12450,0.0004,0.0002,2.3619,0.0002,0.0095,0.0189,0.0002,0.0201,0.0189
12500,0.0003,0.0001,2.396,0.0002,0.0098,0.0197,0.0003,0.0212,0.0192
12550,0.0004,0.0001,2.387,0.0001,0.0097,0.019,0.0001,0.0203,0.0191
12600,0.0004,0.0001,2.4261,0.0002,0.0097,0.0192,0.0002,0.0202,0.0192
12650,0.0004,0.0001,2.4258,0.0002,0.0097,0.0192,0.0002,0.0204,0.0192
12700,0.0003,0.0001,2.4354,0.0002,0.0101,0.0638,0.0004,0.0281,0.0194
12750,0.0004,0.0001,2.4317,0.0001,0.01,0.0205,0.0003,0.0215,0.0195
12800,0.0004,0.0002,2.4383,0.0002,0.0098,0.0194,0.0001,0.0208,0.0195
12850,0.0009,0.0001,2.4519,0.0002,0.0098,0.0195,0.0002,0.0286,0.0195
12900,0.0003,0.0001,2.4758,0.0002,0.0103,0.0195,0.0002,0.0211,0.0196
12950,0.0004,0.0003,2.9073,0.0004,0.0138,0.0254,0.0005,0.0289,0.0267
13000,0.0004,0.0002,3.2015,0.0002,0.0303,0.0591,0.0003,0.0659,0.038
13050,0.0004,0.0004,2.7734,0.0006,0.0102,0.0198,0.0002,0.0213,0.0198
13100,0.0004,0.0001,2.559,0.0002,0.0096,0.019,0.0002,0.0204,0.019
13150,0.0003,0.0001,2.6593,0.0002,0.0101,0.0199,0.0002,0.0212,0.02
13200,0.0004,0.0002,2.5149,0.0002,0.0102,0.02,0.0002,0.0211,0.02
13250,0.0003,0.0002,2.5342,0.0002,0.0104,0.0201,0.0006,0.0217,0.0202
13300,0.0004,0.0001,2.5467,0.0001,0.0102,0.0201,0.0002,0.0214,0.0202
13350,0.0003,0.0002,2.5669,0.0001,0.0097,0.0193,0.0001,0.0206,0.0194
13400,0.0003,0.0002,2.7626,0.0002,0.0103,0.0195,0.0002,0.0206,0.0195
13450,0.0003,0.0001,2.4953,0.0002,0.0108,0.0205,0.0001,0.022,0.0205
13500,0.0004,0.0001,2.5327,0.0002,0.0099,0.0195,0.0002,0.0209,0.0196
13550,0.0002,0.0001,2.7024,0.0002,0.0099,0.0196,0.0001,0.0209,0.0399
13600,0.0003,0.0001,3.1292,0.0006,0.0111,0.0207,0.0003,0.0223,0.0206
13650,0.0004,0.0002,3.1357,0.0002,0.0102,0.0199,0.0003,0.0211,0.0416
13700,0.0005,0.0001,2.6107,0.0002,0.0105,0.0207,0.0002,0.0221,0.0208
13750,0.0003,0.0001,2.6928,0.0001,0.0101,0.0198,0.0002,0.0213,0.0199
13800,0.0003,0.0001,2.8338,0.0003,0.0248,0.0421,0.0002,0.0224,0.021
13850,0.0003,0.0001,2.6638,0.0003,0.0108,0.021,0.0003,0.0224,0.0211
13900,0.0004,0.0002,2.6501,0.0002,0.0106,0.0211,0.0002,0.0226,0.021
13950,0.0004,0.0001,2.6609,0.0002,0.0107,0.0212,0.0001,0.0226,0.0212
14000,0.0003,0.0001,2.6697,0.0001,0.0107,0.0212,0.0002,0.0226,0.0212
14050,0.0005,0.0001,3.1459,0.0003,0.0112,0.0213,0.0002,0.0228,0.0213
14100,0.0004,0.0003,2.7172,0.0002,0.0113,0.0215,0.0002,0.0231,0.0215
14150,0.0004,0.0002,2.7051,0.0002,0.0109,0.0214,0.0003,0.0228,0.0215
14200,0.0004,0.0001,2.998,0.0002,0.0112,0.0215,0.0004,0.0228,0.0216
14250,0.0004,0.0001,2.7352,0.0002,0.011,0.0216,0.0003,0.0231,0.0217
14300,0.0004,0.0002,2.742,0.0006,0.011,0.0217,0.0002,0.0232,0.0217
14350,0.0003,0.0003,2.7308,0.0003,0.0113,0.0219,0.0002,0.0238,0.022
14400,0.0003,0.0001,2.7386,0.0002,0.0111,0.0218,0.0002,0.0233,0.0219
14450,0.0004,0.0003,2.8084,0.0002,0.0112,0.0219,0.0002,0.0235,0.0219
14500,0.0004,0.0003,2.8404,0.0002,0.0111,0.0219,0.0001,0.0234,0.022
14550,0.0004,0.0002,3.1024,0.0002,0.0138,0.0248,0.0003,0.0295,0.0263
14600,0.0005,0.0002,2.9875,0.0002,0.0115,0.0221,0.0007,0.0237,0.0221
14650,0.0004,0.0002,2.8148,0.0002,0.0112,0.0222,0.0002,0.0238,0.0222
14700,0.0005,0.0002,3.4694,0.0002,0.0109,0.0212,0.0003,0.0229,0.0213
14750,0.0004,0.0001,3.082,0.0002,0.0114,0.0224,0.0002,0.0241,0.0224
14800,0.0003,0.0002,2.8221,0.0002,0.0113,0.0224,0.0002,0.0238,0.0225
14850,0.0007,0.0001,3.1879,0.0002,0.0115,0.0225,0.0001,0.0239,0.0226
14900,0.0002,0.0001,2.8288,0.0002,0.0114,0.0226,0.0002,0.0241,0.0226
14950,0.0003,0.0001,2.8577,0.0002,0.0119,0.0228,0.0001,0.0242,0.0227
15000,0.0004,0.0002,2.8503,0.0002,0.0115,0.0227,0.0002,0.0242,0.0228
15050,0.0004,0.0002,2.8838,0.0003,0.0135,0.0263,0.0002,0.0306,0.0269
15100,0.0006,0.0005,4.1425,0.0002,0.0113,0.0219,0.0003,0.0235,0.022
15150,0.0003,0.0001,2.9623,0.0003,0.0116,0.023,0.0001,0.0246,0.023
15200,0.0006,0.0002,2.9909,0.0002,0.0111,0.0244,0.0002,0.0235,0.0221
15250,0.0004,0.0002,3.1622,0.0002,0.0119,0.0231,0.0003,0.0248,0.0231
15300,0.0004,0.0002,2.9123,0.0005,0.0113,0.0221,0.0002,0.0237,0.0223
15350,0.0003,0.0002,2.9087,0.0002,0.012,0.0232,0.0002,0.0248,0.0233
15400,0.0003,0.0002,2.886,0.0001,0.0118,0.0234,0.0001,0.0247,0.0234
15450,0.0002,0.0003,2.9458,0.0001,0.0113,0.0223,0.0002,0.0238,0.0442
15500,0.0004,0.0001,3.2545,0.0001,0.0119,0.0235,0.0002,0.025,0.0237
15550,0.0004,0.0002,2.9825,0.0002,0.012,0.0235,0.0002,0.0251,0.0236
15600,0.0003,0.0002,2.9917,0.0001,0.0114,0.0226,0.0001,0.0239,0.0226
15650,0.0003,0.001,3.6189,0.0003,0.0119,0.0227,0.0003,0.0243,0.0442
15700,0.0004,0.0001,3.0903,0.0003,0.0121,0.0239,0.0002,0.0253,0.024
15750,0.0003,0.0002,3.0093,0.0002,0.012,0.024,0.0001,0.0255,0.0239
15800,0.0004,0.0003,3.1276,0.0003,0.0122,0.024,0.0003,0.0254,0.024
15850,0.0003,0.0002,3.039,0.0003,0.0126,0.0241,0.0003,0.0258,0.0245
15900,0.0004,0.0002,3.1394,0.0002,0.0124,0.0242,0.0002,0.0388,0.0232
15950,0.0004,0.0002,3.1157,0.0001,0.0118,0.0231,0.0002,0.0247,0.0233
16000,0.0003,0.0001,3.5463,0.0002,0.0126,0.0263,0.0004,0.0317,0.0317
16050,0.0007,0.0002,3.3649,0.0003,0.0124,0.0243,0.0003,0.0259,0.0243
16100,0.0004,0.0001,3.0958,0.0001,0.0117,0.0233,0.0002,0.0246,0.0233
16150,0.0003,0.0002,3.0754,0.0003,0.0118,0.0234,0.0002,0.0249,0.045
16200,0.0003,0.0001,3.1923,0.0002,0.0127,0.0246,0.0002,0.0262,0.026
16250,0.0003,0.0001,3.1086,0.0002,0.0129,0.0246,0.0004,0.0263,0.0249
16300,0.0004,0.0001,3.1114,0.0002,0.0125,0.0247,0.0002,0.0264,0.0247
16350,0.0003,0.0001,3.1184,0.0001,0.0125,0.0248,0.0002,0.0264,0.0248
16400,0.0003,0.0002,3.2058,0.0005,0.0129,0.0249,0.0005,0.0267,0.025
16450,0.0005,0.0003,3.1552,0.0002,0.013,0.025,0.0003,0.0266,0.0251
16500,0.0004,0.0001,3.1428,0.0001,0.0126,0.0251,0.0002,0.0268,0.0251
16550,0.0007,0.0002,3.1608,0.0002,0.0127,0.0252,0.0002,0.0267,0.0251
16600,0.0003,0.0003,3.7556,0.0002,0.0129,0.0254,0.0003,0.0307,0.0253
16650,0.0004,0.0002,3.7857,0.0003,0.0168,0.0337,0.0004,0.0317,0.0247
16700,0.0005,0.0003,3.7349,0.0001,0.013,0.0253,0.0003,0.0271,0.0253
16750,0.0003,0.0004,3.3826,0.0002,0.0131,0.0254,0.0002,0.0271,0.0254
16800,0.0003,0.0002,3.2043,0.0002,0.0131,0.0255,0.0003,0.0271,0.0255
16850,0.0004,0.0001,3.1951,0.0002,0.0131,0.0256,0.0003,0.0274,0.0255
16900,0.0005,0.0001,3.2216,0.0001,0.013,0.0256,0.0002,0.0273,0.0256
16950,0.0003,0.0004,3.4985,0.0002,0.0134,0.0258,0.0004,0.0276,0.0257
17000,0.0003,0.0002,3.2661,0.0002,0.0131,0.0257,0.0002,0.0274,0.0258
17050,0.0003,0.0002,3.23,0.0003,0.013,0.0258,0.0002,0.0277,0.0258
17100,0.0003,0.0002,3.3171,0.0003,0.0133,0.0259,0.0004,0.0277,0.0259
17150,0.0003,0.0002,3.3271,0.0002,0.0133,0.0552,0.0006,0.0276,0.0259
17200,0.0004,0.0002,3.265,0.0002,0.0133,0.0261,0.0003,0.0277,0.0261
17250,0.0003,0.0002,3.2814,0.0004,0.0136,0.0265,0.0003,0.0279,0.0265
17300,0.0004,0.0003,3.3983,0.0003,0.0134,0.0422,0.0002,0.0477,0.0427
17350,0.0003,0.0002,3.2977,0.0002,0.0134,0.0264,0.0002,0.0283,0.0263
17400,0.0004,0.0001,3.3086,0.0002,0.0142,0.0265,0.0003,0.0282,0.0264
17450,0.0004,0.0003,3.6536,0.0002,0.0138,0.0264,0.0003,0.0281,0.0266
17500,0.0004,0.0002,3.3443,0.0002,0.0135,0.0266,0.0003,0.0284,0.0265
17550,0.0004,0.0002,3.3427,0.0002,0.0136,0.0266,0.0002,0.0284,0.0266
17600,0.0004,0.0002,3.3605,0.0002,0.0135,0.0266,0.0002,0.0282,0.0267
17650,0.0002,0.0002,3.3953,0.0002,0.0136,0.0268,0.0002,0.0283,0.0267
17700,0.0004,0.0002,3.3475,0.0002,0.0137,0.0269,0.0003,0.0284,0.0269
17750,0.0004,0.0001,3.3842,0.0002,0.0136,0.027,0.0001,0.0286,0.0269
17800,0.0003,0.0002,3.392,0.0002,0.013,0.0258,0.0001,0.0276,0.0258
17850,0.0007,0.0003,4.0032,0.0001,0.0133,0.0258,0.0003,0.0273,0.0258
17900,0.0003,0.0001,3.4783,0.0002,0.0131,0.0258,0.0002,0.0274,0.0259
17950,0.0003,0.0001,3.3513,0.0003,0.0131,0.026,0.0002,0.0276,0.026
18000,0.0003,0.0003,3.4774,0.0006,0.0143,0.0276,0.0003,0.0304,0.0273
18050,0.0003,0.0002,3.6139,0.0002,0.0134,0.0262,0.0002,0.0278,0.0261
18100,0.0003,0.0002,3.4138,0.0002,0.0133,0.0261,0.0002,0.031,0.0262
18150,0.0003,0.0002,3.589,0.0002,0.0133,0.0262,0.0002,0.0279,0.0484
18200,0.0004,0.0002,3.461,0.0003,0.0139,0.0276,0.0002,0.0293,0.0276
18250,0.0004,0.0001,3.4607,0.0002,0.014,0.0277,0.0002,0.0296,0.0278
18300,0.0004,0.0002,3.4947,0.0002,0.0141,0.0279,0.0004,0.0298,0.0278
18350,0.0004,0.0003,3.9926,0.0002,0.0142,0.0278,0.0003,0.0295,0.0278
18400,0.0004,0.0001,3.5206,0.0003,0.0143,0.028,0.0003,0.0297,0.0279
18450,0.0004,0.0002,3.5034,0.0002,0.0141,0.028,0.0002,0.0296,0.028
18500,0.0004,0.0001,3.9065,0.0002,0.0144,0.028,0.0003,0.0297,0.0281
18550,0.0003,0.0002,3.5353,0.0002,0.0136,0.0269,0.0002,0.0285,0.0269
18600,0.0004,0.0002,3.6638,0.0002,0.0136,0.0466,0.0002,0.0299,0.0416
18650,0.0003,0.0002,4.4503,0.0003,0.0151,0.0283,0.0003,0.0315,0.0396
18700,0.0004,0.0002,3.7869,0.0002,0.0144,0.0283,0.0002,0.0344,0.0284
18750,0.0003,0.0001,3.592,0.0002,0.0143,0.0284,0.0002,0.0302,0.0284
18800,0.0003,0.0001,3.5827,0.0002,0.0143,0.0285,0.0002,0.0304,0.0286
18850,0.0007,0.0002,3.5172,0.0002,0.0138,0.0481,0.0002,0.0711,0.0286
18900,0.0003,0.0001,3.6704,0.0002,0.0145,0.0287,0.0002,0.0307,0.0287
18950,0.0003,0.0002,3.7145,0.0002,0.0158,0.0291,0.0004,0.0307,0.0288
19000,0.0004,0.0002,3.6816,0.0002,0.0147,0.0288,0.0003,0.0311,0.0288
19050,0.0004,0.0002,3.6202,0.0002,0.0146,0.0333,0.0001,0.0308,0.0289
19100,0.0003,0.0002,3.68,0.0002,0.0148,0.029,0.0002,0.031,0.029
19150,0.0003,0.0002,3.7752,0.0003,0.0151,0.029,0.0003,0.0312,0.029
19200,0.0004,0.0002,4.0478,0.0002,0.0149,0.0291,0.0002,0.0311,0.029
19250,0.0003,0.0001,3.6877,0.0003,0.0147,0.0291,0.0002,0.0311,0.0293
19300,0.0004,0.0001,3.8314,0.0002,0.0149,0.0293,0.0002,0.0313,0.0293
19350,0.0004,0.0003,3.7231,0.0002,0.015,0.0294,0.0003,0.0313,0.0294
19400,0.0005,0.0002,3.6979,0.0002,0.0149,0.0294,0.0002,0.0313,0.0294
19450,0.0004,0.0001,3.6977,0.0002,0.015,0.0296,0.0002,0.0314,0.0295
19500,0.0004,0.0001,5.039,0.0002,0.0145,0.0282,0.0002,0.03,0.0298
19550,0.0005,0.0004,4.6077,0.0002,0.0151,0.0297,0.0002,0.0315,0.0296
19600,0.0003,0.0001,4.1473,0.0003,0.0536,0.0384,0.0004,0.0407,0.0356
19650,0.0004,0.0002,3.7388,0.0002,0.0144,0.0284,0.0002,0.0302,0.0285
19700,0.0004,0.0001,3.8483,0.0002,0.0153,0.03,0.0002,0.032,0.0502
19750,0.0005,0.0002,4.0462,0.0001,0.0153,0.03,0.0002,0.032,0.03
19800,0.0003,0.0003,4.0031,0.0002,0.0152,0.0442,0.0002,0.0305,0.0286
19850,0.0003,0.0001,3.8851,0.0002,0.0151,0.0301,0.0002,0.0323,0.0302
19900,0.0003,0.0001,4.7583,0.0004,0.0208,0.0418,0.0003,0.0469,0.0397
19950,0.0004,0.0002,3.8302,0.0002,0.0154,0.0303,0.0003,0.0326,0.0302
20000,0.0003,0.0001,4.2062,0.0002,0.0147,0.0349,0.0002,0.0308,0.0289
20050,0.0004,0.0001,4.0085,0.0002,0.0146,0.0289,0.0001,0.031,0.0291
20100,0.0004,0.0001,3.8491,0.0002,0.0147,0.029,0.0002,0.031,0.029
20150,0.0003,0.0002,3.9902,0.0002,0.0148,0.0291,0.0002,0.0308,0.0291
20200,0.0003,0.0002,4.0073,0.0002,0.0359,0.0307,0.0002,0.0452,0.0292
20250,0.0004,0.0001,3.8655,0.0003,0.0157,0.031,0.0002,0.0327,0.0307
20300,0.0005,0.0002,3.8778,0.0002,0.0156,0.0308,0.0002,0.0329,0.0307
20350,0.0005,0.0001,3.9659,0.0003,0.0157,0.0308,0.0003,0.0328,0.0336
20400,0.0003,0.0002,3.8181,0.0002,0.0156,0.0309,0.0002,0.0332,0.0309
20450,0.0006,0.0002,3.8978,0.0002,0.0151,0.0296,0.0003,0.0315,0.0296
20500,0.0003,0.0001,4.2589,0.0002,0.0166,0.0304,0.0003,0.0323,0.0304
20550,0.0003,0.0001,4.0941,0.0002,0.0156,0.0303,0.0002,0.0324,0.0304
20600,0.0004,0.0001,4.029,0.0002,0.0155,0.0306,0.0002,0.0323,0.0305
20650,0.0004,0.0001,4.7657,0.0002,0.0161,0.0312,0.0004,0.0333,0.0312
20700,0.0003,0.0002,3.927,0.0002,0.0162,0.0317,0.0003,0.0336,0.0317
20750,0.0004,0.0003,4.0385,0.0002,0.016,0.0318,0.0002,0.0336,0.0315
20800,0.0004,0.0001,4.242,0.0003,0.0161,0.0315,0.0002,0.0334,0.0326
20850,0.0005,0.0005,4.0271,0.0002,0.0158,0.0309,0.0002,0.0331,0.0309
20900,0.0004,0.0002,4.1539,0.0002,0.0158,0.0311,0.0003,0.0329,0.0309
20950,0.0003,0.0003,4.749,0.0002,0.0162,0.0318,0.0004,0.0341,0.0317
21000,0.0004,0.0001,3.97,0.0002,0.0161,0.0318,0.0005,0.0338,0.0318
21050,0.0004,0.0002,4.055,0.0003,0.0163,0.032,0.0002,0.0341,0.0319
21100,0.0003,0.0004,4.6403,0.0002,0.0164,0.0321,0.0003,0.0341,0.0319
21150,0.0004,0.0002,4.0289,0.0002,0.0162,0.032,0.0002,0.034,0.032
21200,0.0003,0.0001,4.0127,0.0002,0.0162,0.0321,0.0001,0.0342,0.0321
21250,0.0005,0.0002,4.0358,0.0003,0.0166,0.0325,0.0003,0.0346,0.0324
21300,0.0004,0.0001,4.1679,0.0002,0.0159,0.0315,0.0001,0.0338,0.0315
21350,0.0004,0.0001,4.669,0.0006,0.0212,0.0572,0.0005,0.0445,0.0416
21400,0.0006,0.0004,4.7547,0.0003,0.0164,0.0324,0.0003,0.0344,0.0324
21450,0.0003,0.0001,4.0749,0.0002,0.0163,0.0324,0.0002,0.0345,0.0325
21500,0.0004,0.0002,4.5374,0.0006,0.0166,0.033,0.0003,0.0348,0.0326
21550,0.0005,0.0001,4.1144,0.0002,0.0166,0.0327,0.0002,0.0348,0.0327
21600,0.0004,0.0002,4.1087,0.0002,0.0166,0.0327,0.0002,0.035,0.0326
21650,0.0004,0.0003,4.3305,0.0003,0.0211,0.0431,0.0004,0.047,0.042
21700,0.0004,0.0002,4.2361,0.0003,0.0195,0.0388,0.0003,0.044,0.0394
21750,0.0005,0.0002,4.1378,0.0002,0.0167,0.0329,0.0003,0.0349,0.033
21800,0.0004,0.0002,4.9358,0.0002,0.0169,0.0331,0.0002,0.0352,0.033
21850,0.0004,0.0003,4.7534,0.0002,0.0168,0.0331,0.0002,0.0352,0.033
21900,0.0004,0.0001,4.2652,0.0002,0.0163,0.0323,0.0002,0.0346,0.0324
21950,0.0005,0.0001,4.3807,0.0002,0.0165,0.0327,0.0002,0.0347,0.0325
22000,0.0004,0.0002,4.151,0.0002,0.0169,0.0335,0.0002,0.0357,0.0335
22050,0.0003,0.0002,4.5481,0.0002,0.038,0.0414,0.0007,0.0511,0.0475
22100,0.0004,0.0003,4.3725,0.0002,0.0165,0.0327,0.0003,0.0347,0.0327
22150,0.0004,0.0003,4.2808,0.0003,0.0165,0.0327,0.0002,0.0351,0.0327
22200,0.0003,0.0002,4.6133,0.0003,0.0171,0.0328,0.0002,0.0349,0.0328
22250,0.0003,0.0001,4.2479,0.0002,0.0171,0.0339,0.0002,0.0358,0.0337
22300,0.0004,0.0002,4.1941,0.0002,0.0162,0.0322,0.0001,0.0345,0.0322
22350,0.0003,0.0001,4.6084,0.0002,0.0172,0.0338,0.0002,0.036,0.0339
22400,0.0004,0.0002,4.5649,0.0002,0.0173,0.0476,0.0003,0.0346,0.0323
22450,0.0004,0.0002,4.3458,0.0002,0.0171,0.034,0.0002,0.0503,0.0324
22500,0.0003,0.0002,5.1479,0.0003,0.0169,0.0326,0.0003,0.0367,0.0325
22550,0.0005,0.0002,4.4936,0.0002,0.0173,0.0341,0.0003,0.0363,0.0342
22600,0.0004,0.0002,4.557,0.0003,0.0174,0.0342,0.0003,0.0363,0.0342
22650,0.0004,0.0002,4.9521,0.0003,0.0174,0.0343,0.0003,0.0364,0.0343
22700,0.0003,0.0002,4.3274,0.0003,0.0175,0.0347,0.0003,0.0369,0.0345
22750,0.0004,0.0003,7.5325,0.0005,0.0175,0.0345,0.0003,0.0366,0.0344
22800,0.0004,0.0001,4.7554,0.0002,0.0167,0.0329,0.0003,0.0348,0.0329
22850,0.0002,0.0002,4.6036,0.0003,0.0176,0.0347,0.0002,0.0371,0.0419
22900,0.0004,0.0001,4.3775,0.0002,0.0176,0.0346,0.0002,0.037,0.0348
22950,0.0004,0.0002,4.7877,0.0002,0.0179,0.0351,0.0004,0.0514,0.055
23000,0.0004,0.0002,4.6517,0.0004,0.0179,0.035,0.0005,0.0493,0.0355
23050,0.0004,0.0003,4.9202,0.0002,0.0181,0.0711,0.0002,0.0371,0.0349
23100,0.0003,0.0002,4.948,0.0002,0.0178,0.035,0.0003,0.0372,0.0349
23150,0.0003,0.0003,4.6109,0.0003,0.0328,0.0346,0.0003,0.0364,0.0343
23200,0.0003,0.0001,5.0516,0.0002,0.0174,0.0343,0.0003,0.0367,0.0343
23250,0.0004,0.0001,4.4112,0.0002,0.018,0.0355,0.0004,0.0377,0.0355
23300,0.0004,0.0003,4.4174,0.0003,0.0178,0.0352,0.0002,0.0374,0.0352
23350,0.0004,0.0001,4.4828,0.0002,0.018,0.0353,0.0002,0.0377,0.0353
23400,0.0003,0.0001,4.5583,0.0002,0.0176,0.0346,0.0002,0.0368,0.0556
23450,0.0003,0.0002,4.5275,0.0002,0.018,0.0355,0.0003,0.0379,0.0355
23500,0.0003,0.0007,5.0422,0.0002,0.0181,0.0356,0.0003,0.038,0.0715
23550,0.0004,0.0002,4.4854,0.0001,0.0179,0.0357,0.0001,0.0378,0.0356
23600,0.0003,0.0003,4.7404,0.0002,0.0181,0.0357,0.0002,0.038,0.0357
23650,0.0003,0.0002,4.4822,0.0002,0.0182,0.0358,0.0002,0.0382,0.0358
23700,0.0003,0.0002,4.5546,0.0002,0.0182,0.0358,0.0002,0.0383,0.0359
23750,0.0003,0.0002,5.7528,0.0002,0.018,0.0433,0.0003,0.0588,0.0491
23800,0.0004,0.0001,4.567,0.0002,0.0177,0.0352,0.0002,0.0374,0.0352
23850,0.0003,0.0001,4.9502,0.0002,0.0179,0.0354,0.0003,0.0428,0.0352
23900,0.0004,0.0002,4.6762,0.0002,0.0183,0.0362,0.0002,0.0533,0.0354
23950,0.0003,0.0002,4.6092,0.0006,0.0183,0.0354,0.0004,0.0376,0.0355
24000,0.0004,0.0001,4.6893,0.0002,0.018,0.0355,0.0003,0.0378,0.0354
24050,0.0004,0.0001,4.8758,0.0002,0.0186,0.0365,0.0004,0.0389,0.0364
24100,0.0003,0.0002,4.7761,0.0003,0.0185,0.0366,0.0002,0.0389,0.0365
24150,0.0003,0.0002,4.6066,0.0003,0.0185,0.0383,0.0003,0.039,0.0365
24200,0.0003,0.0002,4.5788,0.0002,0.0184,0.0366,0.0002,0.0392,0.0366
24250,0.0002,0.0002,4.617,0.0002,0.0186,0.0369,0.0003,0.0391,0.0373
24300,0.0004,0.0001,4.5733,0.0002,0.0187,0.0367,0.0002,0.039,0.0368
24350,0.0003,0.0001,4.6198,0.0002,0.0186,0.084,0.0002,0.0582,0.0432
24400,0.0008,0.0002,5.3427,0.0003,0.0188,0.0369,0.0003,0.0392,0.0369
24450,0.0003,0.0002,4.6051,0.0001,0.0188,0.0371,0.0003,0.0402,0.0375
24500,0.0004,0.0001,7.1223,0.0002,0.023,0.0457,0.0003,0.0513,0.0452
24550,0.0004,0.0001,4.7884,0.0002,0.0189,0.0372,0.0004,0.0397,0.0382
24600,0.0004,0.0001,4.8102,0.0002,0.0189,0.0373,0.0002,0.0397,0.0372
24650,0.0004,0.0001,4.7325,0.0002,0.0184,0.0364,0.0003,0.0387,0.0364
24700,0.0004,0.0001,4.8282,0.0003,0.0254,0.0375,0.0003,0.0399,0.0374
24750,0.0004,0.0006,5.0881,0.0003,0.0191,0.0374,0.0003,0.0398,0.0375
24800,0.0003,0.0002,4.7033,0.0003,0.019,0.0381,0.0003,0.04,0.0377
24850,0.0005,0.0002,4.8763,0.0002,0.0192,0.0378,0.0003,0.0401,0.0377
24900,0.0003,0.0001,4.7111,0.0004,0.0196,0.0385,0.0002,0.0407,0.0398
24950,0.0003,0.0003,4.7906,0.0002,0.0182,0.036,0.0002,0.0393,0.0361
25000,0.0003,0.0002,5.7561,0.0002,0.0385,0.0379,0.0003,0.0404,0.0378
25050,0.0003,0.0001,4.8095,0.0002,0.0183,0.0361,0.0003,0.0387,0.0363
25100,0.0003,0.0003,4.883,0.0002,0.0184,0.0395,0.0003,0.0388,0.0363
25150,0.0004,0.0002,4.7826,0.0003,0.0185,0.0366,0.0002,0.0389,0.0363
25200,0.0003,0.0001,4.7839,0.0003,0.0192,0.0381,0.0003,0.0406,0.0381
25250,0.0004,0.0002,4.8083,0.0003,0.0193,0.0384,0.0003,0.0408,0.0385
25300,0.0003,0.0002,4.8227,0.0002,0.0193,0.0383,0.0002,0.041,0.0382
25350,0.0004,0.0001,5.1831,0.0002,0.0195,0.0422,0.0002,0.0583,0.0519
25400,0.0004,0.0008,5.2068,0.0002,0.0196,0.0389,0.0002,0.0412,0.0388
25450,0.0004,0.0001,4.888,0.0002,0.0186,0.0368,0.0002,0.0389,0.0368
25500,0.0002,0.0003,5.1793,0.0002,0.0196,0.0387,0.0003,0.0469,0.0525
25550,0.0003,0.0003,4.8756,0.0002,0.0195,0.0388,0.0001,0.0413,0.039
25600,0.0004,0.0002,5.3619,0.0002,0.0188,0.0369,0.0002,0.0409,0.037
25650,0.0003,0.0002,5.272,0.0002,0.0187,0.037,0.0003,0.0394,0.037
25700,0.0004,0.0002,4.8567,0.0002,0.0197,0.039,0.0001,0.0415,0.0593
25750,0.0006,0.0004,5.0105,0.0002,0.0189,0.0371,0.0002,0.0396,0.0382
25800,0.0004,0.0001,5.0002,0.0002,0.0188,0.0373,0.0001,0.0397,0.0373
25850,0.0003,0.0003,5.2186,0.0002,0.02,0.0392,0.0003,0.0415,0.0391
25900,0.0004,0.0002,4.9179,0.0002,0.0188,0.0374,0.0002,0.0397,0.0375
25950,0.0003,0.0001,6.5693,0.0005,0.0248,0.0482,0.0003,0.0544,0.0481
26000,0.0003,0.0002,4.9484,0.0002,0.0198,0.0393,0.0003,0.0419,0.0394
26050,0.0003,0.0001,5.232,0.0002,0.0206,0.0477,0.0004,0.0532,0.0878
26100,0.0011,0.0004,6.4731,0.0002,0.0191,0.0378,0.0003,0.0402,0.0378
26150,0.0003,0.0002,5.3603,0.0003,0.0647,0.0585,0.0005,0.0741,0.058
26200,0.0005,0.0009,5.7137,0.0002,0.0202,0.0397,0.0003,0.0423,0.1042
26250,0.0005,0.0003,5.9509,0.0002,0.0419,0.0532,0.0003,0.0414,0.0388
26300,0.0005,0.0001,5.0715,0.0002,0.0197,0.0388,0.0002,0.0422,0.0389
26350,0.0003,0.0002,5.2679,0.0002,0.0203,0.0403,0.0003,0.0428,0.0401
26400,0.0004,0.0003,5.0591,0.0005,0.0199,0.0391,0.0002,0.0418,0.039
26450,0.0003,0.0002,5.3205,0.0002,0.0202,0.0751,0.0002,0.0781,0.0748
26500,0.0003,0.0002,5.1742,0.0003,0.0205,0.0403,0.0003,0.0434,0.043
26550,0.0004,0.0002,5.4419,0.0002,0.0205,0.0402,0.0002,0.0426,0.0402
26600,0.0004,0.0002,5.2943,0.0002,0.0204,0.0403,0.0003,0.0429,0.0403
26650,0.0005,0.0001,5.062,0.0002,0.0207,0.0486,0.0003,0.0428,0.0403
26700,0.0006,0.0002,5.1572,0.0002,0.02,0.0395,0.0002,0.0421,0.0394
26750,0.0004,0.0003,6.9447,0.0002,0.0201,0.0396,0.0003,0.0422,0.0395
26800,0.0004,0.0002,5.24,0.0003,0.0206,0.0755,0.0002,0.0433,0.0541
26850,0.0006,0.0002,5.2538,0.0002,0.0201,0.0397,0.0003,0.0422,0.0397
26900,0.0004,0.0002,5.1663,0.0002,0.0201,0.0399,0.0002,0.0424,0.0398
26950,0.0004,0.0003,5.8879,0.0001,0.0205,0.0399,0.0002,0.0423,0.0398
27000,0.0003,0.0001,5.3742,0.0002,0.0207,0.0762,0.0002,0.0434,0.0408
27050,0.0003,0.0001,7.6281,0.0002,0.026,0.0492,0.0003,0.0553,0.052
27100,0.0003,0.0001,5.3427,0.0001,0.0202,0.04,0.0003,0.0625,0.0545
27150,0.0004,0.0003,5.7185,0.0003,0.0204,0.0409,0.0003,0.0429,0.0405
27200,0.0003,0.0001,5.1679,0.0002,0.0207,0.0412,0.0001,0.0437,0.0412
27250,0.0003,0.0001,5.4693,0.0002,0.0411,0.0863,0.0003,0.0802,0.0412
27300,0.0004,0.0002,5.2344,0.0002,0.0209,0.049,0.0002,0.0442,0.0413
27350,0.0004,0.0002,5.291,0.0003,0.021,0.0414,0.0003,0.0523,0.0413
27400,0.0003,0.0001,5.2251,0.0003,0.0211,0.0415,0.0003,0.0441,0.0413
27450,0.0004,0.0002,5.9763,0.0003,0.0212,0.0457,0.0003,0.057,0.0495
27500,0.0004,0.0002,5.4004,0.0002,0.0211,0.0416,0.0002,0.0442,0.0416
27550,0.0003,0.0002,5.7299,0.0002,0.0211,0.042,0.0003,0.0446,0.0416
27600,0.0004,0.0002,6.0389,0.0003,0.0207,0.0408,0.0003,0.0802,0.0407
27650,0.0003,0.0002,5.664,0.0003,0.0217,0.0419,0.0003,0.0445,0.0419
27700,0.0004,0.0002,5.5981,0.0002,0.0213,0.0569,0.0002,0.0646,0.0419
27750,0.0004,0.0002,5.5252,0.0003,0.0208,0.041,0.0001,0.0437,0.0409
27800,0.0003,0.0002,5.556,0.0002,0.0207,0.0411,0.0002,0.0436,0.0411
27850,0.0004,0.0001,5.4385,0.0002,0.0209,0.0412,0.0002,0.0437,0.0411
27900,0.0004,0.0001,6.4941,0.0002,0.0417,0.0422,0.0003,0.06,0.0623
27950,0.0004,0.0003,7.0213,0.0002,0.0215,0.0423,0.0002,0.0449,0.0423
28000,0.0004,0.0001,5.5398,0.0003,0.0359,0.0627,0.0003,0.059,0.0612
28050,0.0003,0.0002,5.5213,0.0002,0.0209,0.0415,0.0002,0.0441,0.0414
28100,0.0003,0.0001,5.9101,0.0002,0.0218,0.0425,0.0003,0.0451,0.0424
28150,0.0004,0.0001,5.7519,0.0002,0.0213,0.0417,0.0002,0.0443,0.0416
28200,0.0004,0.0001,5.5305,0.0002,0.0209,0.0417,0.0002,0.0442,0.0416
28250,0.0003,0.0002,5.4955,0.0002,0.0211,0.0418,0.0002,0.0446,0.0478
28300,0.0003,0.0001,5.6144,0.0002,0.0212,0.0975,0.0003,0.0526,0.0585
28350,0.0005,0.0002,5.5773,0.0002,0.0368,0.0421,0.0002,0.0662,0.0784
28400,0.0004,0.0001,5.4206,0.0002,0.0216,0.0429,0.0003,0.0819,0.0795
28450,0.0006,0.0003,5.5726,0.0003,0.0217,0.0431,0.0003,0.0458,0.043
28500,0.0004,0.0003,5.4805,0.0002,0.0412,0.0432,0.0002,0.0603,0.0421
28550,0.0003,0.0003,5.8308,0.0002,0.0289,0.0433,0.0002,0.046,0.0784
28600,0.0004,0.0001,5.6651,0.0003,0.0213,0.0423,0.0002,0.045,0.0422
28650,0.0004,0.0001,5.9264,0.0002,0.0221,0.0781,0.0003,0.0461,0.0433
28700,0.0004,0.0004,5.7284,0.0002,0.022,0.0434,0.0003,0.0463,0.0434
28750,0.0003,0.0001,5.4958,0.0006,0.0223,0.0437,0.0003,0.0462,0.0434
28800,0.0004,0.0002,5.4804,0.0002,0.022,0.0435,0.0002,0.0463,0.0436
28850,0.0004,0.0004,5.8229,0.0002,0.0222,0.0437,0.0004,0.0465,0.0436
28900,0.0003,0.0001,5.4547,0.0002,0.0222,0.0438,0.0003,0.0466,0.0438
28950,0.0004,0.0002,6.0211,0.0004,0.0264,0.0518,0.0004,0.0582,0.0519
29000,0.0005,0.0002,5.4831,0.0002,0.0221,0.0438,0.0003,0.0468,0.0438
29050,0.0004,0.0003,5.93,0.0002,0.0219,0.0429,0.0002,0.0456,0.0429
29100,0.0003,0.0001,5.6172,0.0002,0.0217,0.0431,0.0003,0.0459,0.0432
29150,0.0004,0.0002,5.5756,0.0002,0.0216,0.0648,0.0002,0.047,0.0909
29200,0.0003,0.0001,5.7797,0.0003,0.0223,0.0595,0.0003,0.0668,0.0443
29250,0.0004,0.0002,5.6743,0.0002,0.0225,0.0442,0.0003,0.0469,0.0443
29300,0.0004,0.0004,6.6738,0.0003,0.0226,0.0445,0.0003,0.0474,0.0443
29350,0.0004,0.0003,6.0054,0.0003,0.0229,0.0443,0.0004,0.0472,0.0444
29400,0.0003,0.0001,5.9934,0.0002,0.022,0.0496,0.0002,0.0461,0.0435
29450,0.0004,0.0002,6.8936,0.0002,0.0464,0.0612,0.0009,0.1029,0.0635
29500,0.0005,0.0004,5.7492,0.0002,0.045,0.059,0.0002,0.0466,0.0813
29550,0.0004,0.0002,5.9843,0.0002,0.0227,0.0449,0.0003,0.0478,0.0447
29600,0.0005,0.0001,5.7079,0.0002,0.022,0.0437,0.0002,0.0466,0.0437
29650,0.0004,0.0001,5.8072,0.0002,0.0227,0.0601,0.0002,0.0467,0.0437
29700,0.0004,0.0002,5.7467,0.0002,0.0226,0.0492,0.0002,0.0478,0.0449
29750,0.0004,0.0001,6.2081,0.0002,0.0227,0.045,0.0002,0.048,0.0449
29800,0.0003,0.0004,6.1449,0.0002,0.0231,0.0452,0.0003,0.048,0.0451
29850,0.0005,0.0001,5.7303,0.0002,0.0223,0.0441,0.0002,0.0468,0.0464
29900,0.0003,0.0004,5.918,0.0002,0.0228,0.0453,0.0002,0.0481,0.0452
29950,0.0004,0.0002,5.663,0.0002,0.023,0.0464,0.0003,0.0482,0.0453
30000,0.0004,0.0001,7.2696,0.0002,0.023,0.0454,0.0003,0.0482,0.0465
30050,0.0004,0.0002,6.0244,0.0003,0.023,0.0807,0.0003,0.0835,0.0807
30100,0.0004,0.0003,5.9227,0.0003,0.0229,0.0445,0.0002,0.0472,0.0446
30150,0.0004,0.0001,5.8097,0.0002,0.0237,0.047,0.0004,0.0491,0.0466
30200,0.0004,0.0004,5.8507,0.0002,0.0227,0.0446,0.0002,0.0473,0.0445
30250,0.0003,0.0002,5.711,0.0002,0.0227,0.0449,0.0002,0.069,0.0457
30300,0.0004,0.0002,6.2486,0.0002,0.0227,0.0448,0.0003,0.0475,0.0514
30350,0.0003,0.0007,6.1618,0.0002,0.0232,0.0461,0.0002,0.0488,0.0505
30400,0.0003,0.0002,5.9839,0.0002,0.0232,0.046,0.0003,0.0491,0.0459
30450,0.0003,0.0001,5.8275,0.0003,0.0226,0.045,0.0002,0.0481,0.045
30500,0.0006,0.0001,6.5094,0.0002,0.0239,0.0618,0.0003,0.0479,0.0451
30550,0.0004,0.0001,5.8025,0.0002,0.0234,0.0462,0.0002,0.0491,0.0462
30600,0.0004,0.0002,5.9267,0.0002,0.0234,0.0463,0.0002,0.0496,0.0463
30650,0.0004,0.0001,6.1073,0.0002,0.0274,0.0464,0.0002,0.0493,0.0463
30700,0.0003,0.0002,6.32,0.0002,0.023,0.0453,0.0003,0.0525,0.0453
30750,0.0004,0.0001,5.9978,0.0004,0.023,0.0461,0.0003,0.0484,0.0455
30800,0.0004,0.0002,7.9075,0.0002,0.0305,0.0602,0.0004,0.0659,0.0554
30850,0.0004,0.0001,6.2942,0.0002,0.023,0.0457,0.0003,0.0482,0.0455
30900,0.0004,0.0001,6.1062,0.0002,0.0231,0.0457,0.0003,0.0484,0.0456
30950,0.0004,0.0001,5.8648,0.0003,0.023,0.0457,0.0002,0.0485,0.0457
31000,0.0005,0.0001,6.7641,0.0002,0.0238,0.0458,0.0003,0.0492,0.0744
31050,0.0003,0.0001,6.2267,0.0002,0.0231,0.0459,0.0002,0.0489,0.0458
31100,0.0003,0.0001,6.1602,0.0002,0.0234,0.0705,0.0003,0.0502,0.0603
31150,0.0004,0.0001,5.9044,0.0002,0.0243,0.0478,0.0002,0.0529,0.0479
31200,0.0004,0.0002,6.4359,0.0002,0.0241,0.0472,0.0003,0.0501,0.0472
31250,0.0004,0.0002,6.0604,0.0003,0.0237,0.0473,0.0002,0.0502,0.0471
31300,0.0004,0.0003,6.4216,0.0002,0.0235,0.0463,0.0002,0.0493,0.0462
31350,0.0006,0.0002,6.4521,0.0002,0.0235,0.0463,0.0002,0.0492,0.0463
31400,0.0006,0.0002,6.2157,0.0003,0.028,0.0466,0.0002,0.0494,0.0464
31450,0.0003,0.0003,6.1983,0.0002,0.0242,0.0475,0.0003,0.0508,0.0476
31500,0.0009,0.0002,5.9609,0.0002,0.0241,0.0477,0.0003,0.0507,0.0477
31550,0.0004,0.0001,6.3782,0.0002,0.0239,0.0467,0.0008,0.0499,0.0466
31600,0.0008,0.0002,6.2587,0.0003,0.0306,0.0602,0.0004,0.0661,0.0565
31650,0.0004,0.0001,6.4833,0.0005,0.0237,0.0467,0.0003,0.0496,0.0467
31700,0.0004,0.0002,6.0933,0.0003,0.0383,0.0693,0.0002,0.0512,0.0623
31750,0.0003,0.0001,6.1543,0.0003,0.0237,0.1096,0.0003,0.0911,0.0864
31800,0.0006,0.0004,6.2599,0.0002,0.0245,0.0486,0.0003,0.0519,0.0484
31850,0.0005,0.0001,6.372,0.0001,0.024,0.0471,0.0002,0.05,0.0471
31900,0.0003,0.0002,6.2097,0.0002,0.0239,0.0474,0.0003,0.0516,0.0471
31950,0.0005,0.0002,6.1833,0.0002,0.0239,0.0472,0.0002,0.0501,0.0472
32000,0.0004,0.0002,6.2387,0.0002,0.0239,0.0473,0.0002,0.0503,0.0472
32050,0.0004,0.0002,6.5627,0.0005,0.0342,0.0669,0.0004,0.0745,0.0543
32100,0.0004,0.0002,6.258,0.0002,0.0246,0.0486,0.0003,0.0545,0.0489
32150,0.0005,0.0002,6.5693,0.0003,0.0254,0.0518,0.0003,0.0537,0.0505
32200,0.0004,0.0005,7.7537,0.0005,0.0247,0.0488,0.0003,0.0653,0.0476
32250,0.0003,0.0001,7.2089,0.0002,0.0242,0.0477,0.0003,0.0506,0.0476
32300,0.0004,0.0003,6.1495,0.0002,0.0242,0.0479,0.0002,0.051,0.0477
32350,0.0004,0.0007,6.2905,0.0002,0.0248,0.0488,0.0003,0.0519,0.0489
32400,0.0004,0.0001,6.3333,0.0002,0.0249,0.049,0.0002,0.0522,0.0491
32450,0.0004,0.0002,6.149,0.0003,0.0248,0.049,0.0002,0.0521,0.0491
32500,0.0004,0.0002,6.3195,0.0005,0.057,0.107,0.0007,0.0638,0.0568
32550,0.0005,0.0003,6.6885,0.0003,0.0243,0.049,0.0002,0.0512,0.048
32600,0.0004,0.0001,6.6485,0.0002,0.025,0.05,0.0005,0.0531,0.0641
32650,0.0004,0.0001,6.2384,0.0002,0.0257,0.0496,0.0002,0.0528,0.0498
32700,0.0006,0.0004,7.4275,0.0002,0.0251,0.0496,0.0003,0.0527,0.0494
32750,0.0003,0.0001,6.3218,0.0006,0.0303,0.0496,0.0003,0.0528,0.0495
32800,0.0004,0.0003,6.4393,0.0003,0.0252,0.0496,0.0003,0.0528,0.0555
32850,0.0005,0.0004,6.9192,0.0002,0.0251,0.0497,0.0003,0.0525,0.0497
32900,0.0003,0.0002,7.9749,0.0002,0.0252,0.0499,0.0003,0.0529,0.0497
32950,0.0003,0.0002,6.4449,0.0002,0.0246,0.0486,0.0003,0.0517,0.0486
33000,0.0004,0.0004,6.5138,0.0002,0.0247,0.0488,0.0003,0.0516,0.0487
33050,0.0003,0.0001,7.4278,0.0003,0.0255,0.0504,0.0006,0.0531,0.05
33100,0.0005,0.0002,6.2929,0.0002,0.0247,0.0488,0.0002,0.0518,0.0488
33150,0.0004,0.0003,7.1693,0.0003,0.0256,0.0502,0.0002,0.0532,0.0501
33200,0.0003,0.0001,6.3847,0.0002,0.0405,0.049,0.0003,0.052,0.049
33250,0.0003,0.0004,7.2368,0.0002,0.0254,0.0503,0.0002,0.0533,0.0503
33300,0.0005,0.0001,7.4696,0.0002,0.0249,0.0491,0.0003,0.0523,0.0491
33350,0.0004,0.0002,6.4384,0.0002,0.0247,0.052,0.0002,0.0525,0.0493
33400,0.0004,0.0003,6.6952,0.0002,0.0256,0.0505,0.0003,0.0538,0.0505
33450,0.0003,0.0003,6.8464,0.0003,0.0256,0.0507,0.0002,0.0539,0.0506
33500,0.0005,0.0001,6.72,0.0002,0.0258,0.0508,0.0003,0.0538,0.0537
33550,0.0003,0.0002,6.3401,0.0002,0.0249,0.0496,0.0003,0.0526,0.0497
33600,0.0004,0.0002,6.647,0.0002,0.0257,0.0508,0.0002,0.0541,0.0509
33650,0.0004,0.0002,6.3926,0.0002,0.0257,0.0509,0.0002,0.054,0.0509
33700,0.0003,0.0002,6.7812,0.0002,0.0258,0.0509,0.0003,0.0541,0.0509
33750,0.0003,0.0002,6.396,0.0002,0.0258,0.051,0.0003,0.0545,0.051
33800,0.0004,0.0002,6.8525,0.0002,0.0259,0.059,0.0003,0.0545,0.0511
33850,0.0003,0.0001,6.4735,0.0002,0.0258,0.0512,0.0002,0.0544,0.0511
33900,0.0003,0.0003,6.9676,0.0004,0.026,0.0513,0.0003,0.0544,0.0512
33950,0.0004,0.0003,6.4038,0.0002,0.0247,0.049,0.0002,0.0519,0.0518
34000,0.0004,0.0003,6.6047,0.0002,0.0262,0.0863,0.0002,0.0545,0.0655
34050,0.0004,0.0001,6.4288,0.0002,0.026,0.0515,0.0002,0.0545,0.0515
34100,0.0007,0.0001,6.431,0.0002,0.026,0.0516,0.0003,0.0548,0.0515
34150,0.0004,0.0002,7.4317,0.0002,0.0517,0.0521,0.0003,0.055,0.0515
34200,0.0005,0.0008,7.2712,0.0002,0.0253,0.0495,0.0003,0.0524,0.0494
34250,0.0003,0.0002,6.9845,0.0003,0.0252,0.0496,0.0003,0.0528,0.0494
34300,0.0004,0.0001,6.665,0.0003,0.025,0.0023,0.0002,0.0528,0.0817
34350,0.0004,0.0004,7.9146,0.0002,0.0251,0.0495,0.0003,0.0527,0.0496
34400,0.0003,0.0002,6.7373,0.0002,0.0265,0.052,0.0003,0.0553,0.0521
34450,0.0003,0.0002,6.461,0.0002,0.0259,0.0509,0.0002,0.054,0.0509
34500,0.0003,0.0001,7.1348,0.0002,0.0466,0.067,0.0003,0.0758,0.0917
34550,0.0005,0.0001,6.5906,0.0002,0.0263,0.0522,0.0002,0.0556,0.0522
34600,0.0003,0.0001,7.646,0.0005,0.0265,0.0524,0.0003,0.0556,0.0523
34650,0.0004,0.0002,6.5472,0.0002,0.0264,0.0525,0.0003,0.0603,0.0524
34700,0.0005,0.0003,6.8705,0.0002,0.0265,0.0524,0.0002,0.0555,0.0525
34750,0.0004,0.0002,6.5813,0.0004,0.0265,0.0525,0.0003,0.0559,0.0915
34800,0.0005,0.0004,8.4047,0.0002,0.0269,0.1224,0.0002,0.4102,0.1198
34850,0.0004,0.0003,7.1717,0.0002,0.0267,0.2236,0.0003,0.056,0.0527
34900,0.0003,0.0002,6.8786,0.0002,0.0266,0.0529,0.0003,0.0561,0.0528
34950,0.0004,0.0002,6.7866,0.0002,0.0267,0.0529,0.0003,0.0563,0.0528
35000,0.0006,0.0001,6.6904,0.0002,0.0268,0.0529,0.0002,0.0563,0.0529
35050,0.0005,0.0006,7.9107,0.0002,0.0269,0.053,0.0003,0.0565,0.0529
35100,0.0004,0.0001,6.8703,0.0002,0.0269,0.0531,0.0003,0.0565,0.053
35150,0.0007,0.0001,6.9959,0.0002,0.0257,0.0507,0.0003,0.054,0.0508
35200,0.0004,0.0002,7.4873,0.0002,0.0258,0.0509,0.001,0.0545,0.0521
35250,0.0004,0.0001,6.6899,0.0002,0.0257,0.0508,0.0002,0.0542,0.0508
35300,0.0004,0.0002,6.9035,0.0002,0.0257,0.0509,0.0003,0.0748,0.0533
35350,0.0004,0.0002,6.903,0.0002,0.0269,0.0535,0.0003,0.0568,0.0535
35400,0.0006,0.0004,6.7071,0.0003,0.027,0.0535,0.0003,0.0569,0.0534
35450,0.0007,0.0002,6.7301,0.0002,0.027,0.0536,0.0006,0.0571,0.0536
35500,0.0004,0.0004,7.1825,0.0004,0.026,0.0513,0.0003,0.0543,0.0512
35550,0.0005,0.0003,7.0889,0.0002,0.0273,0.0539,0.0003,0.0572,0.0537
35600,0.0004,0.0001,7.0983,0.0002,0.0273,0.0538,0.0005,0.0573,0.0539
35650,0.0004,0.0002,8.6776,0.0002,0.0272,0.054,0.0003,0.0574,0.054
35700,0.0004,0.0002,7.257,0.0003,0.0274,0.054,0.0003,0.0574,0.054
35750,0.0003,0.0001,6.7104,0.0002,0.0268,0.0527,0.0003,0.0562,0.0527
35800,0.0004,0.0001,7.207,0.0003,0.0276,0.0541,0.0002,0.0576,0.0541
35850,0.0004,0.0002,6.7793,0.0003,0.0274,0.0542,0.0003,0.0575,0.0541
35900,0.0004,0.0001,7.0478,0.0002,0.0277,0.0169,0.0003,0.0578,0.059
35950,0.0004,0.0001,7.791,0.0002,0.0638,0.0585,0.0003,0.0577,0.0543
36000,0.0004,0.0002,6.8062,0.0002,0.0275,0.0545,0.0002,0.058,0.0543
36050,0.0004,0.0002,6.83,0.0002,0.0277,0.0545,0.0003,0.0581,0.0547
36100,0.0006,0.0002,6.852,0.0004,0.0283,0.0554,0.0003,0.0587,0.055
36150,0.0005,0.0219,7.8834,0.0004,0.0277,0.0548,0.0003,0.058,0.0547
36200,0.0004,0.0002,7.2918,0.0002,0.0277,0.0547,0.0003,0.0582,0.0547
36250,0.0004,0.0001,7.0536,0.0002,0.027,0.0583,0.0003,0.0569,0.0535
36300,0.0003,0.0001,6.8766,0.0003,0.027,0.0537,0.0003,0.0571,0.0537
36350,0.0009,0.0003,7.1673,0.0002,0.0289,0.0552,0.0002,0.0584,0.055
36400,0.0003,0.0002,7.3082,0.0002,0.0337,0.0551,0.0003,0.0583,0.055
36450,0.0003,0.0001,6.887,0.0003,0.0271,0.0538,0.0003,0.0572,0.0538
36500,0.0004,0.0003,7.2742,0.0002,0.0272,0.0539,0.0002,0.0572,0.0539
36550,0.0004,0.0001,6.8843,0.0002,0.0474,0.0553,0.0002,0.0587,0.0682
36600,0.0003,0.0006,7.4341,0.0003,0.0282,0.0559,0.0004,0.059,0.0554
36650,0.0005,0.0001,7.0362,0.0003,0.0279,0.0555,0.0006,0.0589,0.0554
36700,0.0003,0.0002,7.005,0.0003,0.0268,0.053,0.0003,0.0564,0.053
36750,0.0004,0.0002,7.6318,0.0002,0.027,0.0531,0.0003,0.0564,0.0531
36800,0.0005,0.0002,6.9373,0.0003,0.0269,0.053,0.0002,0.0602,0.0531
36850,0.0004,0.0002,7.3563,0.0003,0.0268,0.0532,0.0002,0.0566,0.0532
36900,0.0003,0.0001,7.0643,0.0004,0.0416,0.0538,0.0003,0.0572,0.0732
36950,0.0004,0.0003,6.9855,0.0003,0.0281,0.0559,0.0002,0.0594,0.0558
37000,0.0004,0.0002,7.2476,0.0003,0.0283,0.0672,0.0003,0.0593,0.0558
37050,0.0004,0.0003,7.4389,0.0002,0.0283,0.056,0.0003,0.0595,0.056
37100,0.0003,0.0002,7.3344,0.0002,0.0283,0.0561,0.0002,0.0596,0.056
37150,0.0004,0.0002,7.2103,0.0002,0.0288,0.0563,0.0003,0.0611,0.0564
37200,0.0003,0.0001,7.8104,0.0002,0.0285,0.0564,0.0003,0.0597,0.0564
37250,0.0003,0.0002,7.1041,0.0003,0.0284,0.0562,0.0003,0.0597,0.0562
37300,0.0004,0.0002,7.0344,0.0006,0.0285,0.0564,0.0002,0.0599,0.0563
37350,0.0004,0.0002,7.1476,0.0002,0.0273,0.0544,0.0009,0.0819,0.0568
37400,0.0004,0.0001,7.8499,0.0002,0.0274,0.0758,0.0003,0.0605,0.0566
37450,0.0003,0.0002,7.9892,0.0005,0.0362,0.0724,0.0004,0.0754,0.102
37500,0.0004,0.0007,7.368,0.0002,0.0274,0.0541,0.0003,0.1331,0.0784
37550,0.0003,0.0003,7.1975,0.0003,0.0274,0.0544,0.0002,0.0577,0.0541
37600,0.0004,0.0001,7.6345,0.0002,0.0278,0.0542,0.0002,0.0635,0.0543
37650,0.0004,0.0001,7.8169,0.0002,0.0274,0.0543,0.0003,0.0612,0.0543
37700,0.0003,0.0001,7.1198,0.0003,0.029,0.0577,0.0006,0.0635,0.0586
37750,0.0004,0.0002,8.9356,0.0002,0.0728,0.1535,0.0006,0.1774,0.2923
37800,0.0004,0.0004,7.8577,0.0002,0.06,0.1736,0.0003,0.1359,0.1509
37850,0.0003,0.0011,7.8457,0.0002,0.0283,0.056,0.0003,0.0595,0.0559
37900,0.0004,0.0002,7.8597,0.0002,0.029,0.0573,0.0003,0.0608,0.0604
37950,0.0003,0.0002,7.1199,0.0002,0.029,0.0573,0.0003,0.0609,0.0573
38000,0.0004,0.0002,7.5836,0.0001,0.0291,0.0575,0.0003,0.0613,0.0574
38050,0.0004,0.0002,7.418,0.0002,0.029,0.058,0.0003,0.061,0.0576
38100,0.0005,0.0003,7.8125,0.0006,0.029,0.0576,0.0003,0.0613,0.0925
38150,0.0003,0.0001,8.688,0.0002,0.0285,0.0563,0.0003,0.0598,0.0563
38200,0.0004,0.0001,7.4116,0.0006,0.0291,0.0578,0.0002,0.0616,0.0588
38250,0.0004,0.0006,8.1472,0.0002,0.0293,0.0591,0.0003,0.0615,0.0582
38300,0.0004,0.0003,9.3087,0.0002,0.0286,0.0566,0.0002,0.0602,0.0565
38350,0.0004,0.0003,7.8132,0.0002,0.0293,0.0585,0.0003,0.0616,0.0585
38400,0.0005,0.0003,7.4717,0.0003,0.0286,0.0567,0.0002,0.0738,0.0567
38450,0.0004,0.0001,8.3461,0.0004,0.0406,0.1153,0.0005,0.1258,0.0721
38500,0.0004,0.0002,7.3647,0.0002,0.0288,0.0569,0.0002,0.0605,0.0568
38550,0.0004,0.0003,8.0562,0.0002,0.0294,0.0583,0.0003,0.0619,0.0583
38600,0.0003,0.0001,7.4657,0.0003,0.0382,0.0744,0.0008,0.0797,0.0749
38650,0.0005,0.0002,7.4589,0.0002,0.0288,0.0571,0.0002,0.0607,0.057
38700,0.0004,0.0002,7.7555,0.0002,0.0295,0.0586,0.0002,0.0621,0.0585
38750,0.0004,0.0001,7.3946,0.0002,0.0296,0.0587,0.0003,0.0621,0.0586
38800,0.0004,0.0002,7.3335,0.0003,0.0296,0.0588,0.0002,0.0623,0.0587
38850,0.0004,0.0002,7.8966,0.0003,0.0319,0.059,0.0005,0.0625,0.0588
38900,0.0009,0.0009,7.4449,0.0003,0.029,0.0853,0.0003,0.077,0.0574
38950,0.0004,0.0001,8.0715,0.0002,0.0298,0.073,0.0003,0.0611,0.0575
39000,0.0003,0.0002,7.5235,0.0002,0.0298,0.0589,0.0004,0.1799,0.0939
39050,0.0005,0.0006,10.1283,0.0001,0.0578,0.0725,0.0003,0.0613,0.0576
39100,0.0004,0.0001,7.9337,0.0003,0.0292,0.0577,0.0002,0.0613,0.0577
39150,0.0004,0.0002,8.2941,0.0002,0.03,0.0592,0.0003,0.0631,0.0591
39200,0.0004,0.0002,7.3871,0.0002,0.03,0.0609,0.0003,0.0637,0.0597
39250,0.0003,0.0002,8.2327,0.0002,0.0308,0.079,0.0003,0.0764,0.058
39300,0.0004,0.0001,7.4186,0.0002,0.0301,0.0594,0.0003,0.0633,0.0594
39350,0.0004,0.0006,7.899,0.0002,0.0294,0.0785,0.0003,0.0632,0.0594
39400,0.0003,0.0001,8.2098,0.0002,0.0303,0.0593,0.0003,0.0632,0.0595
39450,0.0004,0.0002,7.8433,0.0002,0.0302,0.0671,0.0005,0.0635,0.0597
39500,0.0006,0.0002,7.4481,0.0003,0.03,0.0614,0.0002,0.0636,0.0598
39550,0.0004,0.0001,8.1768,0.0002,0.0304,0.0598,0.0002,0.0634,0.0597
39600,0.0003,0.0001,7.4864,0.0002,0.0302,0.0599,0.0003,0.0633,0.0598
39650,0.0006,0.0002,9.1479,0.0002,0.03,0.0585,0.0003,0.0619,0.0585
39700,0.0004,0.0002,7.4946,0.0003,0.0297,0.0586,0.0003,0.0621,0.0586
39750,0.0003,0.0004,7.5387,0.0002,0.0295,0.0587,0.0002,0.0625,0.0587
39800,0.0003,0.0002,8.1829,0.0004,0.0301,0.0588,0.0003,0.0623,0.0587
39850,0.0004,0.0002,7.7405,0.0002,0.0298,0.0589,0.0003,0.0626,0.059
39900,0.0004,0.0004,7.8021,0.0002,0.0297,0.059,0.0003,0.0626,0.0588
39950,0.0004,0.0002,8.0229,0.0002,0.0298,0.059,0.0008,0.0628,0.0589
40000,0.0004,0.0001,7.7038,0.0003,0.03,0.065,0.0004,0.0629,0.0591
40050,0.0003,0.0002,8.1793,0.0002,0.0307,0.0605,0.0004,0.0643,0.0604
40100,0.0004,0.0003,8.3443,0.0003,0.0672,0.0607,0.0003,0.0645,0.0606
40150,0.0004,0.0001,7.658,0.0002,0.0302,0.0592,0.0002,0.0629,0.0815
40200,0.0004,0.0001,8.8969,0.0002,0.0308,0.0608,0.0004,0.1001,0.0607
40250,0.0004,0.0002,7.6895,0.0002,0.0308,0.0608,0.0004,0.0647,0.0607
40300,0.0004,0.0005,8.1379,0.0002,0.0309,0.0609,0.0003,0.0649,0.0744
40350,0.0003,0.0003,8.3068,0.0003,0.0309,0.0609,0.0003,0.0648,0.061
40400,0.0003,0.0004,8.0232,0.0002,0.0302,0.1158,0.0003,0.0784,0.1177
40450,0.0007,0.0005,7.775,0.0002,0.0303,0.0597,0.0004,0.0634,0.0596
40500,0.0008,0.0003,8.3205,0.0001,0.0311,0.0612,0.0003,0.0652,0.0612
40550,0.0004,0.0002,8.0269,0.0004,0.0309,0.0956,0.0004,0.0995,0.0612
40600,0.0004,0.0006,8.0814,0.0003,0.0314,0.0615,0.0003,0.0653,0.0615
40650,0.0004,0.0002,8.185,0.0003,0.031,0.0614,0.0003,0.0652,0.0614
40700,0.0004,0.0001,7.7058,0.0002,0.031,0.0615,0.0003,0.065,0.0615
40750,0.0003,0.0002,7.7964,0.0002,0.0313,0.0619,0.0002,0.0655,0.0616
40800,0.0004,0.0002,8.4293,0.0002,0.0518,0.0958,0.0003,0.0783,0.096
40850,0.0003,0.0002,7.6978,0.0003,0.0312,0.0617,0.0004,0.0656,0.0617
40900,0.0003,0.0001,8.1901,0.0003,0.0311,0.0619,0.0003,0.0658,0.0665
40950,0.0004,0.0003,7.936,0.0002,0.0515,0.0962,0.0003,0.162,0.0708
41000,0.0004,0.0003,7.7299,0.0006,0.0313,0.0621,0.0003,0.0659,0.062
41050,0.0005,0.0003,8.6702,0.0002,0.0515,0.0621,0.0003,0.1004,0.097
41100,0.0004,0.0002,7.744,0.0003,0.0313,0.0622,0.0003,0.0661,0.0621
41150,0.0004,0.0003,7.7917,0.0002,0.0314,0.0621,0.0003,0.0664,0.0621
41200,0.0003,0.0003,9.1977,0.0002,0.0323,0.0628,0.0003,0.0816,0.1304
41250,0.0003,0.0003,8.0413,0.0002,0.0301,0.0595,0.0002,0.0633,0.0595
41300,0.0004,0.0004,8.3516,0.0002,0.0317,0.0969,0.0003,0.0795,0.0596
41350,0.0004,0.0002,8.763,0.0002,0.0318,0.0625,0.0003,0.0665,0.0625
41400,0.0004,0.0006,7.8864,0.0003,0.0334,0.0597,0.0003,0.0635,0.0597
41450,0.0004,0.0004,8.4989,0.0002,0.0305,0.0599,0.0003,0.0635,0.0597
41500,0.0004,0.0002,8.1534,0.0002,0.0306,0.0605,0.0003,0.0644,0.0604
41550,0.0217,0.0001,8.1206,0.0002,0.0318,0.0629,0.0004,0.0667,0.0627
41600,0.0004,0.0004,9.0337,0.0002,0.0319,0.0629,0.0003,0.0669,0.066
41650,0.0004,0.0003,8.035,0.0002,0.0319,0.0629,0.0003,0.0669,0.0629
41700,0.0004,0.0001,8.0111,0.0003,0.0385,0.0624,0.0003,0.0658,0.0617
41750,0.0003,0.0002,8.1871,0.0002,0.0317,0.0631,0.0005,0.0671,0.063
41800,0.0004,0.0005,9.1555,0.0002,0.0336,0.0975,0.0004,0.1024,0.1329
41850,0.0004,0.0001,7.9448,0.0002,0.0319,0.0633,0.0002,0.0673,0.0633
41900,0.0003,0.0001,8.343,0.0003,0.0313,0.0619,0.0002,0.0662,0.0618
41950,0.0003,0.0002,8.9447,0.0003,0.0733,0.0772,0.0004,0.1189,0.0906
42000,0.0011,0.0004,8.0507,0.0002,0.0313,0.0622,0.0003,0.0878,0.0987
42050,0.0004,0.0002,8.2836,0.0004,0.0529,0.078,0.0003,0.068,0.0626
42100,0.0003,0.0003,8.3768,0.0002,0.0321,0.0984,0.0003,0.1085,0.0636
42150,0.0003,0.0002,8.4061,0.0002,0.0315,0.0846,0.0003,0.0683,0.0645
42200,0.0004,0.0006,8.7669,0.0002,0.0315,0.0623,0.0003,0.0663,0.0819
42250,0.0004,0.0002,10.4483,0.0002,0.0323,0.0639,0.0003,0.0676,0.0639
42300,0.0004,0.0002,8.5009,0.0003,0.0331,0.0641,0.0003,0.0775,0.064
42350,0.0003,0.0002,9.0309,0.0002,0.0326,0.0709,0.0004,0.0686,0.0727
42400,0.0004,0.0002,10.396,0.0002,0.033,0.0649,0.0004,0.0689,0.0647
42450,0.0004,0.0002,8.6404,0.0002,0.0326,0.0642,0.0003,0.0683,0.0642
42500,0.0004,0.0003,8.2873,0.0002,0.0476,0.0629,0.0003,0.0667,0.0626
42550,0.0003,0.0005,8.753,0.0002,0.0327,0.0628,0.0002,0.0667,0.0629
42600,0.0004,0.0003,8.9077,0.0002,0.0325,0.0644,0.0003,0.0682,0.0644
42650,0.0003,0.0002,8.1608,0.0002,0.0317,0.0632,0.0004,0.0671,0.1399
42700,0.0004,0.0003,8.3879,0.0003,0.0317,0.063,0.0002,0.0671,0.0629
42750,0.0004,0.0002,8.5398,0.0002,0.032,0.0631,0.0003,0.0669,0.0631
42800,0.0004,0.0002,8.5169,0.0004,0.0396,0.0772,0.0004,0.086,0.0799
42850,0.0004,0.0002,8.4472,0.0002,0.0327,0.0649,0.0002,0.0687,0.0647
42900,0.0005,0.0003,8.6457,0.0002,0.0329,0.0786,0.0003,0.0672,0.0633
42950,0.0003,0.0001,8.3822,0.0002,0.0321,0.0635,0.0003,0.0687,0.0634
43000,0.0005,0.0001,8.6586,0.0002,0.0332,0.0669,0.0003,0.0714,0.0677
43050,0.0004,0.0001,8.9128,0.0002,0.0329,0.0651,0.0003,0.0692,0.066
43100,0.0003,0.0005,9.344,0.0002,0.0332,0.0652,0.0002,0.0745,0.0652
43150,0.0003,0.0001,8.7884,0.0002,0.0385,0.0653,0.0003,0.0693,0.0652
43200,0.0004,0.0005,8.2436,0.0002,0.033,0.0654,0.0003,0.0692,0.0654
43250,0.0003,0.0001,8.8135,0.0002,0.0333,0.0654,0.0003,0.0705,0.0659
43300,0.0003,0.0003,8.1969,0.0003,0.0331,0.0656,0.0002,0.0694,0.0655
43350,0.0003,0.0003,8.378,0.0002,0.0324,0.0641,0.0003,0.068,0.064
43400,0.0003,0.0002,8.9297,0.0002,0.0332,0.0656,0.0002,0.0697,0.0656
43450,0.0004,0.0002,8.3891,0.0002,0.0479,0.0902,0.0003,0.0843,0.0639
43500,0.0004,0.0003,8.4712,0.0002,0.0697,0.0806,0.0003,0.0905,0.081
43550,0.0003,0.0002,8.2396,0.0003,0.034,0.0669,0.0004,0.0713,0.0661
43600,0.0004,0.0003,8.7889,0.0003,0.0563,0.0853,0.0006,0.0896,0.0777
43650,0.0005,0.0007,8.6328,0.0002,0.0325,0.0645,0.0003,0.0685,0.0669
43700,0.0003,0.0001,9.7701,0.0002,0.0327,0.0646,0.0003,0.0685,0.0673
43750,0.0003,0.0001,8.7562,0.0002,0.0326,0.0646,0.0002,0.0689,0.0645
43800,0.0004,0.0002,8.624,0.0002,0.0326,0.0647,0.0003,0.0687,0.0649
43850,0.0009,0.0005,13.6782,0.0003,0.0336,0.0663,0.0003,0.0704,0.0662
43900,0.0003,0.0157,8.7016,0.0003,0.0329,0.0648,0.0003,0.0688,0.0702
43950,0.0003,0.0001,8.4645,0.0004,0.0336,0.0664,0.0002,0.0706,0.0666
44000,0.0003,0.0003,8.4633,0.0002,0.0335,0.0665,0.0003,0.0704,0.0664
44050,0.0004,0.0001,8.9555,0.0002,0.0337,0.0666,0.0002,0.0708,0.0665
44100,0.0003,0.0002,8.3783,0.0002,0.0337,0.0667,0.0002,0.0708,0.0666
44150,0.0004,0.0006,8.6138,0.0002,0.0337,0.0667,0.0003,0.071,0.0669
44200,0.0004,0.0002,8.5582,0.0002,0.0337,0.0668,0.0002,0.0708,0.0668
44250,0.0003,0.0008,8.408,0.0002,0.0338,0.0669,0.0002,0.0713,0.0669
44300,0.0003,0.0002,8.7948,0.0003,0.0338,0.067,0.0004,0.0711,0.067
44350,0.0005,0.0002,8.8914,0.0002,0.0331,0.0654,0.0003,0.0695,0.0654
44400,0.0004,0.0002,8.8234,0.0002,0.0344,0.0694,0.0002,0.0715,0.067
44450,0.0004,0.0002,8.4026,0.0002,0.0341,0.0678,0.0003,0.072,0.0676
44500,0.0006,0.0003,8.9571,0.0003,0.0985,0.0802,0.0004,0.0744,0.0692
44550,0.0006,0.0006,8.8347,0.0005,0.034,0.0673,0.0003,0.0727,0.0673
44600,0.0004,0.0001,9.1134,0.0003,0.0428,0.0675,0.0003,0.0861,0.1007
44650,0.0003,0.0001,9.0339,0.0002,0.034,0.0675,0.0003,0.0716,0.0675
44700,0.0003,0.0001,9.0044,0.0002,0.0341,0.0676,0.0003,0.0717,0.0675
44750,0.0004,0.0002,8.4976,0.0002,0.0343,0.0687,0.0003,0.0854,0.0691
44800,0.0004,0.0001,8.5367,0.0002,0.0341,0.0677,0.0003,0.0719,0.0677
44850,0.0004,0.0002,8.4993,0.0003,0.0342,0.0678,0.0003,0.0846,0.065
44900,0.0003,0.0002,10.0072,0.0002,0.0343,0.0679,0.0005,0.0723,0.0686
44950,0.0004,0.0001,8.6407,0.0002,0.0342,0.1229,0.0003,0.1064,0.1168
45000,0.0004,0.0002,8.6003,0.0002,0.0343,0.0682,0.0004,0.086,0.0853
45050,0.0007,0.0008,9.5509,0.0002,0.0344,0.068,0.0003,0.0721,0.068
45100,0.0004,0.0002,8.9898,0.0002,0.0345,0.0682,0.0003,0.0727,0.0687
45150,0.0003,0.0002,8.6262,0.0002,0.0344,0.0683,0.0003,0.0726,0.0695
45200,0.0004,0.0004,8.639,0.0002,0.0345,0.0683,0.0003,0.0726,0.0683
45250,0.0004,0.0005,9.3871,0.0002,0.0346,0.0684,0.0003,0.0729,0.0684
45300,0.0004,0.0002,8.6312,0.0002,0.0344,0.0685,0.0003,0.0729,0.0684
45350,0.0004,0.0002,9.1406,0.0005,0.0451,0.0852,0.0005,0.0979,0.0857
45400,0.0005,0.0004,8.8319,0.0002,0.0339,0.0878,0.0002,0.087,0.1245
45450,0.0004,0.0001,9.09,0.0002,0.0347,0.0688,0.0002,0.0731,0.0686
45500,0.0003,0.0002,9.491,0.0002,0.034,0.0671,0.0003,0.0714,0.0671
45550,0.0003,0.0002,8.949,0.0002,0.034,0.0672,0.0003,0.0716,0.0672
45600,0.0005,0.0005,8.7535,0.0005,0.0347,0.069,0.0003,0.0733,0.0688
45650,0.0004,0.0002,9.276,0.0002,0.035,0.069,0.0003,0.0744,0.0689
45700,0.0003,0.0003,10.0985,0.0002,0.0351,0.071,0.0004,0.0736,0.0689
45750,0.0004,0.0002,9.1638,0.0003,0.0351,0.0692,0.0003,0.0735,0.0693
45800,0.0004,0.0006,9.251,0.0002,0.0341,0.0676,0.0003,0.0721,0.0675
45850,0.0004,0.0002,9.1374,0.0002,0.035,0.0694,0.0003,0.0738,0.0692
45900,0.0004,0.0002,9.5922,0.0002,0.0352,0.0693,0.0003,0.0739,0.0693
45950,0.0004,0.0002,9.6037,0.0001,0.0352,0.0833,0.0003,0.0721,0.1152
46000,0.0003,0.0003,8.7193,0.0002,0.0353,0.0698,0.0003,0.074,0.0694
46050,0.0004,0.0002,9.2515,0.0002,0.0354,0.0696,0.0002,0.074,0.0696
46100,0.0003,0.0004,8.8335,0.0003,0.0352,0.0697,0.0003,0.0741,0.0695
46150,0.0004,0.0002,8.7954,0.0002,0.0343,0.0681,0.0003,0.0724,0.068
46200,0.0005,0.0001,9.248,0.0003,0.0344,0.0682,0.0006,0.0724,0.0714
46250,0.0003,0.0002,10.0362,0.0002,0.0346,0.0685,0.0003,0.0723,0.0684
46300,0.0003,0.0009,9.2379,0.0002,0.0358,0.0701,0.0003,0.0743,0.0699
46350,0.0004,0.0002,8.9658,0.0002,0.0346,0.0684,0.0003,0.0726,0.0885
46400,0.0004,0.0004,9.4523,0.0002,0.0346,0.1715,0.0003,0.073,0.0694
46450,0.0004,0.0003,10.073,0.0002,0.0346,0.0684,0.0003,0.0726,0.0685
46500,0.0003,0.0002,9.4533,0.0002,0.0374,0.0685,0.0003,0.0729,0.0685
46550,0.0004,0.0002,9.376,0.0002,0.036,0.0801,0.0004,0.0836,0.0706
46600,0.0008,0.0003,11.1988,0.0002,0.119,0.1836,0.0004,0.1001,0.1186
46650,0.0004,0.0006,8.8521,0.0003,0.0356,0.0705,0.0003,0.075,0.0705
46700,0.0004,0.0002,8.9304,0.0003,0.0358,0.0707,0.0002,0.0746,0.0705
46750,0.0004,0.0002,10.3206,0.0002,0.0357,0.0707,0.0003,0.0748,0.0706
46800,0.0004,0.0002,8.915,0.0003,0.036,0.0708,0.0003,0.0752,0.0709
46850,0.0004,0.0005,8.8523,0.0002,0.0358,0.0724,0.0003,0.089,0.0691
46900,0.0004,0.0001,9.9431,0.0002,0.0349,0.0692,0.0002,0.0737,0.0691
46950,0.0004,0.0001,9.5392,0.0003,0.0435,0.0841,0.0004,0.0917,0.0804
47000,0.0004,0.0004,8.9516,0.0002,0.036,0.0711,0.0002,0.0755,0.0711
47050,0.0004,0.0003,8.9013,0.0002,0.0359,0.0711,0.0003,0.0756,0.0711
47100,0.0004,0.0003,10.5102,0.0002,0.036,0.0743,0.0003,0.0756,0.0711
47150,0.0004,0.0002,9.4264,0.0002,0.0364,0.0716,0.0005,0.0761,0.0718
47200,0.0004,0.0002,8.9263,0.0003,0.0361,0.0722,0.0003,0.076,0.0782
47250,0.0004,0.0003,8.9274,0.0002,0.0362,0.0714,0.0003,0.0775,0.0714
47300,0.0004,0.0004,9.1999,0.0002,0.0352,0.0708,0.0003,0.0741,0.0698
47350,0.0004,0.0002,9.5544,0.0002,0.0352,0.0699,0.0003,0.0743,0.091
47400,0.0003,0.0002,9.5525,0.0002,0.0352,0.07,0.0002,0.0742,0.07
47450,0.0005,0.0005,9.6563,0.0002,0.0362,0.0718,0.0003,0.0764,0.0717
47500,0.0003,0.0002,9.8942,0.0002,0.0347,0.0903,0.0003,0.1016,0.111
47550,0.0004,0.0002,9.1916,0.0002,0.0345,0.0686,0.0003,0.0934,0.084
47600,0.0004,0.0003,9.3057,0.0003,0.0367,0.072,0.0006,0.0857,0.0868
47650,0.0007,0.0005,9.9933,0.0001,0.0347,0.0688,0.0003,0.0729,0.0687
47700,0.0004,0.0001,9.4967,0.0002,0.0365,0.0874,0.0003,0.1148,0.0689
47750,0.0009,0.0003,11.3642,0.0003,0.0572,0.1431,0.0004,0.0996,0.0874
47800,0.0004,0.0008,9.1293,0.0002,0.0365,0.0722,0.0004,0.0765,0.0722
47850,0.0004,0.0003,10.4082,0.0002,0.0505,0.2006,0.0003,0.1944,0.188
47900,0.0005,0.0003,9.2447,0.0002,0.0357,0.0708,0.0003,0.075,0.1063
47950,0.0008,0.0005,9.7075,0.0002,0.0357,0.0708,0.0002,0.075,0.0707
48000,0.0004,0.0002,9.778,0.0003,0.0366,0.0726,0.0003,0.077,0.0725
48050,0.0004,0.0001,9.5937,0.0002,0.0359,0.0784,0.0003,0.1112,0.0728
48100,0.0003,0.0003,10.9976,0.0002,0.0361,0.0712,0.0003,0.0758,0.0709
48150,0.0006,0.0002,9.4276,0.0003,0.036,0.0715,0.0003,0.0758,0.0712
48200,0.0003,0.0003,9.2723,0.0002,0.0367,0.0728,0.0003,0.0772,0.0727
48250,0.0003,0.0004,9.8919,0.0003,0.0384,0.0737,0.0003,0.0774,0.073
48300,0.0003,0.0006,9.7848,0.0002,0.0359,0.0713,0.0002,0.0758,0.0712
48350,0.0004,0.0001,9.4152,0.0002,0.0359,0.0714,0.0002,0.0756,0.0713
48400,0.0004,0.0006,9.4169,0.0003,0.0362,0.0715,0.0003,0.0761,0.0714
48450,0.0003,0.0001,10.5313,0.0002,0.0371,0.0745,0.0003,0.0776,0.0731
48500,0.0004,0.0004,10.0616,0.0001,0.0362,0.0716,0.0003,0.0758,0.0715
48550,0.0003,0.0002,10.8384,0.0003,0.0363,0.0728,0.0002,0.0762,0.0717
48600,0.0005,0.0002,9.7106,0.0003,0.0479,0.0941,0.0004,0.1353,0.099
48650,0.0004,0.0002,9.4736,0.0002,0.058,0.0864,0.0003,0.0767,0.0939
48700,0.0004,0.0005,9.7251,0.0002,0.0364,0.072,0.0004,0.1124,0.0719
48750,0.0003,0.0002,9.4633,0.0002,0.0363,0.0719,0.0003,0.0762,0.0729
48800,0.0004,0.0002,9.4618,0.0002,0.0364,0.072,0.0003,0.0766,0.072
48850,0.0004,0.0002,9.7923,0.0006,0.0474,0.0744,0.0004,0.0787,0.0806
48900,0.0004,0.0003,9.646,0.0002,0.0365,0.0721,0.0002,0.0768,0.0721
48950,0.0003,0.0003,9.6083,0.0002,0.0373,0.074,0.0003,0.0785,0.0739
49000,0.0003,0.0001,9.4136,0.0002,0.0374,0.074,0.0003,0.0791,0.0809
49050,0.0004,0.0001,9.5612,0.0002,0.0377,0.0742,0.0004,0.0787,0.0741
49100,0.0003,0.0003,9.4901,0.0003,0.0508,0.0725,0.0003,0.0985,0.0742
49150,0.0004,0.0008,9.8128,0.0002,0.0367,0.0952,0.0004,0.1161,0.0742
49200,0.0004,0.0001,12.5653,0.0003,0.0376,0.0744,0.0003,0.079,0.0742
49250,0.0004,0.0002,9.953,0.0002,0.0367,0.0727,0.0003,0.0772,0.11
49300,0.0004,0.0005,9.7432,0.0002,0.0377,0.0747,0.0004,0.0788,0.0746
49350,0.0004,0.0002,9.9602,0.0002,0.0378,0.0746,0.0002,0.0794,0.0746
49400,0.0004,0.0002,9.4319,0.0002,0.0376,0.0747,0.0003,0.0795,0.0746
49450,0.0003,0.0004,9.3571,0.0003,0.0368,0.077,0.0002,0.0775,0.0729
49500,0.0003,0.0001,10.5071,0.0002,0.0377,0.0748,0.0003,0.0929,0.073
49550,0.0003,0.0001,9.4393,0.0002,0.0379,0.0749,0.0003,0.0794,0.0748
49600,0.0004,0.0002,9.3834,0.0002,0.037,0.0734,0.0003,0.0779,0.0733
49650,0.0004,0.0002,9.988,0.0003,0.0917,0.2137,0.0005,0.1476,0.109
49700,0.0006,0.0006,9.884,0.0002,0.037,0.0734,0.0002,0.0778,0.0733
49750,0.0003,0.0004,12.246,0.0002,0.0372,0.0733,0.0003,0.078,0.0734
49800,0.0004,0.0002,9.823,0.0002,0.037,0.0735,0.0026,0.0781,0.0734
49850,0.0004,0.0002,11.2993,0.0001,0.0373,0.0737,0.0003,0.0781,0.0752
49900,0.0005,0.0004,9.565,0.0001,0.0384,0.0907,0.0003,0.0983,0.0901
49950,0.0004,0.0003,9.4891,0.0002,0.0381,0.0755,0.0002,0.08,0.0755
50000,0.0004,0.0003,10.9117,0.0002,0.0386,0.0755,0.0003,0.0803,0.0755
