7e-07,2e-07,1e-07,2e-07,3e-07,2e-07,1e-07,3e-07,2e-073e-07,2e-07
3e-07,2e-07,1e-07,1e-07,2e-07,2e-07,1e-07,4e-07,3e-074e-07,3e-07
3e-07,2e-07,2e-07,2e-07,2e-07,3e-07,1e-07,5e-07,4e-075e-07,4e-07
2e-07,1e-07,1e-07,1e-07,3e-07,5e-07,1e-07,5e-07,5e-075e-07,5e-07
2e-07,2e-07,2e-07,2e-07,3e-07,5e-07,2e-07,6e-07,5e-076e-07,5e-07
2e-07,1e-07,1e-07,1e-07,4e-07,5e-07,1e-07,7e-07,6e-077e-07,6e-07
2e-07,2e-07,2e-07,2e-07,4e-07,6e-07,1e-07,7e-07,7e-077e-07,7e-07
3e-07,1e-07,1e-07,1e-07,4e-07,7e-07,1e-07,8e-07,7e-078e-07,7e-07
3e-07,2e-07,1e-07,2e-07,5e-07,8e-07,2e-07,9e-07,8e-079e-07,8e-07
3e-07,2e-07,2e-07,2e-07,5e-07,8e-07,1e-07,9e-07,9e-079e-07,9e-07
2e-07,2e-07,2e-07,2e-07,4e-07,8e-07,1e-07,1e-06,9e-071e-06,9e-07
3e-07,1e-07,1e-07,1e-07,1.8e-06,1.2e-06,2e-07,1.3e-06,1.1e-061.3e-06,1.1e-06
2e-07,1e-07,1e-07,1e-07,6e-07,1.1e-06,2e-07,1.2e-06,1.1e-061.2e-06,1.1e-06
3e-07,1e-07,1e-07,1e-07,7e-07,1.1e-06,2e-07,1.2e-06,1.1e-061.2e-06,1.1e-06
3e-07,1e-07,1e-07,1e-07,6e-07,1.2e-06,1e-07,1.4e-06,1.2e-061.4e-06,1.2e-06
2e-07,2e-07,2e-07,2e-07,7e-07,1.3e-06,1e-07,1.4e-06,1.3e-061.4e-06,1.3e-06
3e-07,2e-07,2e-07,1e-07,7e-07,1.3e-06,1e-07,1.5e-06,1.3e-061.5e-06,1.3e-06
3e-07,2e-07,2e-07,2e-07,8e-07,6e-07,1e-07,1.5e-06,1.6e-061.5e-06,1.6e-06
3e-07,1e-07,1e-07,1e-07,8e-07,1.5e-06,2e-07,1.7e-06,1.5e-061.7e-06,1.5e-06
2e-07,1e-07,1e-07,1e-07,5e-07,1.6e-06,1e-07,1.7e-06,1.6e-061.7e-06,1.6e-06
2e-07,2e-07,2e-07,2e-07,9e-07,1.7e-06,2e-07,1.8e-06,1.6e-061.8e-06,1.6e-06
3e-07,1e-07,1e-07,1e-07,9e-07,1.6e-06,1e-07,1.9e-06,1.7e-061.9e-06,1.7e-06
3e-07,1e-07,1e-07,1e-07,9e-07,1.7e-06,1e-07,1.9e-06,1.8e-061.9e-06,1.8e-06
2e-07,1e-07,1e-07,1e-07,1e-06,1.8e-06,1e-07,2e-06,1.9e-062e-06,1.9e-06
2e-07,1e-07,1e-07,2e-07,1e-06,1.9e-06,1e-07,2e-06,1.9e-062e-06,1.9e-06
3e-07,2e-07,1e-07,2e-07,1e-06,1.9e-06,1e-07,2.1e-06,1.9e-062.1e-06,1.9e-06
2e-07,1e-07,1e-07,2e-07,5e-07,2.1e-06,1e-07,2.5e-06,2.2e-062.5e-06,2.2e-06
2e-07,2e-07,1e-07,2e-07,1.2e-06,2.1e-06,1e-07,2.3e-06,2.1e-062.3e-06,2.1e-06
2e-07,1e-07,1e-07,1e-07,1.2e-06,2.1e-06,1e-07,2.4e-06,2.2e-062.4e-06,2.2e-06
2e-07,2e-07,2e-07,2e-07,1.2e-06,2.2e-06,1e-07,2.4e-06,2.2e-062.4e-06,2.2e-06
1.49e-05,1e-07,1e-07,1e-07,1.2e-06,8e-07,1e-07,2.5e-06,2.5e-062.5e-06,2.5e-06
3e-07,2e-07,2e-07,2e-07,4e-07,7e-07,2e-07,2.9e-06,2.7e-062.9e-06,2.7e-06
3e-07,1e-07,1e-07,1e-07,1.3e-06,2.5e-06,2e-07,2.7e-06,2.4e-062.7e-06,2.4e-06
2e-07,1e-07,1e-07,1e-07,1.3e-06,2.5e-06,1e-07,2.7e-06,2.5e-062.7e-06,2.5e-06
2e-07,1e-07,1e-07,1e-07,2e-07,2.6e-06,1e-07,2.9e-06,2.6e-062.9e-06,2.6e-06
2e-07,1e-07,1e-07,1e-07,1.4e-06,7e-07,1e-07,2.8e-06,2.9e-062.8e-06,2.9e-06
2e-07,2e-07,1e-07,2e-07,1.4e-06,2.7e-06,2e-07,2.9e-06,2.7e-062.9e-06,2.7e-06
3e-07,1e-07,1e-07,2e-07,1e-06,2.8e-06,1e-07,3.1e-06,2.8e-063.1e-06,2.8e-06
3e-07,1e-07,2e-07,2e-07,1.67e-05,1.3e-06,1e-07,3.1e-06,3.1e-063.1e-06,3.1e-06
2e-07,2e-07,1e-07,1e-07,1.5e-06,2.9e-06,1e-07,3.1e-06,2.9e-063.1e-06,2.9e-06
3e-07,1e-07,1e-07,2e-07,1.7e-06,3.1e-06,2e-07,4.4e-06,3.1e-064.4e-06,3.1e-06
2e-07,1e-07,1e-07,1e-07,1.6e-06,3e-06,1e-07,3.3e-06,3.1e-063.3e-06,3.1e-06
2e-07,1e-07,1e-07,1e-07,1.5e-06,3.1e-06,1e-07,3.4e-06,3.1e-063.4e-06,3.1e-06
2e-07,2e-07,2e-07,2e-07,1.7e-06,3.2e-06,1e-07,3.4e-06,3.2e-063.4e-06,3.2e-06
3e-07,2e-07,2e-07,2e-07,1.8e-06,2.4e-06,1e-07,3.5e-06,3.4e-063.5e-06,3.4e-06
3e-07,2e-07,2e-07,2e-07,1.6e-06,1.2e-06,1e-07,3.6e-06,3.7e-063.6e-06,3.7e-06
2e-07,2e-07,2e-07,2e-07,1.7e-06,3.4e-06,1e-07,3.7e-06,3.5e-063.7e-06,3.5e-06
3e-07,1e-07,1e-07,1e-07,2.49e-05,1.7e-06,2e-07,3.9e-06,4e-063.9e-06,4e-06
3e-07,1e-07,1e-07,1e-07,1.9e-06,3.6e-06,1e-07,3.8e-06,3.6e-063.8e-06,3.6e-06
3e-07,1e-07,2e-07,2e-07,2e-06,1.3e-06,1e-07,3.9e-06,4e-063.9e-06,4e-06
3e-07,1e-07,1e-07,1e-07,2e-06,1.6e-06,1e-07,1.83e-05,3.9e-061.83e-05,3.9e-06
3e-07,2e-07,2e-07,2e-07,2e-06,1.7e-06,1e-07,4e-06,4e-064e-06,4e-06
2e-07,1e-07,1e-07,1e-07,2e-06,3.9e-06,2e-07,4.1e-06,3.8e-064.1e-06,3.8e-06
3e-07,2e-07,2e-07,2e-07,2.1e-06,3.9e-06,1e-07,4.1e-06,5.4e-064.1e-06,5.4e-06
3e-07,2e-07,2e-07,2e-07,2.1e-06,4e-06,1e-07,4.2e-06,4e-064.2e-06,4e-06
3e-07,2e-07,2e-07,2e-07,2.1e-06,9e-07,1e-07,2.55e-05,4.8e-062.55e-05,4.8e-06
3e-07,1e-07,1e-07,2e-07,2.3e-06,4.4e-06,1e-07,4.7e-06,4.4e-064.7e-06,4.4e-06
3e-07,2e-07,1e-07,2e-07,9e-07,5.4e-06,1e-07,6.7e-06,5.5e-066.7e-06,5.5e-06
2e-07,2e-07,2e-07,2e-07,2.2e-06,4.3e-06,1e-07,4.7e-06,4.4e-064.7e-06,4.4e-06
3e-07,2e-07,1e-07,2e-07,2.5e-06,4.6e-06,1e-07,5e-06,4.6e-065e-06,4.6e-06
2e-07,1e-07,1e-07,2e-07,2.4e-06,3.7e-06,1e-07,4.9e-06,4.6e-064.9e-06,4.6e-06
3e-07,2e-07,2e-07,2e-07,8e-07,4.6e-06,1e-07,5.1e-06,4.6e-065.1e-06,4.6e-06
2e-07,1e-07,1e-07,1e-07,2.4e-06,2.6e-06,1e-07,5e-06,5e-065e-06,5e-06
2e-07,1e-07,1e-07,1e-07,2.4e-06,2.6e-06,1e-07,5.1e-06,5.1e-065.1e-06,5.1e-06
3e-07,1e-07,2e-07,2e-07,2.5e-06,4.8e-06,1e-07,5.1e-06,4.8e-065.1e-06,4.8e-06
2e-07,2e-07,1e-07,1e-07,2.5e-06,5e-07,1e-07,5.2e-06,5.3e-065.2e-06,5.3e-06
3e-07,2e-07,2e-07,1e-07,2e-07,8e-07,1e-07,5.7e-06,5.6e-065.7e-06,5.6e-06
2e-07,2e-07,1e-07,1e-07,2.8e-06,5.2e-06,2e-07,5.6e-06,5.3e-065.6e-06,5.3e-06
5e-07,1e-07,2e-07,3e-07,2.7e-06,7e-07,2e-07,5.7e-06,5.9e-065.7e-06,5.9e-06
2e-07,2e-07,2e-07,1e-07,2.8e-06,2.3e-06,1e-07,5.8e-06,5.9e-065.8e-06,5.9e-06
2e-07,1e-07,2e-07,2e-07,1.4e-06,1.6e-06,1e-07,6.1e-06,6e-066.1e-06,6e-06
3e-07,1e-07,1e-07,2e-07,2.8e-06,4.2e-06,1e-07,6e-06,5.8e-066e-06,5.8e-06
3e-07,1e-07,1e-07,2e-07,2.5e-06,1.9e-06,2e-07,6.2e-06,6.2e-066.2e-06,6.2e-06
3e-07,1e-07,2e-07,2e-07,1.1e-06,5.3e-06,1e-07,6.2e-06,5.8e-066.2e-06,5.8e-06
3e-07,2e-07,1e-07,1e-07,2.5e-06,5.7e-06,1e-07,6.3e-06,5.8e-066.3e-06,5.8e-06
2e-07,1e-07,2e-07,1e-07,3e-06,9e-07,2e-07,6.2e-06,6.4e-066.2e-06,6.4e-06
3e-07,1e-07,2e-07,2e-07,1.2e-06,5.9e-06,2e-07,6.6e-06,5.9e-066.6e-06,5.9e-06
4e-07,2e-07,1e-07,1e-07,3.1e-06,6e-06,2e-07,6.4e-06,6e-066.4e-06,6e-06
3e-07,2e-07,1e-07,2e-07,1.8e-06,6.1e-06,1e-07,6.6e-06,6.1e-066.6e-06,6.1e-06
2e-07,2e-07,1e-07,1e-07,3.2e-06,6.1e-06,2e-07,6.7e-06,6.1e-066.7e-06,6.1e-06
3e-07,2e-07,1e-07,2e-07,3.2e-06,2.2e-06,1e-07,6.6e-06,6.8e-066.6e-06,6.8e-06
3e-07,2e-07,1e-07,2e-07,3.3e-06,3e-07,2e-07,6.7e-06,7e-066.7e-06,7e-06
2e-07,2e-07,1e-07,2e-07,3.3e-06,1.9e-06,2e-07,6.7e-06,6.8e-066.7e-06,6.8e-06
2e-07,2e-07,1e-07,1e-07,5e-07,6e-06,2e-07,7.1e-06,6.6e-067.1e-06,6.6e-06
2e-07,2e-07,1e-07,1e-07,2.1e-06,6.5e-06,1e-07,7.1e-06,6.6e-067.1e-06,6.6e-06
3e-07,2e-07,1e-07,2e-07,3.5e-06,3.2e-06,2e-07,7e-06,7e-067e-06,7e-06
3e-07,1e-07,1e-07,2e-07,3.5e-06,6.8e-06,1e-07,7.1e-06,6.7e-067.1e-06,6.7e-06
3e-07,1e-07,2e-07,1e-07,2e-06,6.7e-06,2e-07,7.4e-06,6.7e-067.4e-06,6.7e-06
3e-07,1e-07,1e-07,2e-07,4e-07,6.8e-06,1e-07,7.7e-06,6.9e-067.7e-06,6.9e-06
3e-07,2e-07,1e-07,1e-07,3.6e-06,5.2e-06,1e-07,7.3e-06,7.1e-067.3e-06,7.1e-06
3e-07,2e-07,1e-07,1e-07,3.7e-06,5.9e-06,1e-07,7.4e-06,7.1e-067.4e-06,7.1e-06
3e-07,2e-07,1e-07,2e-07,3.6e-06,2.4e-06,1e-07,7.4e-06,7.6e-067.4e-06,7.6e-06
3e-07,2e-07,1e-07,1e-07,3.8e-06,1e-06,1e-07,7.6e-06,7.9e-067.6e-06,7.9e-06
3e-07,1e-07,2e-07,1e-07,1.5e-06,1.9e-06,2e-07,8e-06,7.6e-068e-06,7.6e-06
3e-07,2e-07,1e-07,2e-07,3.7e-06,5.8e-06,1e-07,7.7e-06,7.4e-067.7e-06,7.4e-06
3e-07,2e-07,1e-07,2e-07,1.7e-06,7.4e-06,1e-07,8.2e-06,7.3e-068.2e-06,7.3e-06
3e-07,1e-07,1e-07,2e-07,3.9e-06,1.4e-06,1e-07,7.9e-06,8.2e-067.9e-06,8.2e-06
3e-07,2e-07,1e-07,2e-07,4e-06,7.5e-06,2e-07,8e-06,7.5e-068e-06,7.5e-06
3e-07,2e-07,1e-07,2e-07,3.6e-06,2.7e-06,2e-07,8.2e-06,8.1e-068.2e-06,8.1e-06
3e-07,1e-07,2e-07,1e-07,4e-06,9e-07,1e-07,8.2e-06,8.4e-068.2e-06,8.4e-06
3e-07,2e-07,1e-07,2e-07,4e-06,7e-07,1e-07,8.2e-06,8.4e-068.2e-06,8.4e-06
3e-07,2e-07,1e-07,1e-07,3.8e-06,7.8e-06,1e-07,8.4e-06,7.8e-068.4e-06,7.8e-06
4e-07,2e-07,1e-07,2e-07,4e-06,7.9e-06,1e-07,2.21e-05,2.88e-052.21e-05,2.88e-05
3e-07,2e-07,1e-07,2e-07,3.9e-06,7.5e-06,2e-07,8e-06,7.6e-068e-06,7.6e-06
2e-07,1e-07,2e-07,2e-07,1.1e-06,6.9e-06,1e-07,8.4e-06,7.8e-068.4e-06,7.8e-06
3e-07,2e-07,1e-07,1e-07,4e-06,5.6e-06,1e-07,8.2e-06,7.9e-068.2e-06,7.9e-06
4e-07,3e-07,2e-07,2e-07,1.4e-06,7.9e-06,2e-07,1.18e-05,1.04e-051.18e-05,1.04e-05
3e-07,1e-07,1e-07,2e-07,4.3e-06,2.7e-06,1e-07,8.8e-06,9e-068.8e-06,9e-06
3e-07,2e-07,1e-07,2e-07,4.3e-06,8.3e-06,1e-07,8.9e-06,8.3e-068.9e-06,8.3e-06
3e-07,2e-07,1e-07,2e-07,4.3e-06,8.4e-06,1e-07,8.9e-06,8.4e-068.9e-06,8.4e-06
2e-07,2e-07,1e-07,1e-07,2.1e-06,8.4e-06,1e-07,9.3e-06,8.5e-069.3e-06,8.5e-06
3e-07,1e-07,2e-07,1e-07,4.4e-06,3.4e-06,2e-07,9.1e-06,9.1e-069.1e-06,9.1e-06
3e-07,2e-07,1e-07,1e-07,4.5e-06,7e-07,1e-07,9.2e-06,9.5e-069.2e-06,9.5e-06
3e-07,1e-07,1e-07,2e-07,4.4e-06,8.7e-06,1e-07,9.3e-06,8.7e-069.3e-06,8.7e-06
3e-07,2e-07,1e-07,2e-07,2e-07,1.7e-06,1e-07,9.8e-06,9.5e-069.8e-06,9.5e-06
2e-07,2e-07,1e-07,1e-07,3e-07,8.8e-06,2e-07,9.9e-06,8.9e-069.9e-06,8.9e-06
2e-07,2e-07,1e-07,1e-07,4.6e-06,8.9e-06,1e-07,9.4e-06,8.9e-069.4e-06,8.9e-06
3e-07,1e-07,1e-07,2e-07,1.9e-06,2.4e-06,2e-07,1.01e-05,9.8e-061.01e-05,9.8e-06
3e-07,2e-07,1e-07,1e-07,2.3e-06,1.4e-06,1e-07,1.01e-05,1e-051.01e-05,1e-05
3e-07,1e-07,1e-07,2e-07,1e-06,8.7e-06,1e-07,9.6e-06,8.7e-069.6e-06,8.7e-06
2e-07,2e-07,1e-07,1e-07,2e-06,6.8e-06,2e-07,9.6e-06,9.1e-069.6e-06,9.1e-06
2e-07,1e-07,1e-07,2e-07,4.6e-06,3.1e-06,2e-07,9.6e-06,9.6e-069.6e-06,9.6e-06
3e-07,2e-07,1e-07,1e-07,1.1e-06,5e-07,1e-07,1e-05,1e-051e-05,1e-05
3e-07,1e-07,1e-07,2e-07,4.2e-06,8e-07,2e-07,9.7e-06,9.9e-069.7e-06,9.9e-06
3e-07,1e-07,2e-07,2e-07,3.9e-06,4.8e-06,2e-07,1.02e-05,4.43e-051.02e-05,4.43e-05
3e-07,2e-07,2e-07,1e-07,2.4e-06,7.1e-06,2e-07,1.04e-05,9.9e-061.04e-05,9.9e-06
3e-07,1e-07,2e-07,1e-07,5e-06,2.7e-06,1e-07,1.04e-05,1.05e-051.04e-05,1.05e-05
2e-07,1e-07,1e-07,1e-07,5e-06,2e-07,1e-07,1.04e-05,1.09e-051.04e-05,1.09e-05
3e-07,2e-07,1e-07,1e-07,5e-06,9.8e-06,2e-07,1.05e-05,9.8e-061.05e-05,9.8e-06
3e-07,2e-07,1e-07,2e-07,5e-06,7e-06,1e-07,1.06e-05,1.03e-051.06e-05,1.03e-05
3e-07,2e-07,2e-07,2e-07,2.02e-05,3e-07,2e-07,1.34e-05,1.51e-051.34e-05,1.51e-05
3e-07,1e-07,2e-07,2e-07,4.5e-06,2.5e-06,1e-07,1.03e-05,1.03e-051.03e-05,1.03e-05
3e-07,1e-07,2e-07,2e-07,5.2e-06,8e-06,1e-07,1.09e-05,1.04e-051.09e-05,1.04e-05
3e-07,2e-07,2e-07,1e-07,4.9e-06,2e-07,2e-07,1.04e-05,1.1e-051.04e-05,1.1e-05
3e-07,2e-07,1e-07,1e-07,5.2e-06,3.1e-06,1e-07,1.1e-05,1.12e-051.1e-05,1.12e-05
3e-07,2e-07,2e-07,1e-07,2.4e-06,1.04e-05,1e-07,1.13e-05,1.04e-051.13e-05,1.04e-05
3e-07,1e-07,2e-07,2e-07,5.3e-06,6e-06,2e-07,1.11e-05,1.11e-051.11e-05,1.11e-05
3e-07,1e-07,2e-07,1e-07,2.8e-06,2e-07,2e-07,1.15e-05,1.17e-051.15e-05,1.17e-05
3e-07,1e-07,1e-07,2e-07,3.9e-06,8e-07,1e-07,1.17e-05,1.17e-051.17e-05,1.17e-05
2e-07,1e-07,2e-07,1e-07,5.4e-06,7.9e-06,2e-07,1.13e-05,1.11e-051.13e-05,1.11e-05
3e-07,2e-07,1e-07,1e-07,5.5e-06,7.5e-06,1e-07,1.15e-05,1.12e-051.15e-05,1.12e-05
2e-07,2e-07,1e-07,1e-07,2e-07,2e-06,1e-07,1.23e-05,1.19e-051.23e-05,1.19e-05
3e-07,2e-07,1e-07,1e-07,4.6e-06,4.5e-06,2e-07,1.17e-05,1.16e-051.17e-05,1.16e-05
3e-07,1e-07,1e-07,2e-07,5.6e-06,1.4e-06,2e-07,1.17e-05,1.2e-051.17e-05,1.2e-05
3e-07,1e-07,2e-07,1e-07,5.6e-06,1.1e-05,1e-07,1.19e-05,1.1e-051.19e-05,1.1e-05
4e-07,3e-07,1e-07,3e-07,6.8e-06,7.9e-06,2e-07,1.49e-05,1.44e-051.49e-05,1.44e-05
3e-07,2e-07,1e-07,1e-07,5.4e-06,3.8e-06,1e-07,1.15e-05,1.16e-051.15e-05,1.16e-05
2e-07,2e-07,2e-07,2e-07,1.2e-06,2e-07,2e-07,1.22e-05,1.21e-051.22e-05,1.21e-05
3e-07,1e-07,1e-07,2e-07,5.2e-06,2e-06,1e-07,1.17e-05,1.2e-051.17e-05,1.2e-05
2e-07,1e-07,1e-07,1e-07,2.5e-06,8.2e-06,1e-07,1.2e-05,1.13e-051.2e-05,1.13e-05
3e-07,1e-07,1e-07,1e-07,5.6e-06,6e-07,1e-07,1.17e-05,1.22e-051.17e-05,1.22e-05
3e-07,2e-07,2e-07,1e-07,4e-06,6.9e-06,1e-07,1.19e-05,1.16e-051.19e-05,1.16e-05
2e-07,1e-07,2e-07,2e-07,2.9e-06,3e-06,1e-07,1.23e-05,1.21e-051.23e-05,1.21e-05
3e-07,2e-07,1e-07,2e-07,1.4e-06,9.7e-06,1e-07,1.3e-05,1.21e-051.3e-05,1.21e-05
2e-07,2e-07,1e-07,1e-07,6e-06,1.17e-05,2e-07,1.25e-05,1.18e-051.25e-05,1.18e-05
2e-07,1e-07,1e-07,2e-07,6e-06,6.2e-06,1e-07,1.27e-05,1.27e-051.27e-05,1.27e-05
3e-07,2e-07,1e-07,2e-07,5e-07,1.19e-05,1e-07,1.34e-05,1.2e-051.34e-05,1.2e-05
3e-07,2e-07,2e-07,2e-07,6.2e-06,1.15e-05,2e-07,1.28e-05,1.22e-051.28e-05,1.22e-05
3e-07,2e-07,1e-07,1e-07,1.6e-06,1.22e-05,1e-07,1.34e-05,1.22e-051.34e-05,1.22e-05
2e-07,1e-07,2e-07,1e-07,1.6e-06,1.3e-06,1e-07,1.37e-05,1.36e-051.37e-05,1.36e-05
2e-07,1e-07,2e-07,2e-07,6.2e-06,3.1e-06,2e-07,1.31e-05,1.35e-051.31e-05,1.35e-05
2e-07,2e-07,1e-07,1e-07,6.2e-06,1.23e-05,1e-07,1.33e-05,1.23e-051.33e-05,1.23e-05
3e-07,1e-07,2e-07,2e-07,1.6e-06,8.6e-06,1e-07,1.37e-05,1.3e-051.37e-05,1.3e-05
3e-07,1e-07,2e-07,1e-07,6.4e-06,1e-06,2e-07,1.33e-05,1.4e-051.33e-05,1.4e-05
3e-07,1e-07,2e-07,1e-07,6.4e-06,1.25e-05,1e-07,1.34e-05,1.26e-051.34e-05,1.26e-05
2e-07,1e-07,1e-07,1e-07,1.7e-06,1.26e-05,1e-07,1.4e-05,1.26e-051.4e-05,1.26e-05
3e-07,2e-07,1e-07,1e-07,2.1e-06,6.4e-06,1e-07,1.41e-05,1.37e-051.41e-05,1.37e-05
2e-07,2e-07,1e-07,2e-07,5e-07,9.8e-06,1e-07,1.44e-05,1.32e-051.44e-05,1.32e-05
3e-07,2e-07,1e-07,2e-07,6.6e-06,8.6e-06,1e-07,1.37e-05,1.34e-051.37e-05,1.34e-05
3e-07,2e-07,1e-07,1e-07,5.9e-06,2.7e-06,1e-07,1.38e-05,1.43e-051.38e-05,1.43e-05
3e-07,2e-07,1e-07,2e-07,6.6e-06,3.7e-06,2e-07,1.39e-05,1.43e-051.39e-05,1.43e-05
3e-07,2e-07,1e-07,1e-07,2.7e-06,1.5e-06,1e-07,1.45e-05,1.47e-051.45e-05,1.47e-05
2e-07,2e-07,1e-07,1e-07,3.2e-06,4.3e-06,1e-07,1.45e-05,1.44e-051.45e-05,1.44e-05
2e-07,2e-07,1e-07,1e-07,7e-07,1.1e-06,2e-07,1.43e-05,1.41e-051.43e-05,1.41e-05
3e-07,1e-07,1e-07,1e-07,1.1e-06,3.8e-06,2e-07,1.39e-05,1.36e-051.39e-05,1.36e-05
2e-07,1e-07,1e-07,1e-07,6.3e-06,5.6e-06,2e-07,1.33e-05,1.36e-051.33e-05,1.36e-05
3e-07,1e-07,1e-07,1e-07,6.4e-06,1.25e-05,1e-07,1.35e-05,1.25e-051.35e-05,1.25e-05
2e-07,2e-07,1e-07,1e-07,4e-06,3.3e-06,2e-07,2.75e-05,1.39e-052.75e-05,1.39e-05
3e-07,2e-07,2e-07,2e-07,6.5e-06,4.1e-06,1e-07,1.36e-05,1.39e-051.36e-05,1.39e-05
3e-07,1e-07,2e-07,2e-07,6.5e-06,4e-06,2e-07,1.36e-05,1.4e-051.36e-05,1.4e-05
2e-07,1e-07,1e-07,1e-07,2.86e-05,5.4e-06,1e-07,1.47e-05,1.49e-051.47e-05,1.49e-05
3e-07,1e-07,1e-07,1e-07,6.4e-06,9.3e-06,1e-07,1.37e-05,1.34e-051.37e-05,1.34e-05
3e-07,2e-07,1e-07,1e-07,2.7e-06,6.5e-06,1e-07,1.42e-05,1.38e-051.42e-05,1.38e-05
2e-07,1e-07,1e-07,1e-07,6.6e-06,4.5e-06,1e-07,1.4e-05,1.42e-051.4e-05,1.42e-05
2e-07,1e-07,1e-07,1e-07,2.9e-06,2.2e-06,1e-07,1.46e-05,1.45e-051.46e-05,1.45e-05
3e-07,2e-07,1e-07,2e-07,1.4e-06,5.9e-06,1e-07,1.5e-05,1.57e-051.5e-05,1.57e-05
3e-07,2e-07,2e-07,2e-07,5.4e-06,8.9e-06,1e-07,2.86e-05,1.4e-052.86e-05,1.4e-05
3e-07,2e-07,1e-07,1e-07,4.4e-06,1.9e-06,1e-07,1.46e-05,1.48e-051.46e-05,1.48e-05
2e-07,1e-07,1e-07,1e-07,6.7e-06,2.9e-06,1e-07,1.44e-05,1.46e-051.44e-05,1.46e-05
2e-07,2e-07,2e-07,2e-07,6.9e-06,4.1e-06,1e-07,1.43e-05,1.46e-051.43e-05,1.46e-05
3e-07,2e-07,2e-07,2e-07,3.6e-06,6.3e-06,2e-07,1.49e-05,1.44e-051.49e-05,1.44e-05
3e-07,2e-07,2e-07,2e-07,5.6e-06,7.9e-06,1e-07,1.47e-05,1.44e-051.47e-05,1.44e-05
3e-07,1e-07,1e-07,1e-07,6.9e-06,6.1e-06,1e-07,1.45e-05,1.46e-051.45e-05,1.46e-05
3e-07,2e-07,2e-07,2e-07,1.3e-06,6e-06,1e-07,1.53e-05,1.48e-051.53e-05,1.48e-05
3e-07,1e-07,1e-07,1e-07,2.4e-06,4.3e-06,1e-07,1.51e-05,1.51e-051.51e-05,1.51e-05
3e-07,1e-07,1e-07,1e-07,5.9e-06,6.4e-06,1e-07,1.5e-05,1.49e-051.5e-05,1.49e-05
2e-07,2e-07,2e-07,2e-07,2.59e-05,3.4e-06,1e-07,2.91e-05,1.54e-052.91e-05,1.54e-05
2e-07,1e-07,2e-07,2e-07,1.3e-06,3.3e-06,1e-07,1.58e-05,1.55e-051.58e-05,1.55e-05
2e-07,1e-07,1e-07,1e-07,7.1e-06,6e-07,2e-07,1.51e-05,1.59e-051.51e-05,1.59e-05
2e-07,2e-07,1e-07,2e-07,6.2e-06,2.53e-05,1e-07,1.64e-05,1.67e-051.64e-05,1.67e-05
3e-07,2e-07,2e-07,1e-07,5.6e-06,1.42e-05,1e-07,1.54e-05,1.43e-051.54e-05,1.43e-05
2e-07,2e-07,2e-07,1e-07,7.2e-06,2.5e-06,1e-07,1.53e-05,1.58e-051.53e-05,1.58e-05
3e-07,1e-07,1e-07,1e-07,6e-06,3.5e-06,2e-07,1.55e-05,1.59e-051.55e-05,1.59e-05
2e-07,1e-07,1e-07,1e-07,7.3e-06,5.6e-06,1e-07,1.54e-05,1.55e-051.54e-05,1.55e-05
3e-07,2e-07,1e-07,2e-07,7.4e-06,7.9e-06,1e-07,1.53e-05,1.53e-051.53e-05,1.53e-05
3e-07,2e-07,1e-07,1e-07,2.2e-06,2e-07,1e-07,1.62e-05,1.65e-051.62e-05,1.65e-05
3e-07,2e-07,1e-07,1e-07,7.6e-06,8.5e-06,1e-07,1.61e-05,1.57e-051.61e-05,1.57e-05
2e-07,2e-07,2e-07,2e-07,6.1e-06,3.6e-06,2e-07,4.71e-05,1.75e-054.71e-05,1.75e-05
2e-07,1e-07,1e-07,1e-07,2.9e-06,1.55e-05,1e-07,1.63e-05,1.49e-051.63e-05,1.49e-05
2e-07,1e-07,1e-07,2e-07,7.5e-06,7.6e-06,1e-07,3.08e-05,3.07e-053.08e-05,3.07e-05
3e-07,2e-07,1e-07,2e-07,2.2e-06,8e-06,2e-07,1.64e-05,1.58e-051.64e-05,1.58e-05
3e-07,1e-07,1e-07,1e-07,7.6e-06,1.16e-05,2e-07,1.6e-05,1.54e-051.6e-05,1.54e-05
3e-07,1e-07,2e-07,2e-07,7.6e-06,2.1e-06,1e-07,1.6e-05,1.67e-051.6e-05,1.67e-05
3e-07,1e-07,1e-07,1e-07,6.4e-06,4.4e-06,1e-07,1.63e-05,1.64e-051.63e-05,1.64e-05
2e-07,2e-07,2e-07,2e-07,3.2e-06,7.2e-06,1e-07,1.69e-05,1.63e-051.69e-05,1.63e-05
3e-07,1e-07,2e-07,2e-07,6e-06,2.6e-06,1e-07,1.65e-05,1.68e-051.65e-05,1.68e-05
3e-07,2e-07,2e-07,2e-07,7.8e-06,1.54e-05,1e-07,1.64e-05,1.54e-051.64e-05,1.54e-05
3e-07,1e-07,1e-07,2e-07,4.7e-06,6.7e-06,1e-07,1.69e-05,1.66e-051.69e-05,1.66e-05
3e-07,2e-07,1e-07,2e-07,5.5e-06,5.9e-06,1e-07,1.67e-05,1.67e-051.67e-05,1.67e-05
3e-07,1e-07,1e-07,2e-07,5.8e-06,3.1e-06,1e-07,1.67e-05,1.7e-051.67e-05,1.7e-05
3e-07,1e-07,1e-07,1e-07,3.4e-06,2.8e-06,2e-07,1.72e-05,1.72e-051.72e-05,1.72e-05
3e-07,1e-07,1e-07,1e-07,8e-06,1.3e-06,1e-07,1.66e-05,1.74e-051.66e-05,1.74e-05
2e-07,2e-07,2e-07,1e-07,7.9e-06,2e-06,1e-07,1.67e-05,1.76e-051.67e-05,1.76e-05
3e-07,2e-07,2e-07,1e-07,2e-07,2.1e-06,2e-07,1.68e-05,1.77e-051.68e-05,1.77e-05
3e-07,2e-07,2e-07,2e-07,4.4e-06,2.7e-06,2e-07,1.73e-05,1.76e-051.73e-05,1.76e-05
3e-07,2e-07,1e-07,2e-07,3.2e-06,3.1e-06,1e-07,1.77e-05,1.75e-051.77e-05,1.75e-05
2e-07,1e-07,2e-07,2e-07,4.6e-06,8e-07,2e-07,1.76e-05,1.8e-051.76e-05,1.8e-05
2e-07,1e-07,1e-07,1e-07,7e-07,3.3e-06,1e-07,1.78e-05,1.76e-051.78e-05,1.76e-05
2e-07,1e-07,1e-07,2e-07,7e-06,2.4e-06,1e-07,1.72e-05,1.79e-051.72e-05,1.79e-05
3e-07,1e-07,1e-07,2e-07,5e-07,3.8e-06,1e-07,1.84e-05,1.79e-051.84e-05,1.79e-05
3e-07,2e-07,1e-07,2e-07,3.6e-06,6.5e-06,2e-07,1.94e-05,6.31e-051.94e-05,6.31e-05
2e-07,1e-07,2e-07,1e-07,2.8e-06,7.7e-06,1e-07,1.86e-05,1.8e-051.86e-05,1.8e-05
3e-07,2e-07,2e-07,1e-07,1.8e-06,1e-06,2e-07,1.83e-05,1.84e-051.83e-05,1.84e-05
3e-07,1e-07,1e-07,1e-07,1.1e-06,3.8e-06,1e-07,1.86e-05,1.82e-051.86e-05,1.82e-05
3e-07,2e-07,1e-07,1e-07,8.4e-06,1.5e-06,1e-07,1.77e-05,1.85e-051.77e-05,1.85e-05
3e-07,2e-07,1e-07,1e-07,7e-06,6e-07,1e-07,1.79e-05,1.86e-051.79e-05,1.86e-05
2e-07,2e-07,2e-07,1e-07,4.9e-06,4e-07,1e-07,1.82e-05,1.88e-051.82e-05,1.88e-05
3e-07,1e-07,1e-07,1e-07,8.5e-06,6e-07,2e-07,1.8e-05,1.9e-051.8e-05,1.9e-05
3e-07,1e-07,2e-07,2e-07,8.7e-06,2.62e-05,1e-07,1.81e-05,1.76e-051.81e-05,1.76e-05
3e-07,1e-07,1e-07,1e-07,4.9e-06,4.9e-06,1e-07,1.86e-05,1.85e-051.86e-05,1.85e-05
2e-07,2e-07,1e-07,1e-07,4.1e-06,2.5e-06,1e-07,3.31e-05,1.89e-053.31e-05,1.89e-05
3e-07,2e-07,1e-07,1e-07,8.6e-06,9.1e-06,1e-07,1.82e-05,1.82e-051.82e-05,1.82e-05
2e-07,1e-07,1e-07,1e-07,1.5e-06,2e-06,1e-07,1.92e-05,1.91e-051.92e-05,1.91e-05
2e-07,2e-07,2e-07,2e-07,7.7e-06,1.41e-05,1e-07,1.86e-05,1.76e-051.86e-05,1.76e-05
3e-07,1e-07,1e-07,1e-07,6e-07,1.8e-06,1e-07,3.96e-05,3.3e-053.96e-05,3.3e-05
2e-07,2e-07,2e-07,1e-07,6e-07,6.7e-06,1e-07,1.95e-05,3.83e-051.95e-05,3.83e-05
3e-07,2e-07,1e-07,1e-07,8.8e-06,2e-07,1e-07,1.85e-05,1.95e-051.85e-05,1.95e-05
3e-07,1e-07,1e-07,1e-07,8.8e-06,2.7e-06,1e-07,1.86e-05,1.94e-051.86e-05,1.94e-05
3e-07,1e-07,1e-07,1e-07,6.6e-06,7e-07,1e-07,1.9e-05,1.98e-051.9e-05,1.98e-05
3e-07,1e-07,1e-07,1e-07,9.6e-06,1.9e-05,1e-07,5.1e-05,1.78e-055.1e-05,1.78e-05
2e-07,1e-07,1e-07,1e-07,9e-06,1.58e-05,1e-07,1.9e-05,1.8e-051.9e-05,1.8e-05
3e-07,2e-07,2e-07,2e-07,3e-07,7e-07,2e-07,2.01e-05,2.1e-052.01e-05,2.1e-05
3e-07,1e-07,1e-07,2e-07,4.2e-06,1.79e-05,1e-07,1.94e-05,1.79e-051.94e-05,1.79e-05
3e-07,2e-07,2e-07,1e-07,9e-06,4.5e-06,1e-07,1.91e-05,1.95e-051.91e-05,1.95e-05
3e-07,1e-07,1e-07,2e-07,1.2e-06,4.2e-06,1e-07,3.44e-05,1.98e-053.44e-05,1.98e-05
3e-07,1e-07,1e-07,1e-07,6.2e-06,4.2e-06,2e-07,1.95e-05,1.99e-051.95e-05,1.99e-05
2e-07,2e-07,1e-07,2e-07,3.1e-06,1.4e-06,1e-07,2.01e-05,2.03e-052.01e-05,2.03e-05
3e-07,1e-07,1e-07,1e-07,2.6e-05,8.5e-06,1e-07,2.01e-05,2e-052.01e-05,2e-05
3e-07,1e-07,1e-07,2e-07,5.6e-06,1.2e-05,2e-07,2.05e-05,1.95e-052.05e-05,1.95e-05
3e-07,1e-07,1e-07,1e-07,4e-06,5.7e-06,1e-07,2.03e-05,1.99e-052.03e-05,1.99e-05
3e-07,1e-07,2e-07,2e-07,9.4e-06,5.5e-06,2e-07,1.97e-05,2e-051.97e-05,2e-05
2e-07,1e-07,1e-07,2e-07,3.2e-06,8.8e-06,1e-07,2.04e-05,1.98e-052.04e-05,1.98e-05
3e-07,1e-07,1e-07,1e-07,3e-06,3.6e-06,1e-07,2.07e-05,2.06e-052.07e-05,2.06e-05
2e-07,2e-07,2e-07,2e-07,9.5e-06,1.8e-06,1e-07,1.98e-05,2.08e-051.98e-05,2.08e-05
3e-07,2e-07,2e-07,2e-07,9.5e-06,4.4e-06,1e-07,1.99e-05,2.05e-051.99e-05,2.05e-05
3e-07,1e-07,1e-07,1e-07,5.3e-06,2.7e-06,1e-07,2.06e-05,2.07e-052.06e-05,2.07e-05
3e-07,1e-07,2e-07,2e-07,7.1e-06,6.5e-06,1e-07,2.05e-05,2.03e-052.05e-05,2.03e-05
3e-07,1e-07,1e-07,1e-07,9.5e-06,1.15e-05,1e-07,2.03e-05,1.99e-052.03e-05,1.99e-05
3e-07,1e-07,1e-07,1e-07,9.6e-06,1.11e-05,2e-07,5.08e-05,2.69e-055.08e-05,2.69e-05
3e-07,2e-07,2e-07,2e-07,6.6e-06,2.1e-06,1e-07,2.07e-05,2.13e-052.07e-05,2.13e-05
3e-07,1e-07,1e-07,1e-07,1.2e-06,1.07e-05,2e-07,2.16e-05,2.14e-052.16e-05,2.14e-05
2e-07,1e-07,1e-07,1e-07,9.6e-06,2.4e-06,1e-07,2.05e-05,2.12e-052.05e-05,2.12e-05
3e-07,1e-07,1e-07,1e-07,9.7e-06,1.92e-05,1e-07,2.05e-05,4.58e-052.05e-05,4.58e-05
3e-07,1e-07,2e-07,2e-07,2e-07,1e-06,1e-07,2.18e-05,2.17e-052.18e-05,2.17e-05
3e-07,1e-07,1e-07,1e-07,5.6e-06,1.8e-06,1e-07,2.13e-05,2.16e-052.13e-05,2.16e-05
2e-07,1e-07,1e-07,1e-07,2e-06,1.2e-06,1e-07,2.15e-05,2.19e-052.15e-05,2.19e-05
2e-07,1e-07,1e-07,1e-07,9.8e-06,1.18e-05,1e-07,2.09e-05,2.05e-052.09e-05,2.05e-05
2e-07,2e-07,1e-07,2e-07,5.4e-06,7.3e-06,2e-07,2.14e-05,2.12e-052.14e-05,2.12e-05
2e-07,1e-07,1e-07,1e-07,6.2e-06,3e-06,2e-07,2.15e-05,2.18e-052.15e-05,2.18e-05
3e-07,1e-07,1e-07,1e-07,7e-07,2e-06,1e-07,2.34e-05,2.19e-052.34e-05,2.19e-05
3e-07,2e-07,1e-07,2e-07,7.8e-06,1.03e-05,1e-07,2.14e-05,2.11e-052.14e-05,2.11e-05
2e-07,1e-07,1e-07,1e-07,2.3e-06,1.1e-06,1e-07,2.22e-05,2.23e-052.22e-05,2.23e-05
3e-07,2e-07,2e-07,2e-07,1.01e-05,1.28e-05,1e-07,2.14e-05,2.09e-052.14e-05,2.09e-05
2e-07,1e-07,2e-07,2e-07,5.9e-06,7e-07,2e-07,2.19e-05,2.25e-052.19e-05,2.25e-05
3e-07,2e-07,1e-07,1e-07,7.7e-06,1.11e-05,1e-07,2.18e-05,2.12e-052.18e-05,2.12e-05
2e-07,1e-07,1e-07,1e-07,8e-07,3.5e-06,1e-07,2.26e-05,2.22e-052.26e-05,2.22e-05
3e-07,1e-07,1e-07,1e-07,1.02e-05,7.7e-06,1e-07,2.15e-05,2.19e-052.15e-05,2.19e-05
3e-07,2e-07,1e-07,2e-07,2.61e-05,3.02e-05,2e-07,2.32e-05,2.2e-052.32e-05,2.2e-05
3e-07,1e-07,1e-07,1e-07,3.5e-06,1.67e-05,1e-07,2.26e-05,2.09e-052.26e-05,2.09e-05
2e-07,1e-07,1e-07,1e-07,1.03e-05,2.1e-06,1e-07,2.3e-05,2.28e-052.3e-05,2.28e-05
2e-07,1e-07,1e-07,1e-07,3e-07,8.3e-06,2e-07,2.31e-05,2.2e-052.31e-05,2.2e-05
3e-07,1e-07,1e-07,2e-07,1.04e-05,4.6e-06,1e-07,2.2e-05,2.26e-052.2e-05,2.26e-05
3e-07,1e-07,1e-07,2e-07,2.7e-06,8.6e-06,1e-07,5.22e-05,2.21e-055.22e-05,2.21e-05
3e-07,2e-07,2e-07,2e-07,1.9e-06,1.22e-05,1e-07,2.32e-05,2.17e-052.32e-05,2.17e-05
2e-07,1e-07,1e-07,2e-07,1.8e-06,6.3e-06,2e-07,2.31e-05,2.27e-052.31e-05,2.27e-05
3e-07,1e-07,1e-07,1e-07,1.05e-05,5.4e-06,1e-07,2.23e-05,2.29e-052.23e-05,2.29e-05
2e-07,1e-07,1e-07,1e-07,1.06e-05,4.7e-06,1e-07,2.23e-05,2.29e-052.23e-05,2.29e-05
2e-07,2e-07,2e-07,2e-07,9.3e-06,3.1e-06,1e-07,2.25e-05,2.32e-052.25e-05,2.32e-05
2e-07,1e-07,1e-07,1e-07,2.6e-06,7.3e-06,1e-07,2.37e-05,2.28e-052.37e-05,2.28e-05
3e-07,1e-07,1e-07,1e-07,7.6e-06,1.04e-05,2e-07,2.28e-05,2.24e-052.28e-05,2.24e-05
3e-07,1e-07,1e-07,1e-07,1.07e-05,1.2e-06,1e-07,2.28e-05,2.39e-052.28e-05,2.39e-05
2e-07,1e-07,1e-07,2e-07,4.2e-06,1.27e-05,1e-07,2.37e-05,2.23e-052.37e-05,2.23e-05
2e-07,2e-07,2e-07,2e-07,6.7e-06,3.9e-06,1e-07,2.31e-05,2.36e-052.31e-05,2.36e-05
2e-07,2e-07,2e-07,2e-07,4.3e-06,6.8e-06,1e-07,2.37e-05,2.34e-052.37e-05,2.34e-05
3e-07,2e-07,1e-07,2e-07,5e-06,5.64e-05,2e-07,2.36e-05,2.17e-052.36e-05,2.17e-05
3e-07,1e-07,1e-07,2e-07,1.1e-05,3.6e-06,1e-07,2.3e-05,2.39e-052.3e-05,2.39e-05
3e-07,2e-07,2e-07,2e-07,9.6e-06,7e-07,2e-07,2.33e-05,2.42e-052.33e-05,2.42e-05
3e-07,2e-07,2e-07,2e-07,3.5e-06,3.1e-06,1e-07,2.42e-05,2.39e-052.42e-05,2.39e-05
3e-07,2e-07,2e-07,2e-07,6.7e-06,1.1e-05,1e-07,2.37e-05,2.33e-052.37e-05,2.33e-05
2e-07,1e-07,1e-07,2e-07,1.22e-05,1.9e-06,1e-07,2.33e-05,2.44e-052.33e-05,2.44e-05
2e-07,1e-07,1e-07,2e-07,9e-07,7.1e-06,2e-07,2.45e-05,2.39e-052.45e-05,2.39e-05
3e-07,1e-07,1e-07,1e-07,1.11e-05,1.2e-06,2e-07,2.34e-05,2.45e-052.34e-05,2.45e-05
3e-07,1e-07,1e-07,1e-07,8.6e-06,1e-05,2e-07,2.4e-05,2.37e-052.4e-05,2.37e-05
3e-07,1e-07,1e-07,1e-07,3.9e-06,1.6e-06,1e-07,2.44e-05,2.47e-052.44e-05,2.47e-05
2e-07,2e-07,2e-07,2e-07,2.3e-06,5.2e-06,1e-07,2.48e-05,2.43e-052.48e-05,2.43e-05
3e-07,1e-07,2e-07,1e-07,1.2e-05,1.77e-05,2e-07,3.82e-05,2.45e-053.82e-05,2.45e-05
3e-07,1e-07,1e-07,1e-07,6.4e-06,1.26e-05,2e-07,2.52e-05,4.5e-052.52e-05,4.5e-05
2e-07,2e-07,2e-07,2e-07,5.8e-06,1.36e-05,1e-07,2.47e-05,2.37e-052.47e-05,2.37e-05
3e-07,1e-07,1e-07,2e-07,1.14e-05,8e-06,2e-07,2.39e-05,2.43e-052.39e-05,2.43e-05
3e-07,1e-07,1e-07,1e-07,1.14e-05,2.05e-05,1e-07,2.4e-05,2.29e-052.4e-05,2.29e-05
3e-07,1e-07,1e-07,1e-07,3.4e-06,6.2e-06,1e-07,2.5e-05,2.45e-052.5e-05,2.45e-05
3e-07,2e-07,1e-07,2e-07,9.5e-06,1.13e-05,1e-07,2.49e-05,2.47e-052.49e-05,2.47e-05
3e-07,2e-07,2e-07,2e-07,4.4e-06,2.4e-06,2e-07,2.51e-05,2.51e-052.51e-05,2.51e-05
3e-07,1e-07,1e-07,1e-07,1.15e-05,4.3e-06,1e-07,2.44e-05,2.52e-052.44e-05,2.52e-05
3e-07,1e-07,2e-07,2e-07,8.2e-06,1.42e-05,1e-07,2.49e-05,2.39e-052.49e-05,2.39e-05
2e-07,1e-07,1e-07,1e-07,7.5e-06,1e-06,1e-07,2.49e-05,2.56e-052.49e-05,2.56e-05
3e-07,2e-07,2e-07,2e-07,1.16e-05,2.5e-06,2e-07,2.46e-05,4.54e-052.46e-05,4.54e-05
3e-07,1e-07,1e-07,1e-07,5.2e-06,8.4e-06,1e-07,2.54e-05,2.49e-052.54e-05,2.49e-05
2e-07,1e-07,1e-07,1e-07,1.17e-05,1.75e-05,2e-07,2.48e-05,2.41e-052.48e-05,2.41e-05
3e-07,1e-07,1e-07,1e-07,3.9e-06,3e-07,2e-07,2.6e-05,2.61e-052.6e-05,2.61e-05
3e-07,1e-07,1e-07,2e-07,4e-06,9e-07,1e-07,2.58e-05,2.61e-052.58e-05,2.61e-05
2e-07,2e-07,1e-07,1e-07,1.8e-06,9e-06,1e-07,2.59e-05,2.52e-052.59e-05,2.52e-05
2e-07,2e-07,2e-07,2e-07,1.01e-05,7e-07,1e-07,2.52e-05,2.64e-052.52e-05,2.64e-05
3e-07,1e-07,1e-07,1e-07,2.6e-06,3.48e-05,1e-07,5.03e-05,2.66e-055.03e-05,2.66e-05
2e-07,1e-07,1e-07,1e-07,6.5e-06,1.8e-06,2e-07,2.6e-05,2.61e-052.6e-05,2.61e-05
3e-07,1e-07,1e-07,2e-07,8e-07,7.6e-06,1e-07,2.66e-05,2.57e-052.66e-05,2.57e-05
3e-07,2e-07,1e-07,2e-07,3.7e-06,3.5e-06,1e-07,2.63e-05,2.63e-052.63e-05,2.63e-05
3e-07,1e-07,1e-07,1e-07,1.2e-05,3.4e-06,2e-07,2.53e-05,2.65e-052.53e-05,2.65e-05
2e-07,1e-07,2e-07,2e-07,2e-07,4.2e-06,2e-07,2.7e-05,4.6e-052.7e-05,4.6e-05
3e-07,1e-07,1e-07,1e-07,1.21e-05,3.9e-06,1e-07,2.56e-05,2.67e-052.56e-05,2.67e-05
3e-07,1e-07,2e-07,2e-07,5.1e-06,1e-06,1e-07,4.63e-05,2.77e-054.63e-05,2.77e-05
3e-07,1e-07,1e-07,1e-07,4.47e-05,8e-06,1e-07,2.66e-05,4.83e-052.66e-05,4.83e-05
3e-07,3e-07,1e-07,3e-07,6.6e-06,7e-07,2e-07,5.03e-05,3.64e-055.03e-05,3.64e-05
2e-07,1e-07,1e-07,1e-07,4.9e-06,8.3e-06,1e-07,2.72e-05,2.69e-052.72e-05,2.69e-05
3e-07,2e-07,1e-07,1e-07,3.5e-06,9e-07,1e-07,2.75e-05,2.81e-052.75e-05,2.81e-05
3e-07,2e-07,1e-07,1e-07,1.26e-05,3.6e-06,2e-07,2.67e-05,4.92e-052.67e-05,4.92e-05
3e-07,1e-07,2e-07,2e-07,2.2e-06,1.63e-05,1e-07,2.79e-05,2.61e-052.79e-05,2.61e-05
3e-07,2e-07,2e-07,2e-07,7.5e-06,2.5e-06,1e-07,2.86e-05,2.82e-052.86e-05,2.82e-05
3e-07,1e-07,1e-07,2e-07,1.27e-05,7e-07,1e-07,2.68e-05,2.83e-052.68e-05,2.83e-05
3e-07,2e-07,1e-07,2e-07,1.7e-06,1.52e-05,1e-07,5.05e-05,4.5e-055.05e-05,4.5e-05
3e-07,1e-07,2e-07,1e-07,1.35e-05,1.1e-05,2e-07,2.84e-05,2.87e-052.84e-05,2.87e-05
2e-07,2e-07,1e-07,2e-07,6.3e-06,3e-06,1e-07,2.92e-05,2.96e-052.92e-05,2.96e-05
3e-07,1e-07,1e-07,2e-07,6.5e-06,6.7e-06,1e-07,2.96e-05,2.95e-052.96e-05,2.95e-05
3e-07,2e-07,1e-07,2e-07,7.6e-06,1.93e-05,1e-07,2.94e-05,2.79e-052.94e-05,2.79e-05
3e-07,2e-07,1e-07,2e-07,3.8e-06,1e-06,1e-07,2.99e-05,3e-052.99e-05,3e-05
3e-07,2e-07,1e-07,2e-07,3.2e-06,4.1e-06,2e-07,2.98e-05,2.98e-052.98e-05,2.98e-05
3e-07,2e-07,1e-07,2e-07,1.36e-05,9.9e-06,2e-07,2.88e-05,2.91e-052.88e-05,2.91e-05
3e-07,2e-07,1e-07,2e-07,5.4e-06,1.85e-05,1e-07,2.98e-05,2.82e-052.98e-05,2.82e-05
4e-07,2e-07,1e-07,1e-07,1.9e-06,3.9e-06,2e-07,3.03e-05,3.02e-053.03e-05,3.02e-05
2e-07,1e-07,1e-07,2e-07,2.5e-06,2.6e-05,1e-07,3.02e-05,2.75e-053.02e-05,2.75e-05
3e-07,1e-07,2e-07,1e-07,1.9e-06,1.8e-06,2e-07,3.05e-05,3.04e-053.05e-05,3.04e-05
3e-07,3e-07,1e-07,2e-07,2.6e-06,1.1e-05,2e-07,3.05e-05,2.95e-053.05e-05,2.95e-05
3e-07,2e-07,1e-07,1e-07,6e-07,4e-07,1e-07,3.12e-05,3.06e-053.12e-05,3.06e-05
2e-07,2e-07,1e-07,1e-07,2e-07,5.2e-06,2e-07,3.08e-05,3.03e-053.08e-05,3.03e-05
3e-07,1e-07,1e-07,2e-07,1.3e-06,2.62e-05,1e-07,2.95e-05,2.64e-052.95e-05,2.64e-05
3e-07,1e-07,1.5e-05,2e-07,3.2e-06,2.54e-05,1e-07,2.95e-05,6.35e-052.95e-05,6.35e-05
3e-07,2e-07,1e-07,2e-07,4.7e-06,9.5e-06,2e-07,3.07e-05,3e-053.07e-05,3e-05
3e-07,2e-07,2e-07,1e-07,6.9e-06,7.1e-06,2e-07,3.05e-05,3.06e-053.05e-05,3.06e-05
3e-07,1e-07,2e-07,1e-07,2e-07,8e-07,1e-07,3.14e-05,3.12e-053.14e-05,3.12e-05
3e-07,2e-07,1e-07,2e-07,1.4e-05,1.8e-06,2e-07,2.99e-05,3.11e-052.99e-05,3.11e-05
3e-07,1e-07,1e-07,2e-07,1.41e-05,1.55e-05,1e-07,2.99e-05,2.97e-052.99e-05,2.97e-05
3e-07,1e-07,1e-07,1e-07,1.42e-05,2.46e-05,1e-07,2.98e-05,2.87e-052.98e-05,2.87e-05
3e-07,2e-07,1e-07,1e-07,2.8e-06,8e-06,1e-07,2.94e-05,2.86e-052.94e-05,2.86e-05
3e-07,2e-07,1e-07,1e-07,2.5e-06,1.26e-05,1e-07,5.1e-05,3.02e-055.1e-05,3.02e-05
2e-07,2e-07,2e-07,1e-07,1.36e-05,2.71e-05,2e-07,2.89e-05,2.71e-052.89e-05,2.71e-05
2e-07,1e-07,1e-07,2e-07,7.2e-06,8.6e-06,2e-07,2.95e-05,2.95e-052.95e-05,2.95e-05
3e-07,2e-07,1e-07,1e-07,3.2e-06,3.1e-06,1e-07,5.13e-05,3.26e-055.13e-05,3.26e-05
3e-07,1e-07,1e-07,1e-07,1.37e-05,5.6e-06,2e-07,2.9e-05,2.99e-052.9e-05,2.99e-05
3e-07,2e-07,1e-07,1e-07,8e-06,2.4e-06,1e-07,2.97e-05,3.04e-052.97e-05,3.04e-05
3e-07,2e-07,1e-07,1e-07,5.1e-06,1.17e-05,1e-07,3.03e-05,2.93e-053.03e-05,2.93e-05
2e-07,2e-07,1e-07,1e-07,6.7e-06,3.47e-05,2e-07,3.01e-05,2.86e-053.01e-05,2.86e-05
3e-07,2e-07,1e-07,1e-07,1.4e-06,5.7e-06,1e-07,3.08e-05,3.05e-053.08e-05,3.05e-05
2e-07,2e-07,1e-07,1e-07,1.7e-06,1.1e-06,1e-07,3.09e-05,3.1e-053.09e-05,3.1e-05
2e-07,1e-07,1e-07,2e-07,1.25e-05,9e-07,2e-07,3.11e-05,3.25e-053.11e-05,3.25e-05
3e-07,2e-07,1e-07,2e-07,3.1e-06,1.7e-06,1e-07,3.24e-05,3.37e-053.24e-05,3.37e-05
3e-07,1e-07,2e-07,1e-07,4e-06,2.92e-05,2e-07,3.33e-05,2.93e-053.33e-05,2.93e-05
3e-07,2e-07,1e-07,1e-07,1.05e-05,1.2e-06,1e-07,5.21e-05,4.72e-055.21e-05,4.72e-05
2e-07,2e-07,2e-07,1e-07,8e-07,6.1e-06,1e-07,3.32e-05,3.21e-053.32e-05,3.21e-05
3e-07,2e-07,1e-07,2e-07,7e-07,1.88e-05,1e-07,3.17e-05,3.08e-053.17e-05,3.08e-05
3e-07,2e-07,1e-07,1e-07,5.5e-06,1.7e-06,2e-07,3.09e-05,3.13e-053.09e-05,3.13e-05
3e-07,1e-07,2e-07,2e-07,4e-06,9.7e-06,2e-07,3.12e-05,3.06e-053.12e-05,3.06e-05
3e-07,1e-07,1e-07,2e-07,2.2e-06,5e-07,2e-07,5.19e-05,3.18e-055.19e-05,3.18e-05
3e-07,1e-07,1e-07,2e-07,4.4e-06,2.8e-06,1e-07,3.08e-05,3.1e-053.08e-05,3.1e-05
3e-07,1e-07,1e-07,2e-07,4.7e-06,2.4e-06,1e-07,3.07e-05,3.1e-053.07e-05,3.1e-05
3e-07,1e-07,1e-07,2e-07,1.4e-06,9.4e-06,1e-07,3.11e-05,3.02e-053.11e-05,3.02e-05
3e-07,2e-07,1e-07,2e-07,1.7e-06,1.6e-06,2e-07,4.67e-05,7.64e-054.67e-05,7.64e-05
2e-07,2e-07,2e-07,2e-07,8.9e-06,6e-07,2e-07,3.05e-05,3.1e-053.05e-05,3.1e-05
2e-07,1e-07,1e-07,1e-07,8.4e-06,8.2e-06,2e-07,3.13e-05,3.12e-053.13e-05,3.12e-05
2e-07,2e-07,1e-07,2e-07,3.9e-06,1.8e-06,1e-07,3.2e-05,3.23e-053.2e-05,3.23e-05
3e-07,1e-07,1e-07,2e-07,4.5e-06,7e-06,1e-07,3.13e-05,3.09e-053.13e-05,3.09e-05
3e-07,2e-07,2e-07,2e-07,4.1e-06,1.4e-06,2e-07,3.14e-05,3.17e-053.14e-05,3.17e-05
3e-07,2e-07,1e-07,2e-07,1.43e-05,6.9e-06,1e-07,3.02e-05,3.1e-053.02e-05,3.1e-05
2e-07,2e-07,2e-07,2e-07,1.05e-05,3.1e-06,1e-07,3.04e-05,3.17e-053.04e-05,3.17e-05
2e-07,2e-07,2e-07,2e-07,2.1e-06,8.7e-06,1e-07,3.19e-05,3.1e-053.19e-05,3.1e-05
3e-07,2e-07,1e-07,2e-07,1.3e-06,5.2e-06,2e-07,3.21e-05,3.14e-053.21e-05,3.14e-05
2e-07,1e-07,1e-07,2e-07,3.5e-06,3e-07,1e-07,3.17e-05,3.22e-053.17e-05,3.22e-05
2e-07,2e-07,1e-07,1e-07,3e-06,4.3e-06,1e-07,3.19e-05,3.17e-053.19e-05,3.17e-05
2e-07,2e-07,2e-07,2e-07,7.4e-06,2.7e-06,1e-07,3.13e-05,3.21e-053.13e-05,3.21e-05
3e-07,1e-07,1e-07,1e-07,6e-06,5.6e-06,2e-07,3.16e-05,3.15e-053.16e-05,3.15e-05
2e-07,1e-07,2e-07,2e-07,1.45e-05,9.2e-06,2e-07,3.08e-05,3.13e-053.08e-05,3.13e-05
3e-07,2e-07,2e-07,2e-07,7e-06,2e-05,1e-07,3.18e-05,5.15e-053.18e-05,5.15e-05
3e-07,2e-07,1e-07,2e-07,5.4e-06,1.4e-06,2e-07,4.62e-05,3.25e-054.62e-05,3.25e-05
2e-07,2e-07,2e-07,1e-07,1.16e-05,4.6e-06,1e-07,3.14e-05,3.22e-053.14e-05,3.22e-05
2e-07,1e-07,1e-07,2e-07,1.1e-06,9.2e-06,1e-07,3.27e-05,3.17e-053.27e-05,3.17e-05
3e-07,1e-07,1e-07,2e-07,1e-06,1.2e-06,1e-07,3.29e-05,3.29e-053.29e-05,3.29e-05
3e-07,1e-07,1e-07,2e-07,1.2e-06,5.5e-06,1e-07,3.29e-05,3.22e-053.29e-05,3.22e-05
3e-07,1e-07,1e-07,2e-07,4.5e-06,4.1e-06,1e-07,3.26e-05,3.25e-053.26e-05,3.25e-05
2e-07,2e-07,2e-07,2e-07,8e-07,5.8e-06,1e-07,3.29e-05,3.22e-053.29e-05,3.22e-05
3e-07,1e-07,2e-07,1e-07,9e-06,9.5e-06,2e-07,3.27e-05,3.27e-053.27e-05,3.27e-05
3e-07,2e-07,1e-07,2e-07,2.4e-05,5.2e-06,2e-07,3.47e-05,3.36e-053.47e-05,3.36e-05
3e-07,2e-07,1e-07,2e-07,1.49e-05,7.1e-06,2e-07,3.17e-05,3.23e-053.17e-05,3.23e-05
3e-07,1e-07,1e-07,2e-07,1.9e-06,1.1e-06,1e-07,3.32e-05,3.35e-053.32e-05,3.35e-05
3e-07,1e-07,1e-07,1e-07,1.5e-05,3.6e-06,1e-07,3.17e-05,3.33e-053.17e-05,3.33e-05
3e-07,2e-07,1e-07,1e-07,2e-07,1.04e-05,2e-07,3.37e-05,3.23e-053.37e-05,3.23e-05
2e-07,1e-07,1e-07,1e-07,3.58e-05,3.8e-06,2e-07,3.26e-05,6.73e-053.26e-05,6.73e-05
3e-07,2e-07,1e-07,1e-07,1.18e-05,3e-05,2e-07,3.23e-05,3.01e-053.23e-05,3.01e-05
3e-07,1e-07,1e-07,2e-07,9.6e-06,3.8e-06,2e-07,3.25e-05,3.34e-053.25e-05,3.34e-05
3e-07,2e-07,2e-07,2e-07,2.8e-06,3.1e-06,1e-07,3.37e-05,3.37e-053.37e-05,3.37e-05
3e-07,2e-07,1e-07,1e-07,1.21e-05,8e-07,1e-07,3.26e-05,3.35e-053.26e-05,3.35e-05
3e-07,1e-07,1e-07,1e-07,2e-07,7.9e-06,1e-07,3.42e-05,3.32e-053.42e-05,3.32e-05
3e-07,1e-07,2e-07,2e-07,9.9e-06,8e-07,2e-07,3.31e-05,3.4e-053.31e-05,3.4e-05
3e-07,1e-07,1e-07,1e-07,4.5e-06,8.8e-06,1e-07,3.38e-05,3.34e-053.38e-05,3.34e-05
2e-07,1e-07,2e-07,1e-07,2.1e-06,1e-07,1e-07,3.42e-05,3.42e-053.42e-05,3.42e-05
3e-07,2e-07,2e-07,2e-07,1.26e-05,1.09e-05,1e-07,3.29e-05,3.31e-053.29e-05,3.31e-05
3e-07,2e-07,1e-07,2e-07,5.2e-06,2.06e-05,1e-07,3.5e-05,3.19e-053.5e-05,3.19e-05
3e-07,1e-07,1e-07,1e-07,1.4e-06,2.42e-05,1e-07,3.44e-05,3.16e-053.44e-05,3.16e-05
2e-07,2e-07,1e-07,1e-07,5.8e-06,2.06e-05,1e-07,3.39e-05,3.22e-053.39e-05,3.22e-05
3e-07,2e-07,1e-07,1e-07,1.05e-05,1e-06,2e-07,3.43e-05,3.55e-053.43e-05,3.55e-05
2e-07,1e-07,2e-07,2e-07,2.9e-06,7.7e-06,1e-07,3.46e-05,3.38e-053.46e-05,3.38e-05
2e-07,1e-07,1e-07,1e-07,5.5e-06,4.2e-06,1e-07,5.06e-05,4.89e-055.06e-05,4.89e-05
2e-07,2e-07,1e-07,2e-07,2.5e-06,9.7e-06,1e-07,3.47e-05,3.36e-053.47e-05,3.36e-05
3e-07,1e-07,1e-07,1e-07,1.11e-05,4.6e-06,1e-07,3.38e-05,5.46e-053.38e-05,5.46e-05
3e-07,1e-07,1e-07,1e-07,8.6e-06,5.5e-06,2e-07,3.4e-05,3.44e-053.4e-05,3.44e-05
3e-07,1e-07,1e-07,1.3e-06,4e-06,1.43e-05,1e-07,3.47e-05,3.36e-053.47e-05,3.36e-05
2e-07,2e-07,1e-07,1e-07,9.7e-06,9.2e-06,1e-07,3.41e-05,3.41e-053.41e-05,3.41e-05
2e-07,2e-07,1e-07,1e-07,1.04e-05,2.7e-06,1e-07,3.4e-05,3.51e-053.4e-05,3.51e-05
2e-07,1e-07,1e-07,2e-07,3.5e-06,6e-06,2e-07,3.48e-05,3.47e-053.48e-05,3.47e-05
3e-07,2e-07,2e-07,1e-07,1.5e-06,3.16e-05,2e-07,3.56e-05,3.17e-053.56e-05,3.17e-05
3e-07,2e-07,1e-07,1e-07,1e-06,9e-07,1e-07,3.56e-05,3.53e-053.56e-05,3.53e-05
3e-07,1e-07,2e-07,2e-07,5.7e-06,9.8e-06,2e-07,3.47e-05,3.45e-053.47e-05,3.45e-05
3e-07,2e-07,1e-07,2e-07,2.1e-06,1.01e-05,1e-07,7.22e-05,3.72e-057.22e-05,3.72e-05
2e-07,2e-07,2e-07,1e-07,8.7e-06,1.3e-06,1e-07,3.49e-05,3.56e-053.49e-05,3.56e-05
3e-07,1e-07,1e-07,1e-07,6.1e-06,4.1e-06,1e-07,3.53e-05,3.55e-053.53e-05,3.55e-05
2e-07,1e-07,1e-07,2e-07,4.7e-06,1.06e-05,1e-07,3.56e-05,3.48e-053.56e-05,3.48e-05
3e-07,1e-07,1e-07,2e-07,7.3e-06,7.8e-06,2e-07,3.53e-05,3.52e-053.53e-05,3.52e-05
3e-07,1e-07,1e-07,1e-07,4.1e-06,8.7e-06,2e-07,3.56e-05,3.5e-053.56e-05,3.5e-05
3e-07,1e-07,2e-07,1e-07,1.65e-05,1.59e-05,1e-07,3.5e-05,5.52e-053.5e-05,5.52e-05
3e-07,2e-07,1e-07,1e-07,5e-06,9.1e-06,1e-07,3.57e-05,3.53e-053.57e-05,3.53e-05
3e-07,2e-07,2e-07,2e-07,1.31e-05,1.2e-06,1e-07,3.48e-05,3.63e-053.48e-05,3.63e-05
3e-07,2e-07,2e-07,2e-07,8.9e-06,2.9e-06,2e-07,3.55e-05,3.6e-053.55e-05,3.6e-05
3e-07,2e-07,2e-07,2e-07,1.11e-05,1.3e-06,1e-07,3.51e-05,3.66e-053.51e-05,3.66e-05
3e-07,1e-07,1e-07,1e-07,2e-06,3.6e-06,2e-07,3.64e-05,3.73e-053.64e-05,3.73e-05
3e-07,2e-07,2e-07,2e-07,7e-06,1.46e-05,1e-07,9.09e-05,4.99e-059.09e-05,4.99e-05
2e-07,1e-07,1e-07,1e-07,5e-07,5e-07,2e-07,3.65e-05,3.67e-053.65e-05,3.67e-05
3e-07,1e-07,2e-07,2e-07,8.2e-06,4e-07,1e-07,3.59e-05,3.7e-053.59e-05,3.7e-05
3e-07,1e-07,1e-07,1e-07,7e-06,2.3e-06,1e-07,3.61e-05,3.67e-053.61e-05,3.67e-05
2e-07,2e-07,1e-07,1e-07,4.3e-06,7.1e-06,1e-07,3.64e-05,3.62e-053.64e-05,3.62e-05
2e-07,1e-07,2e-07,2e-07,9e-07,4.4e-06,1e-07,3.69e-05,3.65e-053.69e-05,3.65e-05
3e-07,1e-07,1e-07,2e-07,1.7e-06,7e-06,1e-07,3.68e-05,3.61e-053.68e-05,3.61e-05
3e-07,2e-07,1e-07,1e-07,1.1e-05,6.4e-06,1e-07,3.59e-05,3.75e-053.59e-05,3.75e-05
3e-07,1e-07,1e-07,2e-07,3e-07,2.3e-06,2e-07,3.73e-05,3.71e-053.73e-05,3.71e-05
2e-07,2e-07,1e-07,1e-07,2.5e-06,1.4e-06,1e-07,3.72e-05,3.72e-053.72e-05,3.72e-05
3e-07,1e-07,2e-07,2e-07,7e-07,2.99e-05,1e-07,3.85e-05,3.71e-053.85e-05,3.71e-05
3e-07,2e-07,1e-07,1e-07,8.1e-06,1.1e-05,1e-07,3.67e-05,3.62e-053.67e-05,3.62e-05
2e-07,1e-07,1e-07,1e-07,5.5e-06,3e-07,1e-07,3.71e-05,3.76e-053.71e-05,3.76e-05
3e-07,2e-07,1e-07,2e-07,7.4e-06,1.1e-06,2e-07,7.52e-05,7.06e-057.52e-05,7.06e-05
2e-07,1e-07,1e-07,2e-07,2.58e-05,1.31e-05,2e-07,3.66e-05,3.61e-053.66e-05,3.61e-05
3e-07,1e-07,1e-07,2e-07,4.3e-06,1.8e-06,1e-07,3.73e-05,3.76e-053.73e-05,3.76e-05
2e-07,1e-07,1e-07,2e-07,1.26e-05,9e-07,1e-07,3.65e-05,3.8e-053.65e-05,3.8e-05
3e-07,2e-07,1e-07,1e-07,1.7e-05,3.1e-06,1e-07,3.77e-05,3.77e-053.77e-05,3.77e-05
3e-07,2e-07,1e-07,1e-07,4.6e-06,8.2e-06,2e-07,3.77e-05,3.72e-053.77e-05,3.72e-05
3e-07,2e-07,2e-07,2e-07,5e-07,6e-07,1e-07,3.83e-05,3.82e-053.83e-05,3.82e-05
3e-07,1e-07,1e-07,1e-07,1e-06,3.4e-06,1e-07,3.83e-05,3.8e-053.83e-05,3.8e-05
2e-07,2e-07,1e-07,1e-07,1.1e-06,1.36e-05,1e-07,6.94e-05,5.29e-056.94e-05,5.29e-05
3e-07,1e-07,2e-07,2e-07,1.5e-06,1.6e-06,1e-07,3.82e-05,3.82e-053.82e-05,3.82e-05
3e-07,2e-07,1e-07,1e-07,1.72e-05,7e-07,1e-07,3.64e-05,3.86e-053.64e-05,3.86e-05
3e-07,1e-07,1e-07,2e-07,9.6e-06,7.2e-06,1e-07,3.74e-05,3.75e-053.74e-05,3.75e-05
2e-07,1e-07,1e-07,2e-07,3.8e-06,1.3e-06,1e-07,3.81e-05,3.86e-053.81e-05,3.86e-05
3e-07,4e-07,1e-07,2e-07,5e-07,4.2e-06,3e-07,4.17e-05,4.11e-054.17e-05,4.11e-05
3e-07,1e-07,1e-07,2e-07,1.33e-05,3e-07,1e-07,3.77e-05,3.94e-053.77e-05,3.94e-05
4e-07,2e-07,2e-07,2e-07,4.1e-06,3.6e-06,2e-07,7.66e-05,5.54e-057.66e-05,5.54e-05
2e-07,2e-07,1e-07,1e-07,5.4e-06,1.7e-06,1e-07,4.04e-05,3.99e-054.04e-05,3.99e-05
3e-07,2e-07,1e-07,2e-07,1.8e-05,4.5e-06,1e-07,3.78e-05,3.94e-053.78e-05,3.94e-05
3e-07,1e-07,2e-07,2e-07,8.5e-06,1.3e-06,1e-07,3.89e-05,3.99e-053.89e-05,3.99e-05
3e-07,1e-07,2e-07,2e-07,1.79e-05,5.7e-06,1e-07,3.8e-05,3.93e-053.8e-05,3.93e-05
3e-07,1e-07,2e-07,2e-07,3.1e-06,9e-07,1e-07,3.98e-05,3.99e-053.98e-05,3.99e-05
2e-07,1e-07,1e-07,2e-07,1.74e-05,2.2e-05,2e-07,3.7e-05,3.65e-053.7e-05,3.65e-05
3e-07,1e-07,1e-07,2e-07,1.8e-06,2.2e-06,1e-07,3.92e-05,3.92e-053.92e-05,3.92e-05
2e-07,1e-07,2e-07,2e-07,1.22e-05,1.98e-05,2e-07,3.82e-05,3.7e-053.82e-05,3.7e-05
3e-07,2e-07,1e-07,1e-07,1.5e-06,2.9e-06,1e-07,8.52e-05,8.18e-058.52e-05,8.18e-05
3e-07,1e-07,1e-07,1e-07,3.6e-06,8e-07,1e-07,3.92e-05,3.96e-053.92e-05,3.96e-05
3e-07,2e-07,1e-07,1e-07,7.4e-06,1.16e-05,1e-07,3.89e-05,3.84e-053.89e-05,3.84e-05
3e-07,1e-07,1e-07,1e-07,2.63e-05,2.2e-06,1e-07,5.86e-05,5.35e-055.86e-05,5.35e-05
2e-07,2e-07,2e-07,1e-07,4.3e-06,2.6e-06,1e-07,3.94e-05,3.96e-053.94e-05,3.96e-05
2e-07,1e-07,1e-07,1e-07,1e-05,9.5e-06,1e-07,3.88e-05,3.87e-053.88e-05,3.87e-05
3e-07,2e-07,1e-07,1e-07,8.3e-06,4.7e-06,1e-07,3.9e-05,3.95e-053.9e-05,3.95e-05
3e-07,2e-07,2e-07,2e-07,1.03e-05,4.5e-06,1e-07,3.89e-05,3.95e-053.89e-05,3.95e-05
2e-07,2e-07,2e-07,2e-07,1.3e-06,5e-07,1e-07,4.01e-05,4.02e-054.01e-05,4.02e-05
3e-07,2e-07,1e-07,1e-07,2.7e-06,9.1e-06,1e-07,3.99e-05,3.92e-053.99e-05,3.92e-05
3e-07,1e-07,1e-07,2e-07,7.5e-06,2.2e-06,2e-07,3.94e-05,4e-053.94e-05,4e-05
3e-07,1e-07,1e-07,1e-07,1.6e-06,7e-06,1e-07,3.99e-05,3.96e-053.99e-05,3.96e-05
3e-07,1e-07,1e-07,2e-07,3.76e-05,4.1e-06,1e-07,4.31e-05,7.17e-054.31e-05,7.17e-05
2e-07,2e-07,2e-07,1e-07,1.4e-05,5e-07,1e-07,5.52e-05,4.17e-055.52e-05,4.17e-05
3e-07,1e-07,2e-07,2e-07,3.8e-06,1.4e-06,1e-07,6.06e-05,4.14e-056.06e-05,4.14e-05
3e-07,2e-07,1e-07,1e-07,5e-07,7.8e-06,1e-07,4.07e-05,4e-054.07e-05,4e-05
3e-07,1e-07,1e-07,1e-07,1.39e-05,2.75e-05,1e-07,3.93e-05,3.75e-053.93e-05,3.75e-05
3e-07,2e-07,2e-07,2e-07,6.3e-06,1.62e-05,1e-07,4.04e-05,3.89e-054.04e-05,3.89e-05
3e-07,2e-07,1e-07,1e-07,3e-06,1.04e-05,2e-07,7.58e-05,4.07e-057.58e-05,4.07e-05
3e-07,1e-07,1e-07,1e-07,6.2e-06,5e-06,1e-07,8e-05,5.69e-058e-05,5.69e-05
3e-07,3e-07,2e-07,2e-07,1.08e-05,6.5e-06,1e-07,5.74e-05,5.59e-055.74e-05,5.59e-05
3e-07,2e-07,1e-07,2e-07,1.98e-05,1.88e-05,1e-07,4.18e-05,4.2e-054.18e-05,4.2e-05
2e-07,1e-07,2e-07,1e-07,1.98e-05,2.4e-06,2e-07,4.19e-05,4.42e-054.19e-05,4.42e-05
3e-07,2e-07,2e-07,1e-07,4e-06,1.9e-06,1e-07,4.41e-05,4.41e-054.41e-05,4.41e-05
2e-07,2e-07,1e-07,2e-07,4.9e-06,1e-06,2e-07,4.39e-05,4.43e-054.39e-05,4.43e-05
3e-07,1e-07,2e-07,1e-07,1.2e-06,9e-06,1e-07,4.43e-05,4.35e-054.43e-05,4.35e-05
3e-07,2e-07,1e-07,2e-07,4.1e-06,3e-06,2e-07,4.41e-05,4.52e-054.41e-05,4.52e-05
3e-07,2e-07,1e-07,2e-07,4.5e-06,1.34e-05,2e-07,4.42e-05,4.3e-054.42e-05,4.3e-05
3e-07,1e-07,2e-07,2e-07,2.8e-06,6.7e-06,2e-07,4.47e-05,4.39e-054.47e-05,4.39e-05
3e-07,2e-07,1e-07,2e-07,3.3e-06,1.67e-05,1e-07,4.45e-05,4.29e-054.45e-05,4.29e-05
3e-07,2e-07,1e-07,2e-07,1.41e-05,7.5e-06,1e-07,4.35e-05,4.43e-054.35e-05,4.43e-05
3e-07,2e-07,2e-07,2e-07,1.55e-05,2.56e-05,1e-07,4.32e-05,4.19e-054.32e-05,4.19e-05
3e-07,2e-07,1e-07,3e-07,1.8e-06,5e-07,1e-07,4.53e-05,4.51e-054.53e-05,4.51e-05
3e-07,1e-07,1e-07,1e-07,5.1e-06,6e-07,1e-07,4.45e-05,4.47e-054.45e-05,4.47e-05
3e-07,2e-07,1e-07,2e-07,3.8e-06,6e-06,1e-07,4.48e-05,4.53e-054.48e-05,4.53e-05
3e-07,2e-07,1e-07,2e-07,1.26e-05,1.09e-05,1e-07,4.35e-05,4.4e-054.35e-05,4.4e-05
3e-07,1e-07,1e-07,2e-07,9.1e-06,8.6e-06,1e-07,4.44e-05,4.44e-054.44e-05,4.44e-05
3e-07,1e-07,1e-07,1e-07,1.3e-06,1.88e-05,2e-07,4.52e-05,4.33e-054.52e-05,4.33e-05
3e-07,1e-07,2e-07,1e-07,6.1e-06,1.43e-05,1e-07,4.4e-05,4.28e-054.4e-05,4.28e-05
3e-07,2e-07,1e-07,2e-07,1.2e-06,1.17e-05,1e-07,4.58e-05,4.43e-054.58e-05,4.43e-05
3e-07,1e-07,1e-07,2e-07,6.6e-06,4.9e-06,2e-07,4.51e-05,4.52e-054.51e-05,4.52e-05
2e-07,2e-07,1e-07,2e-07,7e-07,9.6e-06,1e-07,4.56e-05,4.46e-054.56e-05,4.46e-05
3e-07,1e-07,1e-07,1e-07,1.24e-05,1.91e-05,2e-07,4.47e-05,4.35e-054.47e-05,4.35e-05
3e-07,2e-07,1e-07,2e-07,4e-07,9.8e-06,1e-07,4.61e-05,4.47e-054.61e-05,4.47e-05
3e-07,1e-07,2e-07,2e-07,6.5e-06,3.1e-06,2e-07,4.54e-05,4.58e-054.54e-05,4.58e-05
3e-07,1e-07,2e-07,1e-07,2.8e-06,3e-06,1e-07,4.47e-05,4.46e-054.47e-05,4.46e-05
3e-07,1e-07,2e-07,2e-07,1.3e-06,2.8e-06,2e-07,4.51e-05,4.6e-054.51e-05,4.6e-05
2e-07,1e-07,2e-07,1e-07,1.41e-05,2.11e-05,2e-07,4.37e-05,4.26e-054.37e-05,4.26e-05
2e-07,2e-07,1e-07,1e-07,2.7e-06,6.6e-06,1e-07,4.5e-05,4.44e-054.5e-05,4.44e-05
2e-07,2e-07,1e-07,1e-07,6.9e-06,2.3e-06,2e-07,4.55e-05,4.52e-054.55e-05,4.52e-05
2e-07,1e-07,2e-07,2e-07,4.6e-06,6e-07,1e-07,4.62e-05,4.63e-054.62e-05,4.63e-05
3e-07,1e-07,2e-07,2e-07,1.3e-06,7.5e-06,2e-07,6.64e-05,4.6e-056.64e-05,4.6e-05
3e-07,1e-07,1e-07,1e-07,3e-06,5.4e-06,2e-07,6.54e-05,4.62e-056.54e-05,4.62e-05
3e-07,2e-07,1e-07,2e-07,5.8e-06,3.8e-06,1e-07,6.07e-05,6.53e-056.07e-05,6.53e-05
2e-07,1e-07,1e-07,2e-07,7.1e-06,2.8e-06,1e-07,4.5e-05,4.54e-054.5e-05,4.54e-05
3e-07,2e-07,1e-07,2e-07,7.2e-06,1.18e-05,1e-07,4.53e-05,4.45e-054.53e-05,4.45e-05
3e-07,1e-07,2e-07,1e-07,7.5e-06,1.2e-06,1e-07,6.56e-05,4.68e-056.56e-05,4.68e-05
3e-07,2e-07,2e-07,1e-07,6e-06,1.6e-05,1e-07,4.7e-05,4.51e-054.7e-05,4.51e-05
3e-07,1e-07,1e-07,2e-07,1.17e-05,5e-07,1e-07,4.7e-05,4.72e-054.7e-05,4.72e-05
3e-07,2e-07,1e-07,2e-07,2.8e-06,8e-07,1e-07,4.72e-05,4.76e-054.72e-05,4.76e-05
3e-07,1e-07,2e-07,1e-07,4e-07,3.5e-06,1e-07,4.75e-05,4.67e-054.75e-05,4.67e-05
3e-07,1e-07,1e-07,2e-07,2.3e-06,4.6e-06,2e-07,4.64e-05,4.58e-054.64e-05,4.58e-05
3e-07,1e-07,1e-07,2e-07,4.3e-06,3.9e-06,2e-07,6.77e-05,4.7e-056.77e-05,4.7e-05
3e-07,1e-07,1e-07,1e-07,5e-07,1.91e-05,2e-07,4.75e-05,4.41e-054.75e-05,4.41e-05
3e-07,2e-07,2e-07,1e-07,1.62e-05,1e-06,1e-07,4.48e-05,4.67e-054.48e-05,4.67e-05
3e-07,2e-07,1e-07,1e-07,4.3e-06,1.26e-05,1e-07,4.63e-05,4.5e-054.63e-05,4.5e-05
3e-07,2e-07,1e-07,1e-07,1.5e-06,5e-06,1e-07,4.67e-05,4.65e-054.67e-05,4.65e-05
3e-07,1e-07,1e-07,1e-07,2.3e-06,2.98e-05,2e-07,4.66e-05,4.33e-054.66e-05,4.33e-05
3e-07,1e-07,1e-07,2e-07,1.36e-05,1.47e-05,2e-07,0.0001046,5.58e-050.0001046,5.58e-05
2e-07,2e-07,1e-07,1e-07,8e-07,1.32e-05,1e-07,4.71e-05,4.54e-054.71e-05,4.54e-05
3e-07,1e-07,1e-07,1e-07,1.14e-05,3.2e-06,1e-07,4.58e-05,4.66e-054.58e-05,4.66e-05
3e-07,1e-07,2e-07,2e-07,6.2e-06,1.67e-05,1e-07,4.65e-05,4.52e-054.65e-05,4.52e-05
3e-07,1e-07,1e-07,2e-07,4e-07,1.4e-06,1e-07,4.71e-05,4.72e-054.71e-05,4.72e-05
2e-07,1e-07,2e-07,1e-07,2.12e-05,3.2e-06,1e-07,4.48e-05,4.76e-054.48e-05,4.76e-05
3e-07,1e-07,1e-07,2e-07,6.8e-06,2.69e-05,2e-07,4.67e-05,4.44e-054.67e-05,4.44e-05
3e-07,2e-07,1e-07,2e-07,6e-07,9e-07,2e-07,4.75e-05,4.76e-054.75e-05,4.76e-05
2e-07,1e-07,2e-07,2e-07,5.7e-06,1.32e-05,1e-07,4.72e-05,4.6e-054.72e-05,4.6e-05
3e-07,2e-07,1e-07,2e-07,1.3e-06,6e-06,1e-07,4.78e-05,4.69e-054.78e-05,4.69e-05
3e-07,1e-07,1e-07,2e-07,9e-06,1.13e-05,1e-07,4.68e-05,4.73e-054.68e-05,4.73e-05
3e-07,2e-07,1e-07,2e-07,1.5e-06,3.8e-06,1e-07,4.77e-05,7.61e-054.77e-05,7.61e-05
2e-07,1e-07,2e-07,1e-07,1.7e-06,3.7e-06,1e-07,4.75e-05,4.76e-054.75e-05,4.76e-05
3e-07,1e-07,2e-07,2e-07,1.02e-05,8.2e-06,2e-07,4.66e-05,7.55e-054.66e-05,7.55e-05
2e-07,2e-07,1e-07,2e-07,4.4e-06,2.7e-06,1e-07,4.77e-05,4.79e-054.77e-05,4.79e-05
3e-07,1e-07,1e-07,2e-07,2.7e-06,1.74e-05,1e-07,4.81e-05,4.61e-054.81e-05,4.61e-05
3e-07,1e-07,2e-07,1e-07,9.8e-06,2.4e-06,2e-07,4.74e-05,4.81e-054.74e-05,4.81e-05
3e-07,1e-07,1e-07,2e-07,8.3e-06,6.5e-06,1e-07,4.73e-05,4.76e-054.73e-05,4.76e-05
3e-07,2e-07,1e-07,1e-07,3e-06,4e-06,1e-07,4.83e-05,4.8e-054.83e-05,4.8e-05
3e-07,1e-07,2e-07,1e-07,1.29e-05,3.9e-06,2e-07,4.72e-05,4.8e-054.72e-05,4.8e-05
3e-07,1e-07,1e-07,1e-07,4.7e-06,1.4e-05,1e-07,4.79e-05,4.68e-054.79e-05,4.68e-05
3e-07,2e-07,2e-07,1e-07,3e-07,1.48e-05,1e-07,4.87e-05,4.68e-054.87e-05,4.68e-05
3e-07,1e-07,1e-07,2e-07,5.2e-06,3.7e-06,1e-07,4.94e-05,6.39e-054.94e-05,6.39e-05
3e-07,1e-07,1e-07,1e-07,8.2e-06,4e-07,2e-07,4.77e-05,4.9e-054.77e-05,4.9e-05
3e-07,1e-07,1e-07,2e-07,8e-07,1.2e-06,1e-07,4.9e-05,4.95e-054.9e-05,4.95e-05
2e-07,1e-07,1e-07,2e-07,2.6e-06,6.1e-06,2e-07,4.66e-05,4.6e-054.66e-05,4.6e-05
2e-07,2e-07,1e-07,1e-07,2.3e-06,8.1e-06,2e-07,4.69e-05,4.61e-054.69e-05,4.61e-05
2e-07,1e-07,1e-07,1e-07,1e-06,2.7e-06,1e-07,4.71e-05,4.67e-054.71e-05,4.67e-05
3e-07,2e-07,2e-07,2e-07,1.16e-05,4.5e-06,1e-07,6.56e-05,0.00016.56e-05,0.0001
2e-07,2e-07,1e-07,1e-07,7e-06,4.6e-06,1e-07,4.66e-05,4.65e-054.66e-05,4.65e-05
3e-07,1e-07,1e-07,1e-07,3.2e-06,2.61e-05,1e-07,4.69e-05,4.42e-054.69e-05,4.42e-05
2e-07,1e-07,1e-07,1e-07,6.5e-06,5.9e-06,1e-07,4.75e-05,4.67e-054.75e-05,4.67e-05
3e-07,1e-07,1e-07,1e-07,1.09e-05,4.1e-06,1e-07,4.63e-05,4.7e-054.63e-05,4.7e-05
3e-07,1e-07,2e-07,2e-07,2.4e-06,2.56e-05,2e-07,0.0001173,0.00011910.0001173,0.0001191
3e-07,2e-07,1e-07,2e-07,1.2e-06,4e-06,2e-07,6.17e-05,4.7e-056.17e-05,4.7e-05
3e-07,1e-07,1e-07,1e-07,4.7e-06,1.43e-05,1e-07,4.73e-05,4.59e-054.73e-05,4.59e-05
2e-07,1e-07,1e-07,1e-07,3e-07,6.3e-06,2e-07,4.76e-05,4.78e-054.76e-05,4.78e-05
3e-07,2e-07,1e-07,1e-07,6.1e-06,8.9e-06,1e-07,4.69e-05,4.66e-054.69e-05,4.66e-05
2e-07,1e-07,1e-07,2e-07,5e-07,1.76e-05,1e-07,4.77e-05,4.59e-054.77e-05,4.59e-05
3e-07,1e-07,2e-07,2e-07,4e-07,1.9e-06,1e-07,7.66e-05,4.8e-057.66e-05,4.8e-05
2e-07,1e-07,1e-07,1e-07,2.5e-06,2.7e-06,1e-07,4.77e-05,4.76e-054.77e-05,4.76e-05
2e-07,1e-07,2e-07,2e-07,2.7e-06,6.1e-06,1e-07,4.77e-05,4.74e-054.77e-05,4.74e-05
3e-07,1e-07,2e-07,2e-07,2.12e-05,7.2e-06,2e-07,4.57e-05,4.74e-054.57e-05,4.74e-05
3e-07,1e-07,2e-07,2e-07,1.7e-05,2.2e-06,1e-07,4.63e-05,4.79e-054.63e-05,4.79e-05
2e-07,1e-07,1e-07,1e-07,4.2e-06,8.2e-06,1e-07,4.79e-05,4.73e-054.79e-05,4.73e-05
3e-07,1e-07,1e-07,1e-07,6.1e-06,1.14e-05,1e-07,4.77e-05,4.72e-054.77e-05,4.72e-05
3e-07,2e-07,1e-07,1e-07,2.7e-06,6.9e-06,1e-07,4.8e-05,4.78e-054.8e-05,4.78e-05
2e-07,2e-07,2e-07,2e-07,1.16e-05,7.5e-06,1e-07,4.73e-05,4.77e-054.73e-05,4.77e-05
3e-07,1e-07,1e-07,2e-07,1.32e-05,4.26e-05,2e-07,4.73e-05,4.35e-054.73e-05,4.35e-05
3e-07,1e-07,2e-07,2e-07,3e-07,4.7e-06,2e-07,4.88e-05,4.83e-054.88e-05,4.83e-05
3e-07,1e-07,2e-07,1e-07,1.8e-06,3.9e-06,1e-07,4.86e-05,4.82e-054.86e-05,4.82e-05
2e-07,1e-07,1e-07,2e-07,2.19e-05,5e-07,1e-07,4.61e-05,4.88e-054.61e-05,4.88e-05
3e-07,1e-07,1e-07,2e-07,6.8e-06,1.07e-05,2e-07,4.84e-05,4.74e-054.84e-05,4.74e-05
2e-07,2e-07,1e-07,1e-07,2.16e-05,8.1e-06,2e-07,4.65e-05,4.83e-054.65e-05,4.83e-05
3e-07,2e-07,2e-07,2e-07,4.6e-06,2e-06,1e-07,6.74e-05,5.01e-056.74e-05,5.01e-05
2e-07,1e-07,1e-07,2e-07,2.3e-06,1.34e-05,1e-07,4.9e-05,0.00010414.9e-05,0.0001041
3e-07,1e-07,1e-07,1e-07,6.2e-06,2.5e-06,2e-07,4.85e-05,4.89e-054.85e-05,4.89e-05
3e-07,1e-07,1e-07,1e-07,4.2e-06,7.1e-06,2e-07,4.92e-05,4.83e-054.92e-05,4.83e-05
3e-07,1e-07,1e-07,2e-07,1.87e-05,6.4e-06,2e-07,4.7e-05,4.89e-054.7e-05,4.89e-05
2e-07,2e-07,1e-07,1e-07,1.5e-06,5.6e-06,1e-07,4.93e-05,4.88e-054.93e-05,4.88e-05
3e-07,2e-07,1e-07,1e-07,8.5e-06,7e-06,1e-07,4.85e-05,4.87e-054.85e-05,4.87e-05
3e-07,1e-07,1e-07,1e-07,1.4e-05,1.4e-06,1e-07,4.81e-05,4.94e-054.81e-05,4.94e-05
2e-07,1e-07,1e-07,2e-07,5.7e-06,5.4e-06,1e-07,4.92e-05,4.93e-054.92e-05,4.93e-05
3e-07,2e-07,1e-07,1e-07,4.2e-06,1.49e-05,1e-07,4.93e-05,4.79e-054.93e-05,4.79e-05
3e-07,1e-07,1e-07,2e-07,7e-06,1.8e-06,2e-07,8.54e-05,9.5e-058.54e-05,9.5e-05
2e-07,2e-07,1e-07,1e-07,1.3e-06,2.39e-05,2e-07,4.98e-05,4.72e-054.98e-05,4.72e-05
3e-07,2e-07,1e-07,1e-07,7.6e-06,2.8e-06,1e-07,4.94e-05,4.95e-054.94e-05,4.95e-05
3e-07,1e-07,2e-07,2e-07,6.2e-06,1.2e-06,1e-07,4.94e-05,5e-054.94e-05,5e-05
3e-07,2e-07,2e-07,2e-07,2.8e-06,4e-07,1e-07,4.98e-05,5.02e-054.98e-05,5.02e-05
3e-07,2e-07,1e-07,1e-07,1.9e-06,5.1e-06,1e-07,5.03e-05,4.97e-055.03e-05,4.97e-05
3e-07,1e-07,2e-07,2e-07,9.1e-06,1.5e-06,2e-07,4.94e-05,5.03e-054.94e-05,5.03e-05
2e-07,2e-07,1e-07,1e-07,4.8e-06,9e-07,1e-07,4.99e-05,5.03e-054.99e-05,5.03e-05
3e-07,1e-07,1e-07,2e-07,1e-05,1.3e-06,2e-07,4.93e-05,5.02e-054.93e-05,5.02e-05
3e-07,1e-07,1e-07,2e-07,2.3e-06,3e-06,1e-07,5.08e-05,5.02e-055.08e-05,5.02e-05
3e-07,2e-07,1e-07,2e-07,1.26e-05,3.8e-06,1e-07,0.000111,0.00010250.000111,0.0001025
2e-07,2e-07,1e-07,1e-07,1.7e-06,2.3e-06,1e-07,5.07e-05,5.07e-055.07e-05,5.07e-05
2e-07,1e-07,2e-07,1e-07,1.74e-05,1.9e-06,1e-07,4.88e-05,7.11e-054.88e-05,7.11e-05
3e-07,2e-07,1e-07,1e-07,2.5e-06,3.05e-05,1e-07,6.44e-05,8.47e-056.44e-05,8.47e-05
2e-07,1e-07,1e-07,1e-07,4e-07,3.5e-06,1e-07,5.17e-05,5.08e-055.17e-05,5.08e-05
3e-07,1e-07,1e-07,2e-07,1.2e-06,1.71e-05,1e-07,5.12e-05,4.9e-055.12e-05,4.9e-05
3e-07,1e-07,1e-07,2e-07,5e-06,6e-07,1e-07,5.05e-05,5.08e-055.05e-05,5.08e-05
3e-07,2e-07,1e-07,1e-07,2.3e-06,3.31e-05,2e-07,5.12e-05,4.73e-055.12e-05,4.73e-05
2e-07,2e-07,1e-07,1e-07,1.5e-06,3e-06,1e-07,5.11e-05,5.08e-055.11e-05,5.08e-05
3e-07,1e-07,2e-07,1e-07,9e-07,4e-06,1e-07,5.11e-05,5.1e-055.11e-05,5.1e-05
3e-07,1e-07,2e-07,1e-07,8e-07,1.2e-06,1e-07,5.56e-05,5.52e-055.56e-05,5.52e-05
3e-07,2e-07,1e-07,1e-07,6e-07,7.6e-06,1e-07,5.29e-05,5.2e-055.29e-05,5.2e-05
3e-07,2e-07,1e-07,1e-07,4.2e-06,3.37e-05,1e-07,5.5e-05,5.12e-055.5e-05,5.12e-05
2e-07,1e-07,2e-07,2e-07,2.1e-06,3.22e-05,2e-07,5.28e-05,4.89e-055.28e-05,4.89e-05
3e-07,2e-07,1e-07,1e-07,5e-07,6e-06,2e-07,5.32e-05,5.21e-055.32e-05,5.21e-05
2e-07,1e-07,1e-07,2e-07,8e-07,2.9e-06,1e-07,5.59e-05,6.92e-055.59e-05,6.92e-05
3e-07,2e-07,2e-07,1e-07,5.9e-06,7.5e-06,1e-07,5.52e-05,5.48e-055.52e-05,5.48e-05
3e-07,1e-07,2e-07,1e-07,2.05e-05,7.3e-06,2e-07,7.38e-05,5.24e-057.38e-05,5.24e-05
3e-07,2e-07,1e-07,2e-07,1.48e-05,9e-07,2e-07,5.4e-05,5.59e-055.4e-05,5.59e-05
3e-07,2e-07,1e-07,2e-07,6.3e-06,9.5e-06,2e-07,5.52e-05,5.49e-055.52e-05,5.49e-05
3e-07,1e-07,2e-07,1e-07,6.3e-06,6.3e-06,1e-07,5.54e-05,5.54e-055.54e-05,5.54e-05
3e-07,2e-07,1e-07,2e-07,3.6e-06,1.7e-06,1e-07,5.56e-05,5.59e-055.56e-05,5.59e-05
3e-07,1e-07,2e-07,1e-07,1.33e-05,1.78e-05,2e-07,5.47e-05,5.42e-055.47e-05,5.42e-05
3e-07,4e-07,1e-07,2e-07,2.7e-06,2.5e-06,2e-07,5.66e-05,5.62e-055.66e-05,5.62e-05
3e-07,2e-07,2e-07,1e-07,9e-07,2.85e-05,2e-07,5.64e-05,5.3e-055.64e-05,5.3e-05
3e-07,1e-07,1e-07,2e-07,4e-06,2.3e-05,2e-07,5.59e-05,5.37e-055.59e-05,5.37e-05
4e-07,2e-07,1e-07,1e-07,2.3e-05,5.9e-06,2e-07,5.38e-05,5.57e-055.38e-05,5.57e-05
3e-07,2e-07,1e-07,2e-07,7.9e-06,2.9e-06,1e-07,5.55e-05,5.6e-055.55e-05,5.6e-05
2e-07,2e-07,2e-07,1e-07,1e-05,2.91e-05,1e-07,5.55e-05,5.32e-055.55e-05,5.32e-05
3e-07,2e-07,1e-07,1e-07,6.8e-06,2.4e-06,1e-07,5.58e-05,5.66e-055.58e-05,5.66e-05
2e-07,1e-07,1e-07,1e-07,3.7e-06,3.7e-06,2e-07,5.65e-05,5.63e-055.65e-05,5.63e-05
3e-07,1e-07,1e-07,1e-07,4.2e-06,1.6e-06,2e-07,5.64e-05,5.67e-055.64e-05,5.67e-05
3e-07,2e-07,1e-07,1e-07,6e-06,1.05e-05,1e-07,5.41e-05,5.32e-055.41e-05,5.32e-05
3e-07,1e-07,2e-07,2e-07,1.3e-06,3.3e-06,2e-07,5.45e-05,5.41e-055.45e-05,5.41e-05
3e-07,2e-07,1e-07,1e-07,1.04e-05,2.63e-05,1e-07,5.34e-05,5.13e-055.34e-05,5.13e-05
3e-07,2e-07,1e-07,1e-07,4.6e-06,6.7e-06,1e-07,5.7e-05,5.67e-055.7e-05,5.67e-05
3e-07,1e-07,1e-07,2e-07,2e-07,4.2e-06,1e-07,5.57e-05,5.41e-055.57e-05,5.41e-05
2e-07,3e-07,2e-07,1e-07,1.25e-05,3.6e-06,1e-07,5.36e-05,5.46e-055.36e-05,5.46e-05
2e-07,2e-07,1e-07,1e-07,1.4e-06,8.3e-06,2e-07,5.46e-05,7.6e-055.46e-05,7.6e-05
3e-07,2e-07,1e-07,2e-07,2.6e-06,1.35e-05,1e-07,5.48e-05,5.33e-055.48e-05,5.33e-05
3e-07,1e-07,2e-07,1e-07,3e-06,6e-07,2e-07,5.74e-05,5.76e-055.74e-05,5.76e-05
3e-07,1e-07,1e-07,1e-07,2.8e-06,1e-06,1e-07,5.49e-05,5.51e-055.49e-05,5.51e-05
2e-07,2e-07,1e-07,1e-07,3.7e-06,7.8e-06,2e-07,5.48e-05,5.42e-055.48e-05,5.42e-05
2e-07,1e-07,2e-07,1e-07,5.4e-06,1.26e-05,1e-07,5.48e-05,5.36e-055.48e-05,5.36e-05
2e-07,1e-07,2e-07,1e-07,4.4e-06,7.9e-06,1e-07,5.51e-05,7.71e-055.51e-05,7.71e-05
3e-07,2e-07,1e-07,2e-07,1.43e-05,6.4e-06,1e-07,5.36e-05,5.47e-055.36e-05,5.47e-05
3e-07,1e-07,1e-07,1e-07,1.3e-05,4.1e-06,1e-07,5.27e-05,5.36e-055.27e-05,5.36e-05
3e-07,3e-07,1e-07,2e-07,2.9e-06,3.3e-06,1e-07,5.52e-05,5.4e-055.52e-05,5.4e-05
3e-07,2e-07,1e-07,1e-07,3.2e-06,2.3e-06,1e-07,5.43e-05,5.4e-055.43e-05,5.4e-05
3e-07,1e-07,1e-07,2e-07,6.7e-06,2.1e-06,1e-07,5.38e-05,5.45e-055.38e-05,5.45e-05
2e-07,1e-07,1e-07,2e-07,6.4e-06,9.4e-06,2e-07,5.38e-05,5.35e-055.38e-05,5.35e-05
3e-07,1e-07,1e-07,1e-07,1.27e-05,8.8e-06,2e-07,5.34e-05,5.36e-055.34e-05,5.36e-05
2e-07,1e-07,2e-07,2e-07,2.45e-05,2.5e-06,1e-07,5.19e-05,5.46e-055.19e-05,5.46e-05
2e-07,1e-07,1e-07,2e-07,2.1e-06,3.3e-06,2e-07,5.46e-05,5.44e-055.46e-05,5.44e-05
2e-07,1e-07,1e-07,2e-07,1e-06,5e-07,2e-07,5.54e-05,5.57e-055.54e-05,5.57e-05
3e-07,1e-07,1e-07,2e-07,1.6e-06,2.5e-06,1e-07,5.51e-05,5.48e-055.51e-05,5.48e-05
3e-07,1e-07,1e-07,2e-07,2.7e-06,2.6e-06,2e-07,5.52e-05,5.47e-055.52e-05,5.47e-05
3e-07,1e-07,1e-07,1e-07,1.65e-05,7e-07,1e-07,5.47e-05,5.69e-055.47e-05,5.69e-05
2e-07,2e-07,1e-07,2e-07,1.5e-06,2.5e-06,1e-07,6.92e-05,5.46e-056.92e-05,5.46e-05
3e-07,1e-07,1e-07,1e-07,5.9e-06,5.1e-06,1e-07,5.47e-05,5.47e-055.47e-05,5.47e-05
3e-07,2e-07,1e-07,2e-07,2.8e-06,3.6e-06,1e-07,5.64e-05,5.63e-055.64e-05,5.63e-05
3e-07,2e-07,2e-07,2e-07,1.31e-05,6.2e-06,1e-07,5.41e-05,5.47e-055.41e-05,5.47e-05
3e-07,1e-07,2e-07,2e-07,2.34e-05,2.4e-06,1e-07,5.28e-05,5.52e-055.28e-05,5.52e-05
3e-07,2e-07,1e-07,2e-07,1.99e-05,1.31e-05,2e-07,7.52e-05,6.94e-057.52e-05,6.94e-05
2e-07,1e-07,2e-07,2e-07,2.42e-05,2.8e-06,1e-07,5.28e-05,5.53e-055.28e-05,5.53e-05
3e-07,3e-07,1e-07,3e-07,5.7e-06,1.8e-06,1e-07,7.33e-05,7.55e-057.33e-05,7.55e-05
3e-07,2e-07,1e-07,2e-07,1.54e-05,5.1e-06,2e-07,5.86e-05,5.96e-055.86e-05,5.96e-05
2e-07,2e-07,1e-07,1e-07,6e-07,3.2e-06,1e-07,5.6e-05,5.54e-055.6e-05,5.54e-05
3e-07,2e-07,2e-07,2e-07,6e-07,4e-06,1e-07,5.6e-05,5.54e-055.6e-05,5.54e-05
2e-07,1e-07,2e-07,2e-07,2.3e-06,5e-06,1e-07,5.62e-05,5.56e-055.62e-05,5.56e-05
3e-07,2e-07,2e-07,2e-07,4.6e-06,3e-06,1e-07,5.57e-05,5.58e-055.57e-05,5.58e-05
2e-07,1e-07,1e-07,2e-07,1.05e-05,1.03e-05,1e-07,5.52e-05,5.51e-055.52e-05,5.51e-05
3e-07,2e-07,1e-07,1e-07,1.99e-05,4.1e-06,2e-07,5.41e-05,5.6e-055.41e-05,5.6e-05
3e-07,1e-07,2e-07,2e-07,7.2e-06,4e-06,2e-07,5.58e-05,5.59e-055.58e-05,5.59e-05
5e-07,3e-07,1e-07,3e-07,7.4e-06,7e-07,1e-07,5.65e-05,5.69e-055.65e-05,5.69e-05
2e-07,2e-07,1e-07,1e-07,4.3e-06,4.5e-06,2e-07,5.68e-05,5.65e-055.68e-05,5.65e-05
2e-07,2e-07,2e-07,1e-07,1.01e-05,6.8e-06,1e-07,5.55e-05,5.61e-055.55e-05,5.61e-05
3e-07,1e-07,2e-07,2e-07,2.7e-06,6e-07,1e-07,5.79e-05,5.79e-055.79e-05,5.79e-05
3e-07,2e-07,2e-07,2e-07,1.2e-06,2e-06,1e-07,6.23e-05,6.13e-056.23e-05,6.13e-05
4e-07,2e-07,1e-07,2e-07,1.3e-06,1.58e-05,2e-07,6.12e-05,5.9e-056.12e-05,5.9e-05
3e-07,2e-07,2e-07,1e-07,2.6e-06,3.53e-05,2e-07,6.07e-05,5.68e-056.07e-05,5.68e-05
3e-07,2e-07,2e-07,1e-07,8.2e-06,2.3e-06,2e-07,6.02e-05,6.1e-056.02e-05,6.1e-05
3e-07,1e-07,2e-07,1e-07,5e-07,3.1e-06,1e-07,6.17e-05,6.08e-056.17e-05,6.08e-05
3e-07,2e-07,2e-07,2e-07,2.3e-06,8e-06,2e-07,6.1e-05,6.04e-056.1e-05,6.04e-05
3e-07,1e-07,2e-07,1e-07,1.44e-05,1.43e-05,2e-07,5.97e-05,5.97e-055.97e-05,5.97e-05
3e-07,2e-07,2e-07,2e-07,8.5e-06,9.7e-06,2e-07,6.09e-05,6.04e-056.09e-05,6.04e-05
3e-07,2e-07,2e-07,2e-07,6.6e-06,1.8e-06,1e-07,6.07e-05,7.77e-056.07e-05,7.77e-05
2e-07,2e-07,1e-07,2e-07,1e-05,1.9e-06,2e-07,6.07e-05,6.17e-056.07e-05,6.17e-05
3e-07,1e-07,2e-07,1e-07,4.7e-06,1.03e-05,1e-07,6.15e-05,6.08e-056.15e-05,6.08e-05
2e-07,2e-07,1e-07,1e-07,1.3e-06,7.9e-06,2e-07,5.93e-05,5.83e-055.93e-05,5.83e-05
2e-07,3e-07,2e-07,1e-07,1.43e-05,1.56e-05,2e-07,6.04e-05,7.14e-056.04e-05,7.14e-05
2e-07,2e-07,2e-07,1e-07,3.9e-06,2.83e-05,2e-07,6.27e-05,5.86e-056.27e-05,5.86e-05
3e-07,2e-07,1e-07,2e-07,5.1e-06,4e-07,2e-07,6.18e-05,6.22e-056.18e-05,6.22e-05
3e-07,2e-07,1e-07,1e-07,9.7e-06,2.9e-06,2e-07,6.12e-05,6.18e-056.12e-05,6.18e-05
2e-07,1e-07,1e-07,2e-07,1.6e-06,8.6e-06,1e-07,6.2e-05,6.12e-056.2e-05,6.12e-05
3e-07,2e-07,2e-07,2e-07,8.4e-06,8.1e-06,2e-07,6.22e-05,6.14e-056.22e-05,6.14e-05
3e-07,1e-07,2e-07,1e-07,1.8e-06,2.9e-06,2e-07,6.24e-05,7.49e-056.24e-05,7.49e-05
3e-07,1e-07,2e-07,2e-07,4.6e-06,1.6e-06,1e-07,5.78e-05,5.84e-055.78e-05,5.84e-05
3e-07,2e-07,1e-07,2e-07,1.07e-05,2.16e-05,2e-07,5.74e-05,5.57e-055.74e-05,5.57e-05
3e-07,2e-07,1e-07,2e-07,1.29e-05,2.4e-06,1e-07,5.73e-05,5.84e-055.73e-05,5.84e-05
3e-07,2e-07,2e-07,1e-07,3e-06,5.8e-06,1e-07,5.83e-05,5.8e-055.83e-05,5.8e-05
3e-07,1e-07,2e-07,2e-07,6.2e-06,4.3e-06,1e-07,5.8e-05,5.85e-055.8e-05,5.85e-05
2e-07,1e-07,1e-07,2e-07,2.1e-06,9.4e-06,1e-07,5.84e-05,5.77e-055.84e-05,5.77e-05
2e-07,1e-07,1e-07,2e-07,2e-06,1.7e-06,1e-07,5.87e-05,5.87e-055.87e-05,5.87e-05
3e-07,1e-07,2e-07,1e-07,9e-07,9.3e-06,1e-07,9.09e-05,5.88e-059.09e-05,5.88e-05
2e-07,1e-07,1e-07,2e-07,1.37e-05,5e-07,1e-07,5.74e-05,5.91e-055.74e-05,5.91e-05
3e-07,1e-07,1e-07,2e-07,9e-07,6e-06,1e-07,5.91e-05,5.81e-055.91e-05,5.81e-05
2e-07,2e-07,1e-07,2e-07,1.95e-05,3.7e-06,2e-07,5.88e-05,5.86e-055.88e-05,5.86e-05
2e-07,1e-07,2e-07,2e-07,1.34e-05,2.39e-05,1e-07,5.77e-05,5.64e-055.77e-05,5.64e-05
3e-07,2e-07,2e-07,1e-07,5.9e-06,8.8e-06,1e-07,5.88e-05,5.81e-055.88e-05,5.81e-05
3e-07,1e-07,2e-07,2e-07,1.3e-06,6e-07,1e-07,5.95e-05,5.93e-055.95e-05,5.93e-05
3e-07,1e-07,1e-07,2e-07,7.6e-06,2.18e-05,1e-07,5.86e-05,5.71e-055.86e-05,5.71e-05
3e-07,1e-07,1e-07,2e-07,1e-05,1.26e-05,1e-07,5.99e-05,5.96e-055.99e-05,5.96e-05
2e-07,1e-07,1e-07,2e-07,9e-07,2e-06,1e-07,5.98e-05,5.93e-055.98e-05,5.93e-05
3e-07,1e-07,2e-07,2e-07,6e-07,1.24e-05,1e-07,5.97e-05,5.84e-055.97e-05,5.84e-05
3e-07,2e-07,2e-07,2e-07,8.7e-06,9.98e-05,1e-07,7.59e-05,5.69e-057.59e-05,5.69e-05
2e-07,2e-07,2e-07,2e-07,9.5e-06,1.19e-05,2e-07,5.89e-05,5.86e-055.89e-05,5.86e-05
3e-07,1e-07,1e-07,1e-07,4.9e-06,3.2e-06,2e-07,5.96e-05,5.96e-055.96e-05,5.96e-05
2e-07,1e-07,1e-07,1e-07,7.1e-06,5.2e-06,1e-07,5.94e-05,5.95e-055.94e-05,5.95e-05
3e-07,1e-07,1e-07,2e-07,4.7e-06,9.9e-06,2e-07,5.95e-05,7.3e-055.95e-05,7.3e-05
2e-07,1e-07,2e-07,2e-07,2.69e-05,1.08e-05,2e-07,5.68e-05,5.9e-055.68e-05,5.9e-05
2e-07,2e-07,1e-07,1e-07,7e-06,1.29e-05,1e-07,6.08e-05,6.03e-056.08e-05,6.03e-05
3e-07,1e-07,1e-07,2e-07,4.1e-06,6.8e-06,1e-07,5.96e-05,5.96e-055.96e-05,5.96e-05
2e-07,2e-07,1e-07,1e-07,1.62e-05,5.1e-06,2e-07,5.87e-05,6.05e-055.87e-05,6.05e-05
3e-07,2e-07,1e-07,1e-07,3.25e-05,1.9e-06,2e-07,0.0001197,7.73e-050.0001197,7.73e-05
2e-07,1e-07,1e-07,1e-07,4.3e-06,3e-07,1e-07,6e-05,6.06e-056e-05,6.06e-05
3e-07,1e-07,1e-07,1e-07,5.4e-06,5.9e-06,1e-07,8e-05,9.4e-058e-05,9.4e-05
3e-07,2e-07,1e-07,1e-07,4.7e-06,1.5e-05,1e-07,6.02e-05,5.88e-056.02e-05,5.88e-05
2e-07,1e-07,2e-07,2e-07,4e-07,9.6e-06,1e-07,8.38e-05,6.38e-058.38e-05,6.38e-05
2e-07,2e-07,1e-07,2e-07,2.42e-05,2.1e-06,2e-07,9.42e-05,9.59e-059.42e-05,9.59e-05
3e-07,2e-07,2e-07,2e-07,2.9e-06,1.2e-05,2e-07,6.74e-05,6.47e-056.74e-05,6.47e-05
3e-07,1e-07,2e-07,2e-07,8.6e-06,1.23e-05,1e-07,6.16e-05,6.1e-056.16e-05,6.1e-05
3e-07,3e-07,2e-07,3e-07,7.9e-06,1.36e-05,1e-07,8.11e-05,6.93e-058.11e-05,6.93e-05
3e-07,1e-07,2e-07,2e-07,5.6e-06,4.7e-06,2e-07,6.18e-05,6.19e-056.18e-05,6.19e-05
2e-07,1e-07,2e-07,2e-07,1.3e-06,1.8e-06,1e-07,8.51e-05,9.93e-058.51e-05,9.93e-05
3e-07,1e-07,2e-07,2e-07,2.2e-06,9.6e-06,1e-07,6.26e-05,6.16e-056.26e-05,6.16e-05
4e-07,1e-07,1e-07,2e-07,1.8e-06,8e-07,1e-07,6.37e-05,6.3e-056.37e-05,6.3e-05
3e-07,2e-07,1e-07,2e-07,8e-07,2.38e-05,3e-07,7.6e-05,6.38e-057.6e-05,6.38e-05
3e-07,1e-07,2e-07,1e-07,8e-06,1.15e-05,1e-07,6.53e-05,6.45e-056.53e-05,6.45e-05
3e-07,3e-07,1e-07,2e-07,3.6e-06,9e-07,2e-07,6.81e-05,6.62e-056.81e-05,6.62e-05
4e-07,1e-07,1e-07,2e-07,1.9e-06,1.18e-05,2e-07,6.58e-05,6.57e-056.58e-05,6.57e-05
4e-07,3e-07,2e-07,2e-07,7.1e-06,1.01e-05,1e-07,6.54e-05,6.48e-056.54e-05,6.48e-05
3e-07,2e-07,2e-07,2e-07,2.2e-06,1.1e-06,1e-07,6.59e-05,6.61e-056.59e-05,6.61e-05
2e-07,2e-07,2e-07,1e-07,5.9e-06,4.4e-06,2e-07,6.59e-05,6.56e-056.59e-05,6.56e-05
3e-07,2e-07,1e-07,2e-07,6.8e-06,1.21e-05,2e-07,6.69e-05,6.47e-056.69e-05,6.47e-05
3e-07,1e-07,2e-07,2e-07,4.1e-06,1.7e-06,1e-07,6.44e-05,6.33e-056.44e-05,6.33e-05
3e-07,1e-07,2e-07,2e-07,6.9e-06,4e-06,1e-07,6.27e-05,6.34e-056.27e-05,6.34e-05
3e-07,2e-07,1e-07,2e-07,5.7e-06,1.28e-05,2e-07,6.61e-05,6.5e-056.61e-05,6.5e-05
3e-07,1e-07,2e-07,2e-07,1.08e-05,4e-07,1e-07,6.26e-05,6.37e-056.26e-05,6.37e-05
2e-07,3e-07,2e-07,2e-07,7e-07,1.3e-05,2e-07,6.43e-05,8.38e-056.43e-05,8.38e-05
3e-07,2e-07,1e-07,1e-07,9.4e-06,6e-06,1e-07,6.29e-05,6.28e-056.29e-05,6.28e-05
3e-07,1e-07,2e-07,2e-07,3.5e-06,1.2e-06,2e-07,6.47e-05,6.37e-056.47e-05,6.37e-05
3e-07,1e-07,2e-07,2e-07,8e-06,3e-07,2e-07,6.3e-05,6.44e-056.3e-05,6.44e-05
3e-07,2e-07,1e-07,1e-07,3.4e-06,2e-07,1e-07,6.39e-05,6.42e-056.39e-05,6.42e-05
3e-07,1e-07,1e-07,2e-07,9e-07,3.5e-06,1e-07,6.42e-05,6.39e-056.42e-05,6.39e-05
3e-07,2e-07,1e-07,1e-07,1.73e-05,1.2e-06,1e-07,6.23e-05,6.46e-056.23e-05,6.46e-05
3e-07,1e-07,1e-07,2e-07,3e-07,5e-07,1e-07,8.46e-05,8.24e-058.46e-05,8.24e-05
3e-07,3e-07,1e-07,1e-07,4e-06,2.83e-05,1e-07,7.74e-05,6.2e-057.74e-05,6.2e-05
2e-07,2e-07,1e-07,1e-07,1.5e-06,1.9e-06,1e-07,6.46e-05,6.45e-056.46e-05,6.45e-05
2e-07,2e-07,1e-07,1e-07,5.7e-06,2e-06,1e-07,6.25e-05,6.31e-056.25e-05,6.31e-05
3e-07,2e-07,1e-07,2e-07,7.2e-06,3.5e-06,1e-07,8.29e-05,6.44e-058.29e-05,6.44e-05
3e-07,1e-07,1e-07,1e-07,2.52e-05,1.5e-06,1e-07,6.03e-05,6.33e-056.03e-05,6.33e-05
3e-07,1e-07,2e-07,2e-07,1.44e-05,1.35e-05,1e-07,6.16e-05,6.28e-056.16e-05,6.28e-05
2e-07,1e-07,1e-07,1e-07,8e-07,7e-07,1e-07,6.39e-05,6.36e-056.39e-05,6.36e-05
3e-07,1e-07,1e-07,2e-07,1.9e-05,6.3e-06,2e-07,6.19e-05,6.3e-056.19e-05,6.3e-05
2e-07,2e-07,2e-07,2e-07,1.1e-06,1.31e-05,1e-07,8.45e-05,7.68e-058.45e-05,7.68e-05
2e-07,2e-07,2e-07,2e-07,3.7e-06,1.66e-05,2e-07,7.66e-05,6.19e-057.66e-05,6.19e-05
3e-07,1e-07,1e-07,2e-07,8e-06,3.21e-05,2e-07,7.78e-05,6.36e-057.78e-05,6.36e-05
3e-07,1e-07,1e-07,2e-07,2.7e-06,2.5e-06,1e-07,6.38e-05,6.37e-056.38e-05,6.37e-05
3e-07,1e-07,1e-07,2e-07,2.9e-06,1.9e-06,2e-07,6.37e-05,6.37e-056.37e-05,6.37e-05
2e-07,1e-07,2e-07,2e-07,4.1e-06,3.7e-06,1e-07,6.37e-05,6.35e-056.37e-05,6.35e-05
2e-07,2e-07,1e-07,1e-07,2.9e-06,4.3e-06,2e-07,6.41e-05,6.4e-056.41e-05,6.4e-05
3e-07,1e-07,2e-07,2e-07,3.9e-06,6.4e-06,2e-07,6.42e-05,6.38e-056.42e-05,6.38e-05
2e-07,2e-07,1e-07,1e-07,1.8e-06,1.85e-05,1e-07,6.53e-05,6.22e-056.53e-05,6.22e-05
3e-07,2e-07,1e-07,2e-07,5.3e-06,3.6e-06,2e-07,7.87e-05,8.54e-057.87e-05,8.54e-05
2e-07,1e-07,1e-07,1e-07,7.8e-06,8.4e-06,2e-07,6.36e-05,8.42e-056.36e-05,8.42e-05
3e-07,1e-07,1e-07,2e-07,1.9e-06,5.4e-06,2e-07,6.44e-05,6.38e-056.44e-05,6.38e-05
3e-07,2e-07,1e-07,1e-07,2.89e-05,1.5e-06,2e-07,6.11e-05,6.48e-056.11e-05,6.48e-05
3e-07,2e-07,1e-07,1e-07,6e-07,5.6e-06,2e-07,6.51e-05,8.51e-056.51e-05,8.51e-05
2e-07,1e-07,1e-07,1e-07,5.7e-06,3.4e-06,2e-07,6.45e-05,6.52e-056.45e-05,6.52e-05
3e-07,1e-07,1e-07,1e-07,1.1e-06,2.84e-05,1e-07,6.49e-05,6.15e-056.49e-05,6.15e-05
3e-07,2e-07,1e-07,1e-07,6.3e-06,9.1e-06,1e-07,6.43e-05,6.39e-056.43e-05,6.39e-05
3e-07,2e-07,2e-07,2e-07,2.79e-05,2.6e-06,2e-07,0.0001599,0.00017850.0001599,0.0001785
2e-07,1e-07,1e-07,1e-07,6.9e-06,1.12e-05,1e-07,6.65e-05,6.58e-056.65e-05,6.58e-05
3e-07,1e-07,2e-07,1e-07,7.9e-06,6.31e-05,2e-07,7.84e-05,6.22e-057.84e-05,6.22e-05
3e-07,1e-07,1e-07,1e-07,7.5e-06,4.4e-06,1e-07,6.44e-05,6.46e-056.44e-05,6.46e-05
3e-07,2e-07,2e-07,1e-07,5.9e-06,8.2e-06,2e-07,6.48e-05,6.45e-056.48e-05,6.45e-05
3e-07,2e-07,1e-07,1e-07,1.2e-06,1.3e-06,2e-07,6.64e-05,6.53e-056.64e-05,6.53e-05
3e-07,2e-07,1e-07,1e-07,6.6e-06,5.3e-06,2e-07,6.48e-05,6.51e-056.48e-05,6.51e-05
3e-07,2e-07,1e-07,1e-07,3.4e-06,4e-07,2e-07,6.53e-05,6.56e-056.53e-05,6.56e-05
3e-07,2e-07,2e-07,2e-07,2.88e-05,5.05e-05,2e-07,0.0001044,0.00017890.0001044,0.0001789
3e-07,2e-07,1e-07,2e-07,3.9e-06,1.4e-06,1e-07,7.08e-05,7.11e-057.08e-05,7.11e-05
2e-07,2e-07,1e-07,1e-07,6e-06,7e-06,1e-07,6.54e-05,6.53e-056.54e-05,6.53e-05
3e-07,2e-07,2e-07,1e-07,9e-07,1.35e-05,2e-07,6.62e-05,6.41e-056.62e-05,6.41e-05
3e-07,2e-07,1e-07,1e-07,3e-06,4.2e-06,1e-07,6.57e-05,6.55e-056.57e-05,6.55e-05
2e-07,2e-07,1e-07,1e-07,1.43e-05,2.8e-06,1e-07,6.47e-05,6.59e-056.47e-05,6.59e-05
2e-07,1e-07,1e-07,2e-07,1.92e-05,2.66e-05,1e-07,6.58e-05,6.46e-056.58e-05,6.46e-05
2e-07,1e-07,2e-07,2e-07,2e-06,3e-07,1e-07,6.65e-05,6.61e-056.65e-05,6.61e-05
3e-07,2e-07,1e-07,2e-07,2.06e-05,6.2e-06,2e-07,0.0001017,0.00010690.0001017,0.0001069
3e-07,2e-07,1e-07,1e-07,8e-06,4.2e-06,1e-07,6.55e-05,6.59e-056.55e-05,6.59e-05
2e-07,2e-07,1e-07,1e-07,1.55e-05,7.5e-06,1e-07,6.63e-05,6.71e-056.63e-05,6.71e-05
3e-07,1e-07,1e-07,1e-07,3.9e-06,3.4e-06,2e-07,6.66e-05,6.6e-056.66e-05,6.6e-05
3e-07,2e-07,1e-07,2e-07,9e-07,5.4e-06,1e-07,9.65e-05,6.61e-059.65e-05,6.61e-05
3e-07,1e-07,2e-07,2e-07,1.8e-06,5.7e-06,1e-07,6.66e-05,6.61e-056.66e-05,6.61e-05
3e-07,1e-07,1e-07,2e-07,1.64e-05,5.9e-06,1e-07,6.48e-05,6.6e-056.48e-05,6.6e-05
3e-07,1e-07,1e-07,2e-07,7e-07,8.8e-06,1e-07,6.68e-05,6.57e-056.68e-05,6.57e-05
2e-07,1e-07,1e-07,2e-07,2.8e-06,1.38e-05,1e-07,6.68e-05,6.54e-056.68e-05,6.54e-05
3e-07,2e-07,1e-07,1e-07,7.3e-06,3e-07,2e-07,6.62e-05,6.7e-056.62e-05,6.7e-05
3e-07,2e-07,2e-07,2e-07,4.3e-06,4.4e-06,2e-07,6.71e-05,0.00012476.71e-05,0.0001247
3e-07,2e-07,1e-07,1e-07,1.5e-06,4e-07,1e-07,6.71e-05,6.72e-056.71e-05,6.72e-05
2e-07,2e-07,1e-07,1e-07,6e-06,2.5e-06,1e-07,6.66e-05,6.71e-056.66e-05,6.71e-05
2e-07,2e-07,1e-07,2e-07,1.33e-05,6.5e-06,2e-07,6.64e-05,6.7e-056.64e-05,6.7e-05
3e-07,1e-07,1e-07,1e-07,4.4e-06,3e-07,2e-07,6.7e-05,6.73e-056.7e-05,6.73e-05
3e-07,1e-07,1e-07,2e-07,4.6e-06,3.79e-05,1e-07,0.0001167,0.00010060.0001167,0.0001006
2e-07,1e-07,1e-07,2e-07,3.5e-06,4.23e-05,1e-07,8.13e-05,6.43e-058.13e-05,6.43e-05
3e-07,1e-07,2e-07,2e-07,3.2e-06,9e-07,2e-07,6.75e-05,6.85e-056.75e-05,6.85e-05
2e-07,2e-07,1e-07,2.03e-05,8e-07,1.22e-05,2e-07,8.61e-05,6.78e-058.61e-05,6.78e-05
2e-07,1e-07,1e-07,2e-07,2.6e-05,1.62e-05,2e-07,6.48e-05,6.61e-056.48e-05,6.61e-05
3e-07,2e-07,1e-07,1e-07,2.8e-06,1.78e-05,1e-07,6.77e-05,6.59e-056.77e-05,6.59e-05
2e-07,1e-07,2e-07,2e-07,2e-06,2e-07,1e-07,6.98e-05,6.87e-056.98e-05,6.87e-05
2e-07,2e-07,1e-07,2e-07,5.9e-06,3.08e-05,1e-07,6.73e-05,6.52e-056.73e-05,6.52e-05
2e-07,3e-07,2e-07,2e-07,4e-07,4e-07,1e-07,6.8e-05,6.83e-056.8e-05,6.83e-05
2e-07,2e-07,1e-07,1e-07,7.7e-06,5.4e-06,2e-07,6.75e-05,6.82e-056.75e-05,6.82e-05
2e-07,1e-07,2e-07,2e-07,4.7e-06,6.5e-06,2e-07,6.87e-05,6.73e-056.87e-05,6.73e-05
2e-07,2e-07,1e-07,1e-07,2.91e-05,8.2e-06,2e-07,6.49e-05,6.82e-056.49e-05,6.82e-05
3e-07,2e-07,1e-07,1e-07,9e-07,1.7e-06,2e-07,6.92e-05,0.00012366.92e-05,0.0001236
2e-07,2e-07,1e-07,1e-07,5e-06,1.45e-05,1e-07,6.9e-05,6.68e-056.9e-05,6.68e-05
3e-07,2e-07,1e-07,1e-07,1.88e-05,1.39e-05,1e-07,6.59e-05,6.67e-056.59e-05,6.67e-05
3e-07,2e-07,1e-07,1e-07,7.4e-06,5.3e-06,1e-07,6.85e-05,6.83e-056.85e-05,6.83e-05
2e-07,2e-07,1e-07,2e-07,2.2e-06,3.2e-06,2e-07,7.26e-05,7.15e-057.26e-05,7.15e-05
3e-07,2e-07,1e-07,1e-07,3.3e-06,3.2e-06,2e-07,7.17e-05,7.13e-057.17e-05,7.13e-05
3e-07,2e-07,1e-07,2e-07,2.6e-05,2.2e-06,1e-07,6.93e-05,7.19e-056.93e-05,7.19e-05
3e-07,2e-07,1e-07,2e-07,3e-07,2.9e-06,1e-07,7.22e-05,7.18e-057.22e-05,7.18e-05
3e-07,2e-07,1e-07,2e-07,1.31e-05,3.3e-06,1e-07,7.09e-05,7.2e-057.09e-05,7.2e-05
3e-07,2e-07,1e-07,1e-07,2.6e-06,1.1e-06,1e-07,7.21e-05,7.22e-057.21e-05,7.22e-05
3e-07,1e-07,1e-07,2e-07,2e-06,1.09e-05,2e-07,7.21e-05,7.1e-057.21e-05,7.1e-05
3e-07,1e-07,2e-07,2e-07,1.25e-05,1.08e-05,2e-07,7.08e-05,7.13e-057.08e-05,7.13e-05
3e-07,3e-07,1e-07,3e-07,4.8e-06,1.3e-05,1e-07,0.0001164,7.12e-050.0001164,7.12e-05
3e-07,2e-07,1e-07,1e-07,5.8e-06,3.2e-06,1e-07,7.45e-05,7.45e-057.45e-05,7.45e-05
2e-07,2e-07,2e-07,1e-07,1.6e-06,2.7e-06,2e-07,7.32e-05,0.00010967.32e-05,0.0001096
3e-07,1e-07,1e-07,2e-07,5.1e-06,2.6e-06,1e-07,7.26e-05,7.22e-057.26e-05,7.22e-05
3e-07,1e-07,2e-07,2e-07,4e-06,4e-06,1e-07,7.23e-05,7.21e-057.23e-05,7.21e-05
2e-07,2e-07,1e-07,2e-07,2.3e-06,1.6e-06,2e-07,7.28e-05,7.27e-057.28e-05,7.27e-05
3e-07,1e-07,2e-07,2e-07,1.06e-05,3.6e-06,1e-07,7.19e-05,7.29e-057.19e-05,7.29e-05
3e-07,2e-07,1e-07,2e-07,1.06e-05,1.62e-05,1e-07,0.0001096,8.71e-050.0001096,8.71e-05
4e-07,5e-07,1e-07,2e-07,1.77e-05,1e-05,2e-07,7.14e-05,7.22e-057.14e-05,7.22e-05
2e-07,2e-07,1e-07,2e-07,3.1e-06,6e-06,1e-07,7.47e-05,8.71e-057.47e-05,8.71e-05
3e-07,2e-07,1e-07,2e-07,6e-07,3e-07,2e-07,7.42e-05,7.42e-057.42e-05,7.42e-05
2e-07,2e-07,1e-07,1e-07,3.2e-06,1.4e-06,2e-07,7.33e-05,7.35e-057.33e-05,7.35e-05
3e-07,1e-07,1e-07,1e-07,5e-06,1.6e-06,1e-07,7.32e-05,7.47e-057.32e-05,7.47e-05
2e-07,1e-07,2e-07,1e-07,3.3e-06,1.1e-06,2e-07,7.33e-05,7.37e-057.33e-05,7.37e-05
3e-07,1e-07,1e-07,2e-07,3.31e-05,3.3e-06,2e-07,6.97e-05,7.35e-056.97e-05,7.35e-05
2e-07,2e-07,1e-07,1e-07,3e-06,7.3e-06,2e-07,7.38e-05,7.3e-057.38e-05,7.3e-05
3e-07,2e-07,1e-07,2e-07,6e-06,1.56e-05,1e-07,7.31e-05,7.2e-057.31e-05,7.2e-05
2e-07,1e-07,2e-07,2e-07,3.32e-05,2.63e-05,1e-07,7e-05,7.08e-057e-05,7.08e-05
3e-07,2e-07,1e-07,2e-07,6.2e-06,6e-06,1e-07,7.35e-05,7.33e-057.35e-05,7.33e-05
3e-07,2e-07,1e-07,2e-07,1.3e-06,5e-06,1e-07,7.42e-05,7.37e-057.42e-05,7.37e-05
3e-07,2e-07,1e-07,2e-07,6e-07,6e-06,2e-07,7.41e-05,7.36e-057.41e-05,7.36e-05
3e-07,2e-07,2e-07,1e-07,2.12e-05,1.05e-05,2e-07,0.0001071,7.65e-050.0001071,7.65e-05
3e-07,4e-07,2e-07,1e-07,1.7e-06,7.9e-06,2e-07,7.61e-05,7.52e-057.61e-05,7.52e-05
2e-07,3e-07,1e-07,2e-07,5.1e-06,3.38e-05,1e-07,7.57e-05,7.32e-057.57e-05,7.32e-05
3e-07,2e-07,2e-07,2e-07,4e-06,2.2e-06,2e-07,7.7e-05,7.63e-057.7e-05,7.63e-05
3e-07,2e-07,1e-07,2e-07,6.2e-06,2.5e-06,2e-07,7.6e-05,7.61e-057.6e-05,7.61e-05
2e-07,1e-07,2e-07,2e-07,9.1e-06,5e-07,1e-07,7.55e-05,7.65e-057.55e-05,7.65e-05
3e-07,1e-07,1e-07,2e-07,1.8e-06,1.57e-05,1e-07,7.44e-05,7.3e-057.44e-05,7.3e-05
3e-07,2e-07,1e-07,2e-07,3.3e-06,1e-06,2e-07,7.45e-05,7.46e-057.45e-05,7.46e-05
3e-07,2e-07,1e-07,1e-07,2e-06,1.8e-06,2e-07,7.5e-05,7.46e-057.5e-05,7.46e-05
2e-07,2e-07,1e-07,1e-07,1e-06,1.88e-05,1e-07,7.5e-05,7.37e-057.5e-05,7.37e-05
3e-07,1e-07,1e-07,2e-07,6.5e-06,2.6e-05,2e-07,7.45e-05,7.23e-057.45e-05,7.23e-05
3e-07,1e-07,2e-07,1e-07,3.3e-06,3e-06,1e-07,9.68e-05,8.99e-059.68e-05,8.99e-05
2e-07,1e-07,2e-07,2e-07,5.3e-06,6e-07,2e-07,7.48e-05,7.54e-057.48e-05,7.54e-05
2e-07,2e-07,1e-07,1e-07,5e-06,3.1e-05,2e-07,9e-05,7.41e-059e-05,7.41e-05
3e-07,2e-07,1e-07,2e-07,2.5e-06,6e-07,2e-07,7.52e-05,7.54e-057.52e-05,7.54e-05
3e-07,2e-07,1e-07,2e-07,3.3e-06,2.12e-05,1e-07,7.54e-05,7.29e-057.54e-05,7.29e-05
3e-07,2e-07,1e-07,2e-07,6.4e-06,2.03e-05,1e-07,7.51e-05,7.39e-057.51e-05,7.39e-05
3e-07,2e-07,1e-07,1e-07,1.33e-05,1.3e-06,1e-07,0.0001189,7.58e-050.0001189,7.58e-05
3e-07,2e-07,1e-07,2e-07,9.8e-06,7.2e-06,2e-07,7.5e-05,7.5e-057.5e-05,7.5e-05
3e-07,1e-07,2e-07,1e-07,1.01e-05,8e-06,1e-07,7.48e-05,7.49e-057.48e-05,7.49e-05
3e-07,1e-07,1e-07,2e-07,8.6e-06,9e-07,1e-07,7.5e-05,7.6e-057.5e-05,7.6e-05
3e-07,2e-07,1e-07,2e-07,2.25e-05,4.9e-06,2e-07,7.36e-05,7.55e-057.36e-05,7.55e-05
3e-07,3e-07,1e-07,2e-07,1.6e-06,1.61e-05,1e-07,7.63e-05,7.44e-057.63e-05,7.44e-05
3e-07,1e-07,2e-07,1e-07,2.6e-06,2.5e-06,1e-07,7.73e-05,7.55e-057.73e-05,7.55e-05
3e-07,2e-07,2e-07,2e-07,1.1e-06,5e-06,2e-07,7.63e-05,7.58e-057.63e-05,7.58e-05
3e-07,1e-07,1e-07,2e-07,8.2e-06,4.6e-06,2e-07,7.59e-05,7.61e-057.59e-05,7.61e-05
2e-07,1e-07,1e-07,2e-07,8.7e-06,2.27e-05,2e-07,7.55e-05,7.39e-057.55e-05,7.39e-05
3e-07,1e-07,2e-07,1e-07,1e-06,2.4e-06,2e-07,7.66e-05,7.61e-057.66e-05,7.61e-05
2e-07,1e-07,2e-07,1e-07,2.23e-05,1.69e-05,2e-07,7.4e-05,7.45e-057.4e-05,7.45e-05
3e-07,2e-07,1e-07,2e-07,9.9e-06,2.1e-06,1e-07,7.57e-05,7.63e-057.57e-05,7.63e-05
2e-07,2e-07,1e-07,1e-07,1.7e-06,4.1e-06,1e-07,7.69e-05,7.72e-057.69e-05,7.72e-05
3e-07,1e-07,2e-07,2e-07,2e-06,1.6e-06,1e-07,7.75e-05,7.68e-057.75e-05,7.68e-05
3e-07,1e-07,2e-07,1e-07,1.13e-05,4.5e-06,1e-07,7.56e-05,7.64e-057.56e-05,7.64e-05
3e-07,2e-07,1e-07,2e-07,7.2e-06,9.2e-06,2e-07,7.61e-05,7.6e-057.61e-05,7.6e-05
3e-07,1e-07,2e-07,2e-07,1.51e-05,1.03e-05,1e-07,7.54e-05,7.55e-057.54e-05,7.55e-05
3e-07,1e-07,2e-07,2e-07,3e-06,1.2e-06,1e-07,7.7e-05,7.7e-057.7e-05,7.7e-05
2e-07,2e-07,1e-07,2e-07,7e-06,2.6e-06,1e-07,7.67e-05,0.00010647.67e-05,0.0001064
2e-07,1e-07,2e-07,1e-07,7.4e-06,1.1e-06,1e-07,7.68e-05,7.71e-057.68e-05,7.71e-05
3e-07,1e-07,2e-07,1e-07,5.1e-06,7.2e-06,2e-07,7.67e-05,7.65e-057.67e-05,7.65e-05
3e-07,2e-07,1e-07,2e-07,2.5e-05,1.2e-06,2e-07,7.43e-05,7.75e-057.43e-05,7.75e-05
3e-07,1e-07,2e-07,2e-07,1e-05,1.4e-06,1e-07,7.7e-05,7.78e-057.7e-05,7.78e-05
3e-07,2e-07,1e-07,2e-07,9.9e-06,1.48e-05,2e-07,7.67e-05,7.59e-057.67e-05,7.59e-05
3e-07,2e-07,1e-07,2e-07,4.6e-06,3.14e-05,1e-07,9.55e-05,7.75e-059.55e-05,7.75e-05
3e-07,1e-07,1e-07,1e-07,1.6e-06,5e-07,1e-07,7.77e-05,7.78e-057.77e-05,7.78e-05
2e-07,2e-07,1e-07,2e-07,7.7e-06,2.21e-05,2e-07,7.73e-05,7.54e-057.73e-05,7.54e-05
2e-07,1e-07,2e-07,1e-07,5e-06,2e-06,1e-07,7.77e-05,7.77e-057.77e-05,7.77e-05
3e-07,1e-07,2e-07,2e-07,1.89e-05,2.7e-06,1e-07,7.59e-05,7.85e-057.59e-05,7.85e-05
3e-07,1e-07,2e-07,1e-07,5e-07,4.3e-06,1e-07,7.83e-05,7.76e-057.83e-05,7.76e-05
3e-07,1e-07,2e-07,1e-07,6.8e-06,6e-07,1e-07,7.75e-05,7.81e-057.75e-05,7.81e-05
3e-07,2e-07,1e-07,2e-07,1.3e-06,6.9e-06,1e-07,7.83e-05,7.76e-057.83e-05,7.76e-05
3e-07,2e-07,1e-07,2e-07,1.8e-06,1.5e-05,1e-07,0.0001073,9.05e-050.0001073,9.05e-05
3e-07,2e-07,1e-07,2e-07,1.2e-06,5.6e-06,1e-07,7.86e-05,7.8e-057.86e-05,7.8e-05
3e-07,2e-07,1e-07,1e-07,2.6e-06,7.2e-06,2e-07,7.85e-05,7.77e-057.85e-05,7.77e-05
3e-07,2e-07,1e-07,1e-07,3.2e-06,2.9e-06,2e-07,7.87e-05,7.81e-057.87e-05,7.81e-05
3e-07,2e-07,1e-07,1e-07,1.62e-05,1.28e-05,1e-07,7.69e-05,7.73e-057.69e-05,7.73e-05
3e-07,1e-07,2e-07,2e-07,3.4e-06,3.64e-05,1e-07,7.85e-05,7.47e-057.85e-05,7.47e-05
3e-07,1e-07,2e-07,1e-07,4.1e-06,2.85e-05,1e-07,7.89e-05,7.56e-057.89e-05,7.56e-05
2e-07,2e-07,2e-07,2e-07,4.7e-05,2.66e-05,1e-07,0.0001191,7.86e-050.0001191,7.86e-05
3e-07,2e-07,1e-07,2e-07,9.2e-06,1.2e-05,1e-07,7.8e-05,7.78e-057.8e-05,7.78e-05
3e-07,1e-07,2e-07,2e-07,9.9e-06,6e-06,1e-07,7.93e-05,7.87e-057.93e-05,7.87e-05
2e-07,1e-07,1e-07,2e-07,3.1e-06,1.08e-05,1e-07,7.89e-05,7.82e-057.89e-05,7.82e-05
3e-07,2e-07,1e-07,2e-07,8.3e-06,1.47e-05,1e-07,7.88e-05,7.78e-057.88e-05,7.78e-05
3e-07,2e-07,1e-07,1e-07,1.7e-06,2.1e-06,2e-07,7.93e-05,7.9e-057.93e-05,7.9e-05
2e-07,2e-07,1e-07,1e-07,1.15e-05,6.5e-06,1e-07,7.48e-05,7.61e-057.48e-05,7.61e-05
3e-07,2e-07,1e-07,1e-07,8e-07,4.6e-06,1e-07,0.0001135,7.74e-050.0001135,7.74e-05
3e-07,1e-07,1e-07,2e-07,5.3e-06,5e-07,1e-07,7.56e-05,7.58e-057.56e-05,7.58e-05
3e-07,2e-07,1e-07,1e-07,1.5e-06,2.08e-05,2e-07,7.63e-05,7.39e-057.63e-05,7.39e-05
2e-07,1e-07,1e-07,1e-07,2.91e-05,1.4e-06,2e-07,7.28e-05,7.63e-057.28e-05,7.63e-05
2e-07,2e-07,1e-07,1e-07,5.2e-06,4e-07,1e-07,9.04e-05,7.65e-059.04e-05,7.65e-05
3e-07,1e-07,1e-07,2e-07,1.27e-05,5.1e-06,2e-07,7.53e-05,7.58e-057.53e-05,7.58e-05
3e-07,1e-07,1e-07,2e-07,2e-07,4e-07,1e-07,7.68e-05,7.69e-057.68e-05,7.69e-05
2e-07,3e-07,1e-07,2e-07,4.6e-06,2.5e-06,1e-07,7.68e-05,7.64e-057.68e-05,7.64e-05
2e-07,2e-07,1e-07,1e-07,2.78e-05,4.7e-06,1e-07,7.33e-05,7.6e-057.33e-05,7.6e-05
3e-07,2e-07,1e-07,1e-07,3.3e-06,1.33e-05,2e-07,9.68e-05,0.00011139.68e-05,0.0001113
3e-07,5e-07,2e-07,3e-07,9.5e-06,7e-07,2e-07,8.26e-05,8.26e-058.26e-05,8.26e-05
3e-07,1e-07,2e-07,1e-07,2.1e-06,1.23e-05,1e-07,8.25e-05,8.13e-058.25e-05,8.13e-05
3e-07,2e-07,1e-07,2e-07,1e-06,1.35e-05,2e-07,8.25e-05,8.08e-058.25e-05,8.08e-05
3e-07,2e-07,1e-07,2e-07,2.5e-06,3e-07,1e-07,9.64e-05,7.9e-059.64e-05,7.9e-05
3e-07,2e-07,1e-07,1e-07,1.7e-05,1.65e-05,1e-07,7.67e-05,7.82e-057.67e-05,7.82e-05
3e-07,2e-07,1e-07,2e-07,2.2e-06,1.9e-06,2e-07,8.31e-05,8.28e-058.31e-05,8.28e-05
3e-07,2e-07,1e-07,2e-07,6.5e-06,9e-06,2e-07,8.24e-05,8.18e-058.24e-05,8.18e-05
3e-07,2e-07,2e-07,1e-07,3.6e-06,4.8e-06,3e-07,8.42e-05,8.27e-058.42e-05,8.27e-05
3e-07,2e-07,1e-07,1e-07,1.06e-05,1.9e-06,1e-07,8.2e-05,8.29e-058.2e-05,8.29e-05
4e-07,3e-07,2e-07,2e-07,1.1e-06,1.2e-06,2e-07,8.34e-05,8.33e-058.34e-05,8.33e-05
3e-07,2e-07,1e-07,2e-07,8e-07,1.1e-06,1e-07,8.35e-05,8.42e-058.35e-05,8.42e-05
4e-07,1e-07,2e-07,2e-07,1.64e-05,3.7e-06,2e-07,8.17e-05,8.38e-058.17e-05,8.38e-05
3e-07,3e-07,1e-07,1e-07,2.1e-06,1.27e-05,1e-07,8.38e-05,8.16e-058.38e-05,8.16e-05
3e-07,2e-07,1e-07,2e-07,7e-07,2.8e-06,2e-07,8.32e-05,8.28e-058.32e-05,8.28e-05
3e-07,1e-07,1e-07,2e-07,2.1e-06,8.2e-06,1e-07,8.32e-05,8.24e-058.32e-05,8.24e-05
3e-07,1e-07,2e-07,1e-07,1.01e-05,1.99e-05,1e-07,8.39e-05,8.13e-058.39e-05,8.13e-05
3e-07,3e-07,2e-07,2e-07,6.6e-06,3.8e-06,2e-07,7.91e-05,7.93e-057.91e-05,7.93e-05
3e-07,3e-07,1e-07,2e-07,3.2e-06,2.5e-06,2e-07,8.9e-05,8.72e-058.9e-05,8.72e-05
3e-07,3e-07,1e-07,2e-07,8e-07,1.39e-05,2e-07,8.43e-05,8.19e-058.43e-05,8.19e-05
3e-07,2e-07,1e-07,1e-07,1.6e-06,2.3e-06,2e-07,7.99e-05,7.97e-057.99e-05,7.97e-05
3e-07,1e-07,2e-07,1e-07,7.5e-06,2.4e-06,2e-07,7.95e-05,8.07e-057.95e-05,8.07e-05
3e-07,1e-07,1e-07,1e-07,4e-06,1.5e-06,1e-07,7.86e-05,7.83e-057.86e-05,7.83e-05
2e-07,2e-07,1e-07,1e-07,1.5e-06,1.13e-05,2e-07,7.86e-05,7.73e-057.86e-05,7.73e-05
2e-07,2e-07,1e-07,1e-07,8.5e-06,2.9e-06,1e-07,7.77e-05,7.83e-057.77e-05,7.83e-05
3e-07,2e-07,1e-07,2e-07,6e-07,5.7e-06,1e-07,0.0001248,0.00013090.0001248,0.0001309
3e-07,2e-07,2e-07,2e-07,1.7e-05,3.9e-06,1e-07,7.79e-05,7.86e-057.79e-05,7.86e-05
2e-07,2e-07,1e-07,1e-07,2.2e-06,3.7e-06,1e-07,7.89e-05,7.84e-057.89e-05,7.84e-05
07,3e-07,0.0224043,0.0218127,0.0224274,4e-07,0.0211666,0.02119880.0211666,0.0211988
6e-07,3e-07,3e-07,0.0215154,0.0213274,0.0209781,3e-07,0.0210333,0.02309350.0210333,0.0230935
8e-07,3e-07,3e-07,0.0222107,0.0213179,0.021049,3e-07,0.0210377,0.02179410.0210377,0.0217941
5e-07,4e-07,3e-07,0.0213571,0.0214766,0.0225333,7e-07,0.0225877,0.02195660.0225877,0.0219566
8e-07,3e-07,2e-07,0.0217332,0.0213622,0.0212687,3e-07,0.0214557,0.02123920.0214557,0.0212392
6e-07,3e-07,3e-07,0.0219997,0.0231922,0.022008,4e-07,0.0216416,0.02112840.0216416,0.0211284
5e-07,5e-07,3e-07,0.0215895,0.0228209,0.0213654,4e-07,0.0208149,0.02222260.0208149,0.0222226
1.3e-06,7e-07,3e-07,0.021843,0.0208687,0.0211325,4e-07,0.0217735,0.02131050.0217735,0.0213105
8e-07,3e-07,3e-07,0.0221246,0.022548,0.0214861,3e-07,0.0232534,0.02291710.0232534,0.0229171
6e-07,3e-07,3e-07,0.0221813,0.0220486,0.0219201,4e-07,0.0209683,0.02099640.0209683,0.0209964
8e-07,3e-07,2e-07,0.0214284,0.0227849,0.0230615,4e-07,0.0220336,0.02222660.0220336,0.0222266
6e-07,5e-07,3e-07,0.0213843,0.0218043,0.0216564,6e-07,0.021686,0.02252290.021686,0.0225229
5e-07,5e-07,3e-07,0.0224075,0.021623,0.0216584,6e-07,0.0215043,0.02130240.0215043,0.0213024
8e-07,3e-07,3e-07,0.0222943,0.0213708,0.0224792,1.1e-06,0.0224248,0.02187160.0224248,0.0218716
5e-07,3e-07,3e-07,0.0224728,0.0222693,0.0218936,3e-07,0.0221219,0.02160930.0221219,0.0216093
4e-07,3e-07,3e-07,0.0231413,0.0226369,0.0237838,3e-07,0.0215764,0.02140190.0215764,0.0214019
6e-07,3e-07,3e-07,0.0219235,0.0218624,0.0213017,3e-07,0.0213266,0.0219340.0213266,0.021934
5e-07,5e-07,2e-07,0.0224121,0.0218969,0.0214022,5e-07,0.0214244,0.02115690.0214244,0.0211569
7e-07,3e-07,2e-07,0.0226504,0.0215709,0.0222574,1.1e-06,0.0222988,0.02283960.0222988,0.0228396
5e-07,4e-07,3e-07,0.0217325,0.0218033,0.021717,3e-07,0.0218096,0.02159030.0218096,0.0215903
7e-07,2e-07,2e-07,0.0228772,0.0226021,0.0220986,4e-07,0.0212886,0.02113990.0212886,0.0211399
5e-07,5e-07,2e-07,0.0220255,0.0221675,0.0215619,1e-06,0.0213122,0.02297520.0213122,0.0229752
8e-07,7e-07,2e-07,0.0223824,0.0229286,0.0224111,3e-07,0.0216905,0.02296730.0216905,0.0229673
5e-07,5e-07,3e-07,0.0215984,0.0218907,0.0227341,5e-07,0.0222362,0.02245940.0222362,0.0224594
6e-07,3e-07,3e-07,0.0222852,0.0218551,0.021695,3e-07,0.0213129,0.02167860.0213129,0.0216786
7e-07,3e-07,2e-07,0.0238617,0.0227688,0.0227582,7e-07,0.0220069,0.02128590.0220069,0.0212859
7e-07,3e-07,2e-07,0.0222734,0.0243146,0.0213806,3e-07,0.021415,0.02311220.021415,0.0231122
9e-07,3e-07,3e-07,0.0231831,0.0220193,0.022114,5e-07,0.0222106,0.02168120.0222106,0.0216812
5e-07,2e-07,3e-07,0.0223802,0.021502,0.0231932,4e-07,0.0226172,0.0226820.0226172,0.022682
7e-07,2e-07,3e-07,0.0229031,0.0216263,0.0216948,3e-07,0.0223248,0.02180820.0223248,0.0218082
6e-07,3e-07,2e-07,0.0233352,0.0242038,0.0224152,3e-07,0.0218657,0.02200730.0218657,0.0220073
6e-07,3e-07,2e-07,0.0222755,0.021863,0.0218265,4e-07,0.0233316,0.02248910.0233316,0.0224891
5e-07,9e-07,3e-07,0.0226196,0.0218591,0.0218933,3e-07,0.0222749,0.02159040.0222749,0.0215904
5e-07,4e-07,2e-07,0.0220393,0.02202,0.0232194,9e-07,0.0226038,0.02170290.0226038,0.0217029
5e-07,5e-07,3e-07,0.0221545,0.0229657,0.0218382,3e-07,0.0220557,0.02210130.0220557,0.0221013
6e-07,9e-07,3e-07,0.0233798,0.02325,0.0220521,3e-07,0.0223493,0.0218660.0223493,0.021866
6e-07,3e-07,3e-07,0.0223429,0.0217706,0.0218096,3e-07,0.0238505,0.02232780.0238505,0.0223278
8e-07,5e-07,3e-07,0.0228063,0.0222365,0.0219596,3e-07,0.0220009,0.02192860.0220009,0.0219286
8e-07,3e-07,3e-07,0.0249553,0.0250455,0.0226956,3e-07,0.0220286,0.02160250.0220286,0.0216025
6e-07,3e-07,2e-07,0.022579,0.0222701,0.0224744,5e-07,0.0223229,0.02176850.0223229,0.0217685
9e-07,3e-07,3e-07,0.0232706,0.0228248,0.0221144,4e-07,0.0216977,0.02199080.0216977,0.0219908
7e-07,2e-07,3e-07,0.0232678,0.022146,0.0244555,6e-07,0.023037,0.0228880.023037,0.022888
7e-07,5e-07,3e-07,0.022462,0.0225684,0.0224477,4e-07,0.0221838,0.022160.0221838,0.02216
7e-07,3e-07,3e-07,0.0242857,0.0229861,0.0224086,3e-07,0.0218625,0.02204620.0218625,0.0220462
6e-07,3e-07,3e-07,0.0223346,0.0220345,0.0221691,4e-07,0.0221151,0.02312430.0221151,0.0231243
1.1e-06,4e-07,2e-07,0.0234433,0.0226301,0.0225907,4e-07,0.0219688,0.02210420.0219688,0.0221042
1e-06,5e-07,3e-07,0.0239205,0.0240998,0.0241341,6e-07,0.023695,0.02292880.023695,0.0229288
6e-07,2e-07,3e-07,0.0231198,0.0225204,0.0222803,3e-07,0.0219837,0.02198360.0219837,0.0219836
1e-06,3e-07,3e-07,0.0231887,0.0229361,0.021829,3e-07,0.0218506,0.02189050.0218506,0.0218905
5e-07,3e-07,2e-07,0.0222877,0.0226788,0.0222658,4e-07,0.0234383,0.02348820.0234383,0.0234882
6e-07,9e-07,3e-07,0.0234756,0.0228694,0.0224868,3e-07,0.0220198,0.02312630.0220198,0.0231263
1e-06,2e-07,3e-07,0.0236039,0.0233491,0.0236635,5e-07,0.0220783,0.02414230.0220783,0.0241423
6e-07,4e-07,3e-07,0.0231156,0.0222309,0.0227983,5e-07,0.0224556,0.02430080.0224556,0.0243008
5e-07,4e-07,3e-07,0.0235689,0.0223958,0.0222902,3e-07,0.0237442,0.02349580.0237442,0.0234958
5e-07,4e-07,3e-07,0.023141,0.0229341,0.024197,5e-07,0.0231902,0.02382220.0231902,0.0238222
5e-07,4e-07,3e-07,0.0228444,0.0225308,0.0234617,3e-07,0.0221052,0.02186550.0221052,0.0218655
7e-07,3e-07,3e-07,0.0242914,0.0229771,0.0225852,3e-07,0.0222988,0.02243230.0222988,0.0224323
1e-06,3e-07,3e-07,0.0229414,0.0221909,0.0220546,3e-07,0.0248571,0.02341480.0248571,0.0234148
9e-07,5e-07,3e-07,0.0231752,0.0226011,0.0230054,2e-07,0.0229867,0.02269030.0229867,0.0226903
6e-07,4e-07,2e-07,0.022573,0.0246806,0.0235965,7e-07,0.0234011,0.0230330.0234011,0.023033
8e-07,5e-07,3e-07,0.0235212,0.0233472,0.0222288,3e-07,0.0228711,0.02358520.0228711,0.0235852
6e-07,6e-07,2e-07,0.0227,0.0286163,0.0229911,3e-07,0.0230755,0.02280040.0230755,0.0228004
6e-07,2e-07,3e-07,0.0228211,0.0227567,0.0244413,6e-07,0.0236198,0.02292710.0236198,0.0229271
5e-07,4e-07,3e-07,0.0227374,0.0221943,0.0229586,4e-07,0.0227152,0.02259650.0227152,0.0225965
9e-07,5e-07,3e-07,0.0242125,0.0238841,0.022783,5e-07,0.0232386,0.023010.0232386,0.02301
7e-07,3e-07,3e-07,0.0234504,0.0224696,0.0240854,8e-07,0.0237707,0.02380460.0237707,0.0238046
7e-07,4e-07,3e-07,0.0228818,0.0230985,0.0226694,3e-07,0.0226996,0.0228580.0226996,0.022858
7e-07,6e-07,3e-07,0.0242724,0.0239495,0.0227793,4e-07,0.0228873,0.02215390.0228873,0.0221539
6e-07,3e-07,2e-07,0.0235672,0.022634,0.0230446,6e-07,0.0241274,0.02257250.0241274,0.0225725
9e-07,7e-07,3e-07,0.0234148,0.0231777,0.0227183,3e-07,0.0227481,0.02287430.0227481,0.0228743
5e-07,6e-07,3e-07,0.024075,0.0246762,0.0234115,3e-07,0.022815,0.02240850.022815,0.0224085
6e-07,3e-07,2e-07,0.0235155,0.0227234,0.0224687,3e-07,0.0243518,0.02383240.0243518,0.0238324
1.1e-06,3e-07,3e-07,0.023463,0.022637,0.0230639,3e-07,0.0234008,0.02315230.0234008,0.0231523
6e-07,4e-07,3e-07,0.0243234,0.0241221,0.02383,6e-07,0.0240703,0.02326920.0240703,0.0232692
4e-07,3e-07,3e-07,0.0229878,0.0227152,0.0225058,3e-07,0.0232452,0.02397770.0232452,0.0239777
8e-07,3e-07,2e-07,0.0244803,0.0234314,0.0239086,4e-07,0.0231747,0.02296170.0231747,0.0229617
5e-07,5e-07,2e-07,0.0233224,0.0243715,0.0250923,9e-07,0.0247064,0.02329360.0247064,0.0232936
7e-07,4e-07,2e-07,0.0238638,0.0231142,0.0234129,4e-07,0.0234395,0.02482230.0234395,0.0248223
1.2e-06,4e-07,3e-07,0.0245491,0.0241092,0.0228298,4e-07,0.0228546,0.02307420.0228546,0.0230742
5e-07,4e-07,2e-07,0.0233876,0.0231857,0.0245657,4e-07,0.024433,0.02342310.024433,0.0234231
6e-07,4e-07,3e-07,0.0235214,0.0229371,0.0230574,5e-07,0.0231703,0.0233250.0231703,0.023325
5e-07,1.2e-06,4e-07,0.0250877,0.0252033,0.023042,3e-07,0.023657,0.02328990.023657,0.0232899
7e-07,3e-07,3e-07,0.023709,0.0232598,0.0243447,6e-07,0.0245448,0.02362470.0245448,0.0236247
5e-07,5e-07,3e-07,0.0237164,0.0230196,0.0233295,4e-07,0.0236583,0.02540170.0236583,0.0254017
1.2e-06,3e-07,3e-07,0.0249262,0.0237025,0.0241832,4e-07,0.023207,0.02333990.023207,0.0233399
5e-07,5e-07,3e-07,0.0230626,0.0234422,0.0231241,3e-07,0.0235215,0.024560.0235215,0.02456
1.1e-06,3e-07,3e-07,0.0239153,0.0235832,0.0234831,4e-07,0.0229886,0.0232340.0229886,0.023234
6e-07,4e-07,2e-07,0.0233043,0.0245675,0.0253224,6e-07,0.0253844,0.02443550.0253844,0.0244355
1e-06,1e-06,3e-07,0.0246786,0.0260992,0.0249346,5e-07,0.0266421,0.02578960.0266421,0.0257896
1.3e-06,8e-07,3e-07,0.0241663,0.0242922,0.0237151,4e-07,0.0236654,0.02312740.0236654,0.0231274
7e-07,3e-07,3e-07,0.0242477,0.0254336,0.0244974,7e-07,0.0242936,0.0258310.0242936,0.025831
5e-07,3e-07,3e-07,0.0262825,0.0243793,0.0237402,3e-07,0.0233985,0.02578110.0233985,0.0257811
7e-07,1e-06,3e-07,0.0243479,0.0244431,0.0250568,8e-07,0.0248872,0.02404790.0248872,0.0240479
8e-07,4e-07,3e-07,0.0253339,0.0248175,0.0239755,4e-07,0.0245739,0.02335670.0245739,0.0233567
7e-07,3e-07,3e-07,0.0236822,0.0234824,0.0228355,4e-07,0.0235912,0.02464440.0235912,0.0246444
1e-06,1.5e-05,2e-07,0.0250929,0.024932,0.0235989,3e-07,0.0245673,0.02445610.0245673,0.0244561
9e-07,3e-07,3e-07,0.0247363,0.0250702,0.0253249,4e-07,0.0247018,0.02432280.0247018,0.0243228
6e-07,2e-07,3e-07,0.0240677,0.0238585,0.0237555,3e-07,0.0238179,0.02500120.0238179,0.0250012
1e-06,3e-07,3e-07,0.0252217,0.0247705,0.0235764,3e-07,0.0237647,0.02390190.0237647,0.0239019
1.1e-06,3e-07,3e-07,0.0243089,0.0240637,0.0244177,3e-07,0.0253811,0.02480340.0253811,0.0248034
8e-07,4e-07,3e-07,0.0236691,0.0240737,0.0234464,4e-07,0.025023,0.02534020.025023,0.0253402
9e-07,6e-07,3e-07,0.0243221,0.0235505,0.0239931,5e-07,0.0241601,0.02342510.0241601,0.0234251
6e-07,5e-07,3e-07,0.0245136,0.0260248,0.0265997,8e-07,0.0259191,0.02421540.0259191,0.0242154
6e-07,4e-07,3e-07,0.0251868,0.0245356,0.0250996,9e-07,0.0257799,0.02711890.0257799,0.0271189
8e-07,3e-07,3e-07,0.0260813,0.0243429,0.0245856,4e-07,0.0237852,0.02379910.0237852,0.0237991
6e-07,1e-06,3e-07,0.0253509,0.0250044,0.0256905,5e-07,0.0243479,0.02394940.0243479,0.0239494
5e-07,5e-07,3e-07,0.0243438,0.0239536,0.0237416,3e-07,0.0274645,0.02737680.0274645,0.0273768
9e-07,6e-07,3e-07,0.025098,0.0268708,0.0242142,4e-07,0.024986,0.02387510.024986,0.0238751
6e-07,4e-07,3e-07,0.0252738,0.0245191,0.0233215,3e-07,0.0237275,0.02403170.0237275,0.0240317
7e-07,2e-07,3e-07,0.0248884,0.0237674,0.0253688,1.1e-06,0.0249245,0.02381590.0249245,0.0238159
6e-07,4e-07,2e-07,0.0242952,0.0243488,0.0239548,3e-07,0.0241825,0.02382360.0241825,0.0238236
9e-07,5e-07,3e-07,0.0247325,0.0240572,0.0237629,4e-07,0.024122,0.02390940.024122,0.0239094
8e-07,3e-07,3e-07,0.0240336,0.0236584,0.0262181,6e-07,0.0255497,0.02402570.0255497,0.0240257
8e-07,3e-07,3e-07,0.0245547,0.0241335,0.0239789,5e-07,0.0240718,0.02471080.0240718,0.0247108
6e-07,1.5e-06,4e-07,0.0258859,0.0247235,0.0240787,5e-07,0.0235871,0.02412880.0235871,0.0241288
6e-07,5e-07,2e-07,0.0240291,0.0247207,0.0257164,1e-06,0.0249766,0.02525230.0249766,0.0252523
5e-07,8e-07,4e-07,0.0242731,0.0235558,0.023713,3e-07,0.0236954,0.02442850.0236954,0.0244285
6e-07,7e-07,3e-07,0.0256375,0.0250692,0.0244013,3e-07,0.0236832,0.02473080.0236832,0.0247308
6e-07,6e-07,2e-07,0.0238597,0.0241267,0.0253481,5e-07,0.0257476,0.02456710.0257476,0.0245671
5e-07,3e-07,3e-07,0.0237783,0.0236399,0.0239436,3e-07,0.0246549,0.02486650.0246549,0.0248665
1.1e-06,4e-07,2e-07,0.0258039,0.0245447,0.0239947,3e-07,0.0243067,0.02381480.0243067,0.0238148
6e-07,2e-07,2e-07,0.0250219,0.0237706,0.0263715,5e-07,0.0255734,0.02416610.0255734,0.0241661
6e-07,5e-07,3e-07,0.0249739,0.0242525,0.0244558,4e-07,0.0243242,0.02425420.0243242,0.0242542
1.2e-06,5e-07,3e-07,0.0254908,0.0244127,0.0242712,5e-07,0.0238441,0.02492250.0238441,0.0249225
8e-07,4e-07,3e-07,0.0241924,0.0252138,0.0255532,5e-07,0.0247581,0.02491410.0247581,0.0249141
6e-07,4e-07,3e-07,0.0245907,0.0243858,0.0238314,6e-07,0.0237987,0.02599590.0237987,0.0259959
1.1e-06,3e-07,3e-07,0.0258958,0.0240941,0.0237256,3e-07,0.0238182,0.02480980.0238182,0.0248098
7e-07,4e-07,3e-07,0.0252323,0.0254086,0.0260269,5e-07,0.0248796,0.02458490.0248796,0.0245849
5e-07,6e-07,2e-07,0.0248476,0.0239612,0.0240294,4e-07,0.0241228,0.02612460.0241228,0.0261246
8e-07,7e-07,2e-07,0.0249226,0.0254647,0.0249426,4e-07,0.0251509,0.02410740.0251509,0.0241074
6e-07,3e-07,3e-07,0.0247944,0.0264502,0.0254066,5e-07,0.0246783,0.02445830.0246783,0.0244583
4e-07,8e-07,3e-07,0.0251541,0.0248256,0.0243679,4e-07,0.0259671,0.02610870.0259671,0.0261087
8e-07,4e-07,3e-07,0.0243992,0.0254352,0.024348,3e-07,0.0242617,0.0248770.0242617,0.024877
7e-07,4e-07,2e-07,0.0258955,0.0255218,0.0254607,4e-07,0.0240005,0.02442210.0240005,0.0244221
5e-07,4e-07,2e-07,0.0254907,0.0251831,0.0243858,3e-07,0.0261636,0.0243610.0261636,0.024361
8e-07,4e-07,2e-07,0.0247633,0.0246676,0.0242932,3e-07,0.0248285,0.02437710.0248285,0.0243771
