Muestras,Insertar0,InsertarM,Insertar1,Buscar0,BuscarM,Buscar1,Eliminar0,EliminarM,Eliminar1
50,0.0006,0.0004,0.0003,0.0422,0.0367,0.0354,0.0003,0.0345,0.0342
100,0.0004,0.0003,0.0003,0.0651,0.0621,0.0619,0.0003,0.0598,0.0597
150,0.0005,0.0003,0.0003,0.111,0.1229,0.1237,0.0003,0.1009,0.1081
200,0.0005,0.0003,0.0003,0.1173,0.1289,0.1366,0.0003,0.1147,0.1242
250,0.0012,0.0003,0.0003,0.1463,0.14,0.1501,0.0003,0.1383,0.1389
300,0.0004,0.0002,0.0004,0.1663,0.1769,0.1648,0.0003,0.1633,0.1626
350,0.0005,0.0003,0.0003,0.2021,0.4686,0.3767,0.0005,0.3355,0.2575
400,0.0005,0.0003,0.0002,0.4016,0.3867,0.3972,0.0007,0.3787,0.3391
450,0.0006,0.0003,0.0003,0.2987,0.3008,0.2934,0.0003,0.2376,0.2321
500,0.0005,0.0003,0.0003,0.3197,0.3103,0.2575,0.0002,0.2568,0.257
550,0.0004,0.0003,0.0003,0.3701,0.4524,0.2974,0.0003,0.2794,0.2803
600,0.0005,0.0003,0.0003,0.307,0.3062,0.3042,0.0002,0.3041,0.3028
650,0.0005,0.0003,0.0003,0.3309,0.4053,0.3311,0.0003,0.329,0.4051
700,0.0005,0.0004,0.0002,0.3692,0.3629,0.3616,0.0003,0.377,0.3987
750,0.0009,0.0004,0.0003,0.5037,0.4206,0.4681,0.0003,0.4434,0.4106
800,0.0004,0.0003,0.0003,0.4188,0.4164,0.4147,0.0003,0.4224,0.4157
850,0.0005,0.0003,0.0003,0.72,0.4394,0.4394,0.0003,0.4462,0.4665
900,0.0008,0.0003,0.0003,0.4809,0.4744,0.4672,0.0003,0.4643,0.4632
950,0.0006,0.0004,0.0003,0.4921,0.4919,0.4883,0.0003,0.4886,0.4863
1000,0.0005,0.0003,0.0003,0.5437,0.5172,0.5168,0.0003,0.7236,0.7461
1050,0.0004,0.0002,0.0003,0.5428,0.5359,0.5392,0.0002,0.5358,0.54
1100,0.0006,0.0003,0.0003,0.5721,0.5661,0.5634,0.0003,0.5705,0.554
1150,0.0006,0.0002,0.0002,0.5901,0.5751,0.6117,0.0003,0.6493,0.5705
1200,0.0005,0.0003,0.0004,0.7881,0.6405,0.8969,0.0009,0.8234,1.0296
1250,0.0006,0.0004,0.0003,0.8931,0.7639,0.7507,0.0003,0.6445,0.6452
1300,0.0005,0.0004,0.0003,0.6883,0.685,0.6743,0.0003,0.6719,0.667
1350,0.0005,0.0003,0.0003,0.6969,0.69,0.694,0.0003,0.6841,0.7301
1400,0.0005,0.0004,0.0003,0.7301,0.7201,0.7255,0.0003,0.7332,0.722
1450,0.0005,0.0003,0.0003,0.7467,0.7419,0.7447,0.0003,0.7585,0.745
1500,0.0005,0.0003,0.0003,0.7684,0.7639,0.7698,0.0003,0.766,0.7636
1550,0.0006,0.0004,0.0003,0.7951,1.2712,1.1744,0.0004,0.8103,0.8242
1600,0.0005,0.0003,0.0003,0.8489,0.9221,0.8383,0.0002,0.8512,0.8711
1650,0.0005,0.0003,0.0003,0.9369,0.9011,0.8611,0.0003,0.9331,0.8516
1700,0.0004,0.0003,0.0003,0.9213,1.0287,1.1307,0.0003,0.8889,0.876
1750,0.0005,0.0002,0.0003,1.06,1.0885,0.8987,0.0004,0.8925,0.8884
1800,0.0005,0.0003,0.0003,0.9345,0.9244,0.9312,0.0004,0.938,0.9292
1850,0.0005,0.0003,0.0003,1.0891,1.0158,0.9544,0.0003,0.9458,0.9416
1900,0.0004,0.0003,0.0003,1.0506,0.9636,0.9442,0.0003,0.9378,1.0523
1950,0.0005,0.0003,0.0003,0.9661,1.0099,1.0245,0.0003,1.1076,1.3995
2000,0.0004,0.0003,0.0003,1.4865,1.0788,1.04,0.0003,1.1014,1.1214
2050,0.0006,0.0003,0.0003,1.0921,1.148,1.0556,0.0003,1.0187,1.0988
2100,0.0005,0.0003,0.0003,1.2125,1.2078,1.0403,0.0003,1.1126,1.2177
2150,0.0005,0.0003,0.0003,1.0929,1.1031,1.1063,0.0003,1.0935,1.1802
2200,0.0005,0.0004,0.0003,1.1333,1.1654,1.1887,0.0003,1.3979,1.1227
2250,0.0005,0.0003,0.0003,1.1449,1.1427,1.1575,0.0004,1.1489,1.1556
2300,0.0005,0.0003,0.0003,1.1763,1.2015,1.1898,0.0003,1.4204,1.3604
2350,0.0005,0.0003,0.0003,1.2131,1.1994,1.1998,0.0003,1.1935,1.1814
2400,0.0005,0.0003,0.0003,1.2274,1.2198,1.2464,0.0004,1.2903,1.4459
2450,0.0005,0.0003,0.0003,1.2636,1.2505,1.2369,0.0003,1.243,1.2435
2500,0.0004,0.0003,0.0003,1.3377,1.2919,1.2784,0.0003,1.2683,2.0273
2550,0.0009,0.0004,0.0004,1.709,1.3607,1.3043,0.0003,1.3054,1.3043
2600,0.0005,0.0003,0.0003,1.3847,1.3637,1.3373,0.0004,1.5991,2.1123
2650,0.0005,0.0004,0.0002,1.4486,1.3258,1.4465,0.0004,1.5042,1.5449
2700,0.0008,0.0004,0.0003,1.604,1.4164,1.5048,0.0004,1.3651,1.3356
2750,0.0005,0.0003,0.0004,1.4339,1.4435,1.644,0.0003,1.4959,1.4631
2800,0.0005,0.0003,0.0003,1.5246,1.4372,1.4294,0.0004,1.449,1.9255
2850,0.0007,0.0006,0.0005,2.2934,2.3164,2.245,0.0006,2.3217,2.3035
2900,0.0007,0.001,0.0004,2.181,2.5904,2.3285,0.0006,2.5206,2.2947
2950,0.0007,0.0005,0.0004,2.6762,2.2245,2.455,0.0007,2.3559,2.3889
3000,0.0006,0.0005,0.0003,2.2588,2.3529,2.4037,0.0006,2.4254,2.3939
3050,0.0005,0.0005,0.0003,2.2957,2.0656,1.9485,0.0004,1.5882,1.6033
3100,0.0008,0.0003,0.0003,1.5953,2.4285,2.3167,0.0005,1.8165,2.0973
3150,0.0005,0.0004,0.0003,1.7301,1.8463,2.5529,0.001,2.0159,1.9017
3200,0.0004,0.0005,0.0003,1.8283,1.7311,1.7052,0.0005,1.6514,1.6827
3250,0.0005,0.0003,0.0003,2.2635,2.2099,1.7408,0.0004,1.6573,1.6553
3300,0.0008,0.0006,0.0004,2.6705,1.7178,1.793,0.0004,1.8325,1.705
3350,0.0006,0.0004,0.0003,1.8818,1.7576,1.7391,0.0004,1.7373,2.0369
3400,0.0007,0.0003,0.0003,1.8716,1.7653,2.0166,0.0005,1.7684,1.7506
3450,0.0008,0.0004,0.0004,3.0184,3.0492,2.2175,0.0005,1.8031,1.9771
3500,0.0006,0.0003,0.0003,2.106,1.8935,2.4289,0.0004,1.7881,2.2432
3550,0.0005,0.0003,0.0003,2.2323,1.9546,1.9701,0.0005,2.3248,2.288
3600,0.001,0.0003,0.0003,1.9334,1.832,1.8782,0.0006,1.8526,1.8465
3650,0.0006,0.0004,0.0003,1.8681,1.8803,1.8557,0.0003,1.853,1.8618
3700,0.0005,0.0003,0.0003,1.9245,1.8853,1.9766,0.0003,1.944,1.9582
3750,0.0007,0.0004,0.0003,1.9671,1.9285,1.9225,0.0004,1.9365,3.9242
3800,0.0007,0.0005,0.0004,2.2099,2.053,2.78,0.0004,2.1652,1.9453
3850,0.0006,0.0004,0.0004,1.9652,1.9683,1.9832,0.0003,1.9852,2.0019
3900,0.0005,0.0003,0.0003,2.7354,2.1135,2.0205,0.0004,2.0081,2.2153
3950,0.0006,0.0004,0.0003,2.0278,2.0244,2.2264,0.0004,2.1656,2.164
4000,0.0005,0.0003,0.0003,2.1307,2.0283,2.0513,0.0005,2.0732,2.2448
4050,0.0006,0.0003,0.0003,2.1567,2.0704,2.0786,0.0005,2.0556,2.0558
4100,0.0005,0.0003,0.0003,3.341,2.784,2.088,0.0007,2.0864,2.1712
4150,0.0008,0.0004,0.0536,2.1416,2.3466,2.2017,0.0004,2.4995,2.1991
4200,0.0006,0.0004,0.0003,2.1666,2.3366,3.1264,0.0007,2.5863,2.7555
4250,0.0005,0.0004,0.0003,2.3476,2.3967,2.4274,0.001,2.2237,2.1891
4300,0.0005,0.0006,0.0003,2.7729,2.5556,2.3005,0.0004,2.332,2.2106
4350,0.0004,0.0003,0.0003,2.2126,2.2222,2.2061,0.0003,2.2241,2.6878
4400,0.0007,0.0005,0.0004,2.8068,2.6711,2.2596,0.0005,2.2832,2.3032
4450,0.0005,0.0003,0.0002,2.341,2.8118,2.4155,0.0005,2.3865,2.464
4500,0.0007,0.0005,0.0003,2.7684,2.506,4.2282,0.0005,2.4319,2.7846
4550,0.001,0.0004,0.0003,2.3374,2.3336,2.5438,0.0005,2.3734,2.3463
4600,0.0006,0.0003,0.0003,2.3646,2.3413,2.3492,0.0004,2.3541,2.3212
4650,0.0016,0.0007,0.0004,2.8382,2.4018,2.8063,0.0004,2.3797,2.3887
4700,0.0007,0.0003,0.0003,2.6733,2.4622,2.62,0.0004,2.4128,2.4154
4750,0.0005,0.0008,0.0003,2.447,2.43,2.428,0.0004,2.4423,2.4391
4800,0.0006,0.0003,0.0003,2.8975,2.4695,2.464,0.0005,2.4454,2.7954
4850,0.0004,0.0008,0.0003,2.6573,2.486,2.4586,0.0003,2.4508,2.4544
4900,0.0006,0.0003,0.0004,3.56,3.1656,2.5129,0.0005,2.485,2.4797
4950,0.0006,0.0004,0.0003,2.7102,3.0553,2.6499,0.0003,2.6362,2.686
5000,0.0005,0.0003,0.0003,2.7001,2.7724,2.7504,0.0006,2.6423,2.8379
5050,0.0005,0.0004,0.0002,2.803,2.771,2.8357,0.0004,3.0694,2.6397
5100,0.0006,0.0003,0.0003,2.6342,2.5735,2.5746,0.0003,2.5794,2.5761
5150,0.0005,0.0004,0.0003,3.8531,2.7176,2.7155,0.0004,2.7289,2.7056
5200,0.0007,0.0003,0.0003,2.6738,2.6614,2.6177,0.0003,2.6457,2.7351
5250,0.0005,0.0003,0.0003,2.7147,2.6614,2.6964,0.0003,2.6814,2.8958
5300,0.0005,0.0004,0.0003,2.7133,4.2075,3.3828,0.0003,2.989,2.6817
5350,0.0005,0.0003,0.0003,2.9297,2.774,3.4198,0.0004,3.0274,2.9556
5400,0.0005,0.0002,0.0003,3.7629,4.5659,3.5309,0.0004,2.9779,4.0283
5450,0.0007,0.0003,0.0003,3.3096,4.3875,4.3429,0.0006,3.9748,3.8442
5500,0.0011,0.0012,0.0004,3.8431,2.9533,3.0358,0.0007,3.6067,3.0969
5550,0.0008,0.0006,0.0003,3.052,3.094,3.4079,0.0008,4.1682,2.9585
5600,0.002,0.0004,0.0003,3.018,3.5023,7.5041,0.0007,3.1732,3.398
5650,0.0007,0.0007,0.0003,3.0703,3.3046,3.2726,0.0006,3.2016,4.2269
5700,0.0007,0.0007,0.0005,3.3326,3.2246,3.0489,0.0014,3.2222,2.9777
5750,0.0005,0.0004,0.0003,2.9832,2.9406,2.9686,0.0005,3.0129,2.9758
5800,0.0006,0.0004,0.0004,2.9597,4.3553,4.257,0.0008,3.7556,3.1718
5850,0.0007,0.0004,0.0003,3.0067,3.1024,3.713,0.0005,3.554,3.3868
5900,0.0019,0.0006,0.0003,4.8144,3.3874,3.2713,0.0006,3.3079,4.0247
5950,0.0011,0.0006,0.0003,3.2563,3.0811,3.0589,0.0005,3.1324,3.1298
6000,0.0006,0.0003,0.0003,3.0873,4.2349,4.4706,0.0006,3.522,4.127
6050,0.0011,0.0007,0.0004,3.2017,3.8498,3.4908,0.0005,4.2767,3.3568
6100,0.001,0.0007,0.0005,3.3429,3.2188,4.2544,0.0006,3.9391,3.5769
6150,0.0007,0.0005,0.0003,5.3109,3.4782,3.4388,0.0004,4.9633,3.5278
6200,0.0006,0.0005,0.0004,4.3144,3.9853,3.1792,0.0006,3.2205,3.2099
6250,0.0007,0.0003,0.0003,3.276,3.3486,3.2046,0.0003,3.3782,3.1974
6300,0.0005,0.0003,0.0003,3.9025,4.1838,3.2247,0.0005,3.1972,3.2519
6350,0.0006,0.0003,0.0003,3.2446,3.2903,3.5213,0.0006,3.2444,4.1189
6400,0.0007,0.0003,0.0003,3.3283,3.6117,3.4214,0.0004,3.4729,3.8429
6450,0.0005,0.0003,0.0003,3.298,3.4096,3.4172,0.0006,3.3071,3.3957
6500,0.0005,0.0004,0.0003,5.9745,3.7023,4.2092,0.0006,3.424,3.2103
6550,0.0006,0.0003,0.0003,3.3786,3.8366,4.0071,0.0008,4.7941,4.7025
6600,0.0008,0.0003,0.0004,3.6441,3.3246,3.7768,0.0004,3.3271,3.5029
6650,0.0004,0.0004,0.0002,3.7682,3.3505,3.3485,0.0004,3.559,4.8667
6700,0.0006,0.0003,0.0003,5.1387,4.0638,3.9802,0.0004,3.9027,3.5481
6750,0.0005,0.0004,0.0003,4.2422,3.4358,3.8165,0.0003,3.3852,3.4216
6800,0.0006,0.0004,0.0003,3.7598,5.2809,3.8576,0.0006,3.8727,3.621
6850,0.001,0.0011,0.0006,5.4253,4.3558,3.9043,0.0004,3.6718,3.5915
6900,0.0005,0.0003,0.0003,3.7487,3.8395,3.9965,0.0005,3.4942,3.5572
6950,0.0006,0.0003,0.0003,3.6024,4.3977,3.5007,0.0004,3.6623,3.6104
7000,0.001,0.0008,0.0003,4.2452,3.7858,4.284,0.0007,5.5219,5.7607
7050,0.0005,0.0004,0.0003,4.5869,3.6351,3.7574,0.0005,4.4542,4.7114
7100,0.0005,0.0005,0.0003,5.6377,4.1391,3.5856,0.0003,3.5743,3.5693
7150,0.0006,0.0003,0.0002,3.5979,3.6198,3.608,0.0004,4.8778,4.3301
7200,0.0006,0.0003,0.0003,3.6551,4.0964,3.6351,0.0004,3.7649,3.9579
7250,0.0006,0.0006,0.0003,4.2731,3.6995,3.6927,0.0006,4.1016,4.1983
7300,0.001,0.0005,0.0003,4.7063,4.9438,3.81,0.0006,3.8766,4.1167
7350,0.001,0.0004,0.0003,4.6694,4.5028,5.9693,0.0005,5.647,5.9691
7400,0.0008,0.0006,0.0003,3.9252,3.8809,4.1468,0.0005,3.7907,5.2204
7450,0.0011,0.0004,0.0004,4.1062,3.8077,4.3666,0.0006,4.4667,3.9241
7500,0.0006,0.0013,0.0006,4.4958,3.8315,3.8187,0.0005,5.1064,3.8793
7550,0.0005,0.0003,0.0004,3.8762,3.9825,3.8135,0.0005,3.7975,3.8181
7600,0.0013,0.0008,0.0003,3.9312,3.8767,3.9856,0.0003,3.9031,3.901
7650,0.0005,0.0002,0.0003,3.9108,4.036,3.8358,0.0004,4.0296,3.8123
7700,0.0005,0.0003,0.0003,4.1955,4.2663,3.9091,0.0004,4.2607,3.9532
7750,0.0006,0.0003,0.0003,4.0092,4.5779,4.0867,0.0003,3.8761,3.95
7800,0.0006,0.0004,0.0003,4.26,3.9275,3.9192,0.0004,5.1566,4.0645
7850,0.0007,0.0003,0.0003,3.9972,5.2868,4.5948,0.0004,4.3262,4.1093
7900,0.0006,0.0004,0.0155,4.0816,4.008,4.0077,0.0005,5.5489,6.2128
7950,0.0006,0.0003,0.0003,4.3053,4.4155,4.2149,0.0004,5.1155,7.7673
8000,0.0005,0.0145,0.0003,4.1165,6.4617,4.2541,0.0003,4.3438,4.3092
8050,0.0005,0.0003,0.0003,4.146,4.3071,4.3995,0.0003,4.0965,4.6678
8100,0.0006,0.0003,0.0003,4.7084,4.0746,4.0731,0.0003,4.9796,7.1139
8150,0.0006,0.0003,0.0003,4.334,5.5294,4.6923,0.0004,4.408,4.1945
8200,0.0006,0.0003,0.0003,4.9369,4.2274,4.6187,0.0005,4.1969,4.1302
8250,0.0006,0.0003,0.0003,4.7265,4.1372,4.2449,0.0003,4.2308,4.7254
8300,0.0005,0.0003,0.0003,4.5088,5.6764,5.004,0.0005,4.2782,4.623
8350,0.0006,0.0004,0.0003,4.2292,4.2002,5.1565,0.0005,4.6734,4.2549
8400,0.0005,0.0005,0.0003,4.6896,4.2851,4.3994,0.0004,4.6466,5.5491
8450,0.0005,0.0003,0.0003,4.5805,5.6381,4.2465,0.0004,4.2327,4.2514
8500,0.0006,0.0003,0.0003,4.2833,4.1874,4.4124,0.0003,4.2205,4.2467
8550,0.0005,0.0003,0.0003,4.7805,4.2787,4.5608,0.0006,4.7888,4.5056
8600,0.0006,0.001,0.0003,6.379,5.9349,4.6841,0.0005,4.4389,4.4724
8650,0.0006,0.0004,0.0003,4.5836,4.5998,4.2814,0.0003,4.6859,4.9278
8700,0.0008,0.0006,0.0003,4.7417,4.594,4.7021,0.0004,4.4561,4.4017
8750,0.0005,0.0002,0.0002,5.5169,4.5093,4.397,0.0004,4.6428,4.3638
8800,0.0005,0.0002,0.0003,4.7452,4.4908,4.434,0.0004,4.4105,5.6205
8850,0.0004,0.0002,0.0003,4.435,4.5425,4.6042,0.0003,4.4773,4.5679
8900,0.0005,0.0003,0.0003,4.5768,4.6181,4.6359,0.0004,5.2629,5.1284
8950,0.001,0.0003,0.0003,4.5607,4.6669,4.9966,0.0005,5.1544,6.8408
9000,0.0005,0.0004,0.0003,5.3795,4.7373,4.9766,0.0005,4.5407,7.1479
9050,0.0005,0.0002,0.0003,5.2762,4.9291,4.4718,0.0004,4.5952,4.9932
9100,0.0005,0.0003,0.0003,4.643,5.9349,5.5722,0.0005,4.6282,4.7447
9150,0.0005,0.0002,0.0003,4.8618,4.721,4.7265,0.0003,4.9853,4.6253
9200,0.0012,0.0006,0.0003,5.2022,4.7487,5.2078,0.0004,5.2413,4.713
9250,0.0007,0.0008,0.0003,4.8026,4.7664,5.2824,0.0006,4.9976,4.848
9300,0.0008,0.0007,0.0003,4.973,4.848,5.5081,0.0009,5.8417,7.1245
9350,0.001,0.0009,0.0003,4.9392,4.9753,4.9052,0.0005,7.4111,6.2122
9400,0.0006,0.0003,0.0003,4.8523,4.859,4.7986,0.0006,5.1098,4.8055
9450,0.0007,0.0005,0.0003,6.0912,6.023,5.1279,0.0005,5.2702,4.8215
9500,0.001,0.001,0.0004,6.101,5.1472,4.8461,0.0004,4.9016,4.914
9550,0.0008,0.0003,0.0003,4.8907,4.8879,4.924,0.0005,4.906,6.2549
9600,0.0007,0.0004,0.0004,5.5977,5.393,5.8445,0.0009,5.8323,6.3665
9650,0.0007,0.0009,0.0003,5.4927,7.3601,6.2046,0.0007,5.2175,5.5566
9700,0.0012,0.0008,0.0003,6.5226,5.1722,5.7155,0.0005,6.2485,5.2931
9750,0.0005,0.0004,0.0003,5.6844,5.0285,4.9656,0.0004,5.0147,4.9889
9800,0.0011,0.0006,0.0003,5.0268,5.0784,5.0314,0.0005,5.9126,5.8107
9850,0.0008,0.0004,0.0003,5.2998,5.1741,5.0044,0.0006,5.0898,6.0136
9900,0.0006,0.0002,0.0003,5.1386,5.1416,5.0797,0.0012,6.6273,8.7258
9950,0.0018,0.0011,0.0005,7.3128,5.4595,5.6545,0.0006,5.5785,5.3242
10000,0.001,0.0004,0.0003,6.8009,5.3272,5.1635,0.0005,5.3589,5.123
10050,0.0007,0.0004,0.0004,6.2378,5.238,5.6539,0.0021,6.5369,5.1284
10100,0.001,0.0006,0.0003,5.7976,7.5854,5.5912,0.0006,6.1153,7.6213
10150,0.0005,0.0004,0.0003,5.172,5.2324,5.1486,0.0004,5.1313,5.239
10200,0.0005,0.0007,0.0004,5.8796,5.7121,5.4833,0.0012,5.471,5.5479
10250,0.0006,0.0005,0.0003,5.5387,6.0958,7.6326,0.0004,5.6405,5.6562
10300,0.0005,0.0004,0.0004,5.5972,6.0579,5.2514,0.0007,5.3044,5.1967
10350,0.001,0.0003,0.0003,5.7252,5.3276,5.2154,0.0005,5.7761,5.3183
10400,0.0005,0.0003,0.0003,5.1993,5.3713,5.2405,0.0005,5.2632,5.5737
10450,0.0009,0.0004,0.0003,5.3276,5.8199,5.3617,0.0005,5.2366,5.4024
10500,0.0006,0.0004,0.0003,5.5274,6.6432,5.4033,0.0005,5.3123,5.6788
10550,0.0005,0.0003,0.0003,5.363,6.7314,5.3392,0.0003,5.3115,5.6896
10600,0.0008,0.0003,0.0002,5.9604,5.5131,5.3641,0.0004,5.8011,6.4944
10650,0.0013,0.0003,0.0002,5.7383,5.4066,5.2928,0.0003,5.6834,6.4747
10700,0.0009,0.0003,0.0003,5.662,5.4034,5.3779,0.0004,5.7433,5.4353
10750,0.0004,0.0003,0.0003,6.9553,5.3274,5.7239,0.0005,5.6485,5.8798
10800,0.0009,0.001,0.0009,6.3415,5.6815,5.714,0.0004,5.7019,5.8883
10850,0.0005,0.0004,0.0003,5.5543,5.6404,6.8631,0.0005,5.6337,6.5708
10900,0.0008,0.0003,0.0003,5.5763,5.843,6.4084,0.0006,5.6906,8.0767
10950,0.0006,0.0006,0.0003,6.9162,7.4724,5.7216,0.0007,7.7259,5.5756
11000,0.0008,0.0013,0.0003,5.9256,5.6301,5.6937,0.0004,5.6506,5.6522
11050,0.0011,0.0003,0.0003,5.6668,5.7835,5.7275,0.0006,5.5992,6.2942
11100,0.0013,0.0004,0.0003,6.05,6.4638,5.628,0.0006,5.673,5.636
11150,0.0008,0.0008,0.0005,6.1657,6.4548,5.6898,0.0005,5.807,5.8067
11200,0.0006,0.0006,0.0003,6.7042,6.0963,5.7096,0.0006,6.0418,5.7122
11250,0.001,0.0007,0.0003,6.159,5.7289,6.7627,0.0008,6.1056,5.9815
11300,0.0007,0.0009,0.0004,5.7608,5.7205,6.6074,0.0009,5.7194,5.7695
11350,0.0006,0.0003,0.0003,5.7429,5.8334,5.7523,0.0006,5.7739,6.9572
11400,0.0011,0.0004,0.0003,5.7706,5.7956,5.7906,0.0004,5.7625,5.805
11450,0.0008,0.0003,0.0003,7.2821,5.8557,5.8684,0.0009,5.8504,5.8766
11500,0.0017,0.0016,0.0003,7.3568,5.9464,9.0528,0.0008,9.4514,9.1729
11550,0.0009,0.0003,0.0003,6.6634,5.9649,6.5555,0.0006,5.9075,6.4686
11600,0.0015,0.0004,0.0003,5.9383,5.9258,6.0144,0.0006,6.0258,5.9928
11650,0.0008,0.0004,0.0002,6.0319,6.2755,5.9649,0.0004,5.8604,5.945
11700,0.0005,0.0003,0.0003,6.5105,6.4769,5.8079,0.0004,6.1432,6.9574
11750,0.0014,0.0014,0.0005,6.2101,6.3211,6.863,0.0008,7.7211,7.785
11800,0.0007,0.0003,0.0003,6.0805,6.7858,6.9593,0.0006,6.7211,6.4712
11850,0.001,0.0004,0.0003,6.2296,6.0191,6.005,0.0006,6.0547,6.8524
11900,0.0005,0.0004,0.0003,6.0027,6.1335,6.6805,0.0007,6.6733,6.1981
11950,0.0017,0.0004,0.0002,6.2936,6.1251,6.2205,0.0005,6.099,6.7826
12000,0.0006,0.0003,0.0003,6.075,6.1701,6.0674,0.0004,6.5081,7.3526
12050,0.0011,0.0011,0.0003,6.3186,6.2182,6.2575,0.0007,6.2096,6.1305
12100,0.001,0.0007,0.0003,6.3248,7.0136,6.333,0.0005,6.9449,7.1725
12150,0.0011,0.0004,0.0003,6.5296,6.3177,6.1958,0.0007,6.2245,6.1507
12200,0.0006,0.001,0.0003,7.3256,6.3025,6.6227,0.0005,6.2005,6.3551
12250,0.001,0.0005,0.0003,6.795,6.3128,6.2247,0.0004,6.2817,6.244
12300,0.0008,0.0008,0.0003,6.3758,7.0785,6.5158,0.0007,6.3314,6.4774
12350,0.0007,0.0003,0.0003,7.0138,6.3407,6.7178,0.0005,6.2995,6.2571
12400,0.0007,0.0004,0.0003,6.5007,8.102,6.6537,0.0006,6.3037,6.3209
12450,0.0005,0.0003,0.0003,6.84,6.3603,6.9462,0.0015,6.3927,6.3124
12500,0.0009,0.0006,0.0003,6.3497,7.0469,7.8724,0.0005,6.4059,6.3825
12550,0.0006,0.0003,0.0003,6.6399,6.5337,6.4382,0.0004,8.0949,6.3828
12600,0.0012,0.0003,0.0003,6.4551,6.3849,6.8029,0.001,6.3939,6.5581
12650,0.0005,0.0003,0.0003,6.8151,6.469,6.3902,0.0003,7.8439,6.6896
12700,0.0005,0.0004,0.0003,6.599,6.3268,6.7217,0.0004,7.1467,6.4946
12750,0.0005,0.0003,0.0003,6.3562,6.6993,6.4579,0.0004,7.3168,6.6619
12800,0.0006,0.0003,0.0003,6.6129,6.3623,7.4977,0.0008,6.9077,6.5442
12850,0.0016,0.0005,0.0003,6.5152,6.9981,6.7164,0.0005,6.5394,7.9645
12900,0.0005,0.0003,0.0003,6.7326,6.8883,6.9593,0.0008,7.9003,6.5223
12950,0.0007,0.0003,0.0003,6.5837,7.0648,7.0428,0.0006,6.7978,8.0006
13000,0.0006,0.0005,0.0004,8.7868,7.0087,8.9542,0.0007,6.7886,6.7091
13050,0.0004,0.0003,0.0004,6.5642,6.881,6.6594,0.0004,9.1495,6.8252
13100,0.0009,0.0004,0.0002,6.7488,6.6718,8.0187,0.0004,6.6334,7.1296
13150,0.0005,0.0003,0.0003,7.0454,7.0491,7.0108,0.0005,6.8295,7.2438
13200,0.0005,0.0003,0.0003,6.6195,7.3187,7.1334,0.0005,6.852,7.0092
13250,0.0005,0.0003,0.0003,7.4338,6.8963,6.9065,0.0005,7.7403,6.8282
13300,0.0005,0.0003,0.0003,7.1285,7.1478,6.716,0.0003,7.5784,7.4763
13350,0.0007,0.0003,0.0003,6.76,6.9017,7.9973,0.0005,6.819,6.9315
13400,0.0025,0.0006,0.0003,7.106,7.062,6.9214,0.0005,7.6861,6.9593
13450,0.0006,0.0003,0.0003,6.8475,7.9853,7.0281,0.0004,6.926,7.0412
13500,0.0005,0.0003,0.0003,7.3194,6.8318,7.3442,0.0014,7.0396,6.5547
13550,0.0009,0.0004,0.0003,7.4135,7.5588,7.2095,0.0004,7.2412,7.3644
13600,0.0008,0.0004,0.0002,7.0857,7.9346,7.7937,0.0006,7.7836,11.129
13650,0.0007,0.0003,0.0003,7.1487,7.2918,7.2361,0.0005,6.9866,7.3741
13700,0.0007,0.0003,0.0003,6.9732,9.4671,9.0149,0.0007,7.1287,7.6555
13750,0.0009,0.0003,0.0003,7.1309,7.5022,6.9638,0.0005,7.4487,7.0864
13800,0.0007,0.0007,0.0003,7.7343,7.476,7.3261,0.0007,7.3755,7.009
13850,0.0013,0.0003,0.0003,7.4949,7.2446,7.5506,0.0005,7.3561,7.8745
13900,0.0007,0.0004,0.0003,7.2207,7.7651,6.9857,0.0004,7.2697,7.2149
13950,0.0011,0.0011,0.0003,7.4194,7.5134,7.1211,0.0004,7.7959,7.3845
14000,0.0006,0.0003,0.0003,7.7176,7.0839,7.2786,0.0004,7.2152,8.7675
14050,0.0005,0.0003,0.0004,7.3969,8.0127,8.0793,0.0005,7.5738,7.1628
14100,0.0005,0.0003,0.0003,7.5806,7.5697,7.2844,0.0005,7.5464,7.2937
14150,0.0006,0.0003,0.0004,7.2442,7.5595,7.8739,0.0004,7.4527,7.2369
14200,0.0005,0.0002,0.0003,7.6394,7.5665,8.0544,0.0005,7.5658,8.4989
14250,0.0005,0.0003,0.0003,8.6227,8.2757,7.8238,0.0005,7.5697,7.6705
14300,0.0011,0.0004,0.0003,8.4297,10.062,7.7514,0.0007,9.8307,9.9754
14350,0.0005,0.0003,0.0003,7.8834,7.4302,7.5912,0.0004,7.3189,7.7499
14400,0.0006,0.0003,0.0003,9.3143,8.1374,9.7369,0.0005,9.0266,7.9091
14450,0.0005,0.0003,0.0003,7.7113,7.5634,8.638,0.0005,7.3349,7.5691
14500,0.0005,0.0003,0.0003,7.6175,7.3838,9.0131,0.0009,8.5845,8.9178
14550,0.0013,0.0008,0.0002,8.1915,8.3123,7.3519,0.0008,7.4297,7.3924
14600,0.0006,0.0003,0.0003,7.5861,8.8187,8.0122,0.0004,7.4493,7.227
14650,0.0008,0.0007,0.0003,7.9479,7.9426,7.6915,0.0004,7.5447,7.4769
14700,0.0006,0.0009,0.0004,7.9645,7.5179,7.4916,0.0006,7.4391,9.124
14750,0.0007,0.0008,0.0003,8.6244,7.6501,8.219,0.0006,8.2722,8.9009
14800,0.0007,0.0004,0.0007,7.7459,7.4552,8.6923,0.0005,7.9387,7.5091
14850,0.0008,0.0004,0.0004,7.6061,7.6487,9.1537,0.0006,7.6909,7.5886
14900,0.0009,0.0004,0.0003,8.4006,7.778,7.9491,0.0008,7.5298,7.5239
14950,0.0008,0.0004,0.0003,7.5999,9.0211,7.7052,0.001,7.9168,7.6579
15000,0.0011,0.0007,0.0003,9.2457,8.3403,7.6612,0.0004,8.3803,9.5715
15050,0.001,0.0006,0.0003,8.1009,7.6844,7.8112,0.0005,7.697,8.7934
15100,0.0007,0.0003,0.0003,8.2032,7.6944,8.5789,0.0007,8.1206,7.8385
15150,0.001,0.0008,0.0003,8.3101,8.3929,8.3712,0.0011,7.9252,8.0257
15200,0.0005,0.0004,0.0003,8.0812,8.8928,7.8706,0.0006,7.7386,7.7499
15250,0.0005,0.0005,0.0003,7.8425,8.9949,7.7686,0.0005,7.7359,7.7901
15300,0.0009,0.0003,0.0003,8.1792,7.8615,7.7988,0.0006,7.9035,7.7907
15350,0.001,0.0009,0.0003,7.9759,7.8102,7.7555,0.0006,8.4313,7.7902
15400,0.0015,0.0005,0.0003,8.2888,8.3789,7.8844,0.0006,8.4039,7.8333
15450,0.0005,0.0004,0.0003,7.8867,8.5513,7.9488,0.0005,8.6851,7.8668
15500,0.0009,0.0004,0.0003,7.9027,8.4594,12.155,0.0005,8.1673,7.9348
15550,0.0006,0.0009,0.0003,8.2672,7.9601,7.9134,0.0006,8.8093,7.9499
15600,0.0014,0.0007,0.0003,8.1658,8.1606,8.0319,0.0009,9.7026,8.1903
15650,0.0006,0.0014,0.0003,8.0947,8.3233,8.0303,0.0005,9.0065,7.9956
15700,0.0011,0.0003,0.0004,8.0276,8.0683,8.0452,0.0012,8.5342,8.0193
15750,0.0008,0.0004,0.0004,8.0717,8.6793,8.5558,0.001,8.4473,8.2294
15800,0.0005,0.0004,0.0003,8.3197,9.3011,8.0366,0.0006,8.0692,8.1152
15850,0.0013,0.0003,0.0003,8.0647,8.2723,8.1387,0.0006,8.0815,8.1977
15900,0.0015,0.0008,0.0003,8.1949,8.2261,8.21,0.0007,8.5491,8.2246
15950,0.0008,0.0003,0.0003,8.1186,8.1585,8.1632,0.0005,8.6115,8.1594
16000,0.0008,0.0007,0.0003,8.1566,10.0269,9.0275,0.0007,8.9678,8.285
16050,0.0009,0.0008,0.0003,9.6727,8.3375,8.1827,0.0005,8.1156,8.9389
16100,0.0007,0.0003,0.0003,9.3749,8.6129,8.4231,0.0005,8.6593,8.2854
16150,0.0006,0.0006,0.0003,8.3141,8.3103,8.3121,0.0005,8.49,8.34
16200,0.0006,0.0013,0.0002,8.3088,8.3931,8.9371,0.0009,8.7137,8.4299
16250,0.0006,0.0004,0.0003,8.3725,9.0155,8.7418,0.0005,8.2215,8.4563
16300,0.0011,0.0002,0.0004,8.9262,8.7331,8.5956,0.0005,8.3305,8.63
16350,0.0013,0.0006,0.0004,8.5802,8.2759,8.5319,0.0006,9.2365,8.3668
16400,0.0013,0.0003,0.0003,8.3558,8.4875,8.7921,0.0006,9.2073,9.6272
16450,0.001,0.0008,0.0003,10.9371,8.7751,8.6516,0.0006,8.7708,8.5623
16500,0.0007,0.0007,0.0003,9.6262,8.3876,9.0289,0.0005,9.8118,8.8255
16550,0.0007,0.0003,0.0005,9.0657,8.8985,8.4586,0.0006,9.5316,8.4453
16600,0.0005,0.0003,0.0002,8.5131,9.5936,8.7237,0.0008,8.8747,8.9184
16650,0.0012,0.0003,0.0003,8.8646,9.8032,9.4616,0.0007,8.9598,8.7123
16700,0.0006,0.0003,0.0003,9.8489,8.4221,8.5216,0.0003,8.7962,8.9349
16750,0.0005,0.0006,0.0003,8.8039,9.0338,8.9355,0.0006,9.7181,8.4757
16800,0.0012,0.0003,0.0004,8.5394,8.9977,8.6063,0.0004,8.5904,9.6354
16850,0.0012,0.0003,0.0003,10.5371,8.6803,9.1678,0.0006,8.8211,11.3409
16900,0.0005,0.0004,0.0003,8.9859,8.4625,8.6126,0.0006,9.703,8.7891
16950,0.0012,0.0004,0.0003,8.5756,9.5955,8.5968,0.0007,8.6521,8.5892
17000,0.0009,0.0005,0.0003,8.706,9.8394,8.8897,0.0007,9.0027,9.1965
17050,0.0006,0.0003,0.0003,9.0839,8.7944,8.6926,0.0004,8.8873,9.1776
17100,0.0006,0.0005,0.0004,8.7683,9.1678,9.7848,0.0004,9.4018,8.8863
17150,0.0008,0.0004,0.0003,8.7584,9.1037,8.7986,0.0005,9.0222,9.5348
17200,0.0008,0.0003,0.0003,9.6109,8.8683,9.2619,0.0004,8.7368,9.5004
17250,0.0008,0.0007,0.0002,8.8534,8.7508,9.4989,0.0005,8.8493,8.9634
17300,0.0006,0.0005,0.0003,8.7739,9.5822,8.8212,0.0009,9.3021,8.5456
17350,0.0006,0.0003,0.0003,9.3064,9.9393,8.9309,0.0009,8.8153,9.6161
17400,0.0007,0.0007,0.0003,8.9317,8.8317,9.2427,0.0007,9.9338,10.1904
17450,0.0014,0.0008,0.0003,9.2557,10.7305,9.9676,0.0007,9.6757,9.6302
17500,0.0006,0.0006,0.0003,9.2173,8.9664,8.9545,0.0004,10.1838,9.193
17550,0.0005,0.0005,0.0003,8.8507,8.8759,8.9333,0.0008,10.3708,9.2828
17600,0.0005,0.0004,0.0003,8.9955,8.9881,9.519,0.0009,9.0772,9.7049
17650,0.0013,0.0009,0.0004,10.0218,9.0175,9.0705,0.0006,8.9597,8.9088
17700,0.0011,0.0003,0.0003,9.3497,9.4708,9.1533,0.0009,9.6699,9.0827
17750,0.0007,0.0003,0.0003,9.6901,9.4073,9.4394,0.0005,9.1145,9.0308
17800,0.0008,0.0003,0.0003,9.8479,9.1086,9.4472,0.0007,9.0942,9.415
17850,0.0014,0.0007,0.0003,9.4044,9.9716,9.9023,0.0009,9.1061,9.142
17900,0.0005,0.0005,0.0003,9.7536,9.1834,9.6948,0.0005,9.2321,9.1178
17950,0.001,0.0007,0.0003,9.3816,9.4956,9.1319,0.0005,9.0547,9.7597
18000,0.0011,0.0011,0.0003,9.1554,9.2694,9.3053,0.0007,9.7406,9.5058
18050,0.001,0.0004,0.0003,9.2369,10.7225,9.4831,0.0005,9.2569,9.3117
18100,0.0004,0.0005,0.0003,9.3589,9.7834,9.3071,0.001,9.2768,9.4555
18150,0.0007,0.0013,0.0003,9.2984,9.3028,9.7875,0.0009,10.1415,9.268
18200,0.0012,0.0005,0.0002,9.2822,10.6981,9.2903,0.0006,9.3025,9.2875
18250,0.0007,0.0003,0.0002,9.8327,9.9243,9.5231,0.0005,9.7873,9.3959
18300,0.0005,0.0004,0.0003,9.3286,9.3558,9.8344,0.0016,9.3478,9.3422
18350,0.001,0.0003,0.0004,10.5578,9.603,9.4047,0.0005,9.8141,9.361
18400,0.0018,0.001,0.0003,9.7051,9.4663,10.2511,0.0008,9.309,9.9433
18450,0.0009,0.0005,0.0004,9.5348,10.9532,9.4989,0.0007,9.7689,9.7937
18500,0.0005,0.0003,0.0003,11.1023,9.6977,9.2116,0.0005,9.8155,9.5459
18550,0.0006,0.0007,0.0003,9.6851,9.4657,9.6028,0.001,10.1064,9.5962
18600,0.0006,0.0003,0.0003,10.4683,9.6979,9.5966,0.0007,10.0677,9.615
18650,0.0007,0.0006,0.0003,9.5662,9.5174,10.3151,0.0011,10.5582,9.4801
18700,0.002,0.0005,0.0003,9.6129,9.5091,9.8378,0.0004,9.6962,9.091
18750,0.0005,0.0006,0.0003,9.9112,9.9344,11.022,0.0006,9.6161,10.3463
18800,0.0005,0.0003,0.0003,10.1745,10.2947,9.577,0.0005,10.0366,9.6308
18850,0.0005,0.0003,0.0003,10.6835,10.3017,9.9652,0.0005,9.8198,10.2802
18900,0.0006,0.0004,0.0003,10.0743,10.292,10.5761,0.0011,9.617,9.7279
18950,0.0008,0.0005,0.0003,10.6866,10.0647,9.9599,0.0005,9.973,9.3322
19000,0.0009,0.0004,0.0003,9.8712,9.8644,11.7452,0.0005,9.8656,9.713
19050,0.0005,0.0003,0.0003,10.0291,10.167,10.5099,0.0005,9.9456,10.4691
19100,0.0005,0.0003,0.0002,11.7062,10.5895,11.2019,0.0006,11.4041,10.5863
19150,0.0008,0.0004,0.0003,10.7411,11.0769,11.1396,0.0005,9.7602,9.8056
19200,0.0009,0.0005,0.0003,9.907,9.8449,10.003,0.0009,10.9159,10.3034
19250,0.0009,0.0004,0.0003,9.8781,13.301,12.1261,0.0008,11.0988,10.5252
19300,0.0014,0.0009,0.0003,9.9691,9.9532,9.9828,0.0008,10.3024,10.2793
19350,0.0006,0.0004,0.0003,9.9351,10.9419,10.2489,0.0006,10.2356,10.2054
19400,0.0012,0.0004,0.0003,10.9713,10.0012,9.9366,0.0008,10.2756,10.0758
19450,0.0007,0.0004,0.0003,10.9478,10.4913,11.8009,0.0007,10.8214,10.5736
19500,0.0011,0.0005,0.0003,10.4028,10.029,9.9617,0.0006,10.3289,12.9742
19550,0.0021,0.0005,0.0002,10.3519,11.3426,9.9714,0.0005,9.9256,9.9143
19600,0.0009,0.0007,0.0003,10.5214,10.6594,10.6877,0.0013,11.5609,11.2909
19650,0.0015,0.0005,0.0002,10.2645,10.71,10.0448,0.0006,10.0139,10.4243
19700,0.0013,0.0004,0.0003,10.4134,10.1761,10.7062,0.0006,12.4225,10.0456
19750,0.001,0.0003,0.0003,10.9219,10.6605,10.3127,0.0005,10.1026,10.1861
19800,0.0009,0.0009,0.0004,10.37,10.0962,10.6975,0.0005,10.6471,10.0973
19850,0.0008,0.0004,0.0003,10.2054,11.3922,10.1991,0.0006,10.148,10.1044
19900,0.0007,0.0007,0.0003,11.043,10.3877,10.2144,0.0006,10.6662,10.79
19950,0.0007,0.0004,0.0003,10.5382,11.0354,10.2485,0.0005,10.3993,10.7833
20000,0.0009,0.0005,0.0003,10.2069,10.4525,10.1503,0.0005,10.8697,10.0446
20050,0.0007,0.0003,0.0002,10.8744,11.161,10.2791,0.0005,10.2406,10.2882
20100,0.0011,0.0008,0.0003,10.4542,10.5881,11.4033,0.0006,10.2981,10.548
20150,0.0011,0.0012,0.0006,10.3489,12.9713,11.143,0.0009,11.2359,12.6447
20200,0.0009,0.0004,0.0004,10.34,10.3022,11.1171,0.0008,10.9058,10.391
20250,0.0019,0.0005,0.0004,12.1759,10.5502,10.3864,0.001,10.3677,12.6194
20300,0.0006,0.0022,0.0004,11.6735,11.6476,11.9062,0.0007,12.4825,11.613
20350,0.0022,0.001,0.0003,10.4777,10.4465,10.3995,0.0008,10.2702,10.4721
20400,0.0007,0.0003,0.0002,10.7731,11.55,10.4913,0.0016,10.4734,10.5225
20450,0.0009,0.0007,0.0003,11.4972,10.5408,11.7187,0.0006,12.6592,12.6789
20500,0.0011,0.0005,0.0003,10.5008,11.0385,10.4944,0.0008,10.5256,10.8345
20550,0.0011,0.0004,0.0003,10.5606,10.5581,10.4942,0.0006,10.7503,10.4408
20600,0.0006,0.0004,0.0003,11.3536,10.5759,10.7776,0.0006,10.9578,11.1483
20650,0.0015,0.001,0.0005,11.9546,10.5836,10.4977,0.0008,10.702,10.5438
20700,0.0011,0.0004,0.0003,11.5681,10.6418,10.8413,0.0006,11.7144,10.5597
20750,0.0011,0.0004,0.0003,10.5989,11.8765,10.6519,0.0009,10.6411,10.6699
20800,0.0008,0.0004,0.0003,10.941,11.0751,11.0684,0.0008,10.7245,11.1415
20850,0.0008,0.0011,0.0003,10.7311,12.4636,10.706,0.0006,10.6387,11.7147
20900,0.0006,0.0011,0.0003,10.7431,10.7134,11.3762,0.0007,14.4591,12.4105
20950,0.0013,0.0004,0.0003,10.6929,10.6758,10.745,0.0007,11.7822,11.0792
21000,0.0021,0.0009,0.0004,11.5374,11.1399,10.8319,0.0007,11.3707,10.6817
21050,0.0013,0.0005,0.0002,10.9026,10.8362,11.1863,0.0005,11.7051,11.1006
21100,0.001,0.0003,0.0002,11.6679,11.2632,10.8951,0.0005,11.1411,10.7731
21150,0.001,0.0005,0.0003,11.1738,11.406,11.3327,0.0009,11.6351,11
21200,0.0012,0.0005,0.0003,12.2824,11.7698,11.1528,0.0008,11.8608,10.8367
21250,0.0012,0.0016,0.0004,11.5739,12.5762,11.8089,0.0012,11.1774,11.5127
21300,0.0006,0.0007,0.0003,10.852,11.6864,12.8359,0.0006,12.2685,11.1214
21350,0.0016,0.0006,0.0003,15.3839,12.8517,13.0055,0.0006,14.9345,11.8667
21400,0.0013,0.001,0.0004,12.0377,11.8209,10.8916,0.0008,12.4994,11.124
21450,0.0008,0.0003,0.0003,11.3227,12.1939,11.5037,0.0004,11.2376,12.2841
21500,0.0005,0.0003,0.0003,11.6244,11.3122,10.7038,0.0005,11.7312,11.2846
21550,0.001,0.0004,0.0003,12.2024,11.0541,11.0005,0.0009,11.0429,11.2758
21600,0.0008,0.001,0.0003,11.5439,11.8327,11.8739,0.0009,11.0437,14.7216
21650,0.0012,0.0009,0.0003,11.0538,12.0332,12.7844,0.0008,15.6511,14.3422
21700,0.0012,0.0008,0.0003,11.259,11.5459,12.1087,0.0007,11.0654,12.3154
21750,0.0017,0.0009,0.0004,13.35,13.0611,12.2197,0.0005,11.4044,11.8138
21800,0.0014,0.0005,0.0003,11.3813,11.1677,12.1607,0.0008,13.741,11.5531
21850,0.0012,0.0009,0.0005,11.9496,11.2022,11.292,0.0006,11.6747,11.7171
21900,0.0009,0.0005,0.0003,17.1185,12.8371,11.8559,0.0007,15.3101,12.6106
21950,0.0011,0.0004,0.0004,11.5622,11.6639,11.5439,0.0006,13.7691,11.4597
22000,0.0005,0.0003,0.0003,12.3378,12.3684,11.1132,0.0004,11.415,12.017
22050,0.001,0.0004,0.0002,11.3949,11.3472,11.9494,0.0005,11.6789,11.2033
22100,0.0005,0.0008,0.0003,12.6584,11.2624,11.6434,0.0005,12.2338,11.2759
22150,0.0008,0.0003,0.0003,12.299,12.2427,11.6909,0.0006,11.5068,11.9019
22200,0.0015,0.0014,0.0004,11.4757,11.4916,12.0383,0.0011,12.4767,16.4362
22250,0.001,0.0004,0.0003,13.3608,11.7375,12.6766,0.0009,11.9366,11.3632
22300,0.0009,0.0007,0.0003,13.3662,13.8261,14.5446,0.0007,12.9261,11.6521
22350,0.0007,0.0016,0.0007,11.8544,11.5484,12.1879,0.0005,11.5239,13.3818
22400,0.0011,0.0013,0.0005,12.3324,11.7155,11.4295,0.0007,11.4738,11.9012
22450,0.0011,0.0003,0.0003,12.0586,11.6682,11.9147,0.0014,13.7512,12.1798
22500,0.0008,0.0008,0.0003,13.1498,12.5805,12.3799,0.0007,12.7595,11.6547
22550,0.0011,0.0004,0.0003,11.6063,11.8935,11.589,0.0006,11.5532,12.1343
22600,0.0012,0.0007,0.0003,11.6227,13.0885,11.611,0.0007,11.5936,11.5752
22650,0.001,0.0015,0.0005,13.0508,11.7965,11.8676,0.0007,12.477,11.8439
22700,0.001,0.0011,0.0004,13.0026,12.0485,11.5581,0.0007,12.7431,12.5988
22750,0.001,0.0006,0.0003,12.6867,12.3214,11.7736,0.0011,12.3532,12.4138
22800,0.0013,0.0005,0.0003,11.6165,11.7401,13.0061,0.0008,11.8466,11.7556
22850,0.001,0.0006,0.0003,12.931,12.1348,12.5252,0.0013,12.3523,12.5486
22900,0.0011,0.0007,0.0003,12.0144,12.0939,11.5776,0.0005,11.9751,12.1812
22950,0.001,0.0005,0.0003,12.1221,13.0419,13.4387,0.0009,14.0616,12.8846
23000,0.001,0.0006,0.0003,11.9816,11.831,12.7993,0.0006,12.8397,12.7167
23050,0.0009,0.0004,0.0003,11.7879,12.1272,12.2241,0.0006,11.8458,11.725
23100,0.0004,0.0004,0.0003,12.1037,11.7661,12.1428,0.0005,12.4887,12.0509
23150,0.0007,0.0005,0.0003,12.1285,11.9701,13.3215,0.0005,11.8373,12.1261
23200,0.0005,0.001,0.0004,11.9539,12.1033,13.9958,0.0009,13.2085,13.5061
23250,0.0011,0.0009,0.0003,12.4586,11.9255,12.5686,0.0008,12.5081,12.2793
23300,0.001,0.0008,0.0003,12.0285,12.2136,12.2998,0.001,12.7276,11.9795
23350,0.0012,0.0005,0.0003,15.2967,12.6132,12.8283,0.0006,12.0845,12.2813
23400,0.0006,0.0004,0.0003,11.9325,13.4648,12.2501,0.0007,12.2575,13.4114
23450,0.0012,0.0008,0.0003,14.2248,14.9777,14.2348,0.0006,13.8315,12.8748
23500,0.0006,0.0013,0.0005,12.4079,12.2903,15.2002,0.0009,14.0454,12.5259
23550,0.0014,0.0007,0.0003,14.8062,13.4681,13.7984,0.0005,12.5977,12.0656
23600,0.0008,0.0003,0.0003,13.1647,14.5035,13.8351,0.0007,12.233,14.3228
23650,0.0011,0.0004,0.0003,12.1506,12.0891,12.2689,0.0008,13.6897,12.3054
23700,0.0012,0.0009,0.0003,13.2189,12.0969,12.1532,0.0006,12.7411,12.1198
23750,0.0015,0.0008,0.0003,14.1782,13.2783,13.8175,0.0007,15.1353,13.1229
23800,0.0019,0.0007,0.0003,13.2634,12.4428,12.3192,0.0007,15.6322,13.5498
23850,0.0021,0.0008,0.0003,12.3208,13.2993,12.2534,0.0005,12.1679,13.6128
23900,0.0009,0.0004,0.0003,12.2602,12.2458,13.1465,0.0006,12.2016,12.1356
23950,0.0015,0.001,0.0003,13.3545,12.2142,12.2273,0.0005,12.383,12.2574
24000,0.0007,0.0003,0.0004,13.5421,12.3002,12.2157,0.0006,14.8201,14.2977
24050,0.001,0.0004,0.0003,12.9542,12.4597,12.4201,0.0011,12.195,13.5988
24100,0.0012,0.0005,0.0003,12.6955,13.4739,12.3728,0.0009,12.3792,13.5406
24150,0.0012,0.0003,0.0003,12.2998,12.7089,12.5788,0.0006,12.4786,12.4708
24200,0.0011,0.0007,0.0003,13.5887,13.7549,14.43,0.001,12.811,12.4564
24250,0.0019,0.001,0.0003,12.4704,12.3166,13.5877,0.0006,17.0557,15.2473
24300,0.0013,0.0005,0.0003,13.7813,12.3777,13.2719,0.002,12.4209,12.8722
24350,0.0009,0.0004,0.0003,13.6634,13.1815,12.9069,0.0009,13.4375,12.7508
24400,0.001,0.0004,0.0003,13.5982,13.1644,12.9262,0.0011,13.5576,13.5213
24450,0.0007,0.0004,0.0003,13.236,15.0146,15.2333,0.0009,14.7198,12.4858
24500,0.0015,0.0007,0.0003,14.2799,12.5778,12.5199,0.0006,13.5579,13.0764
24550,0.0011,0.0011,0.0003,12.6247,13.3,12.6137,0.0006,13.0894,14.2876
24600,0.0007,0.0003,0.0002,12.7901,13.5269,12.6884,0.0004,15.2041,16.425
24650,0.0007,0.0005,0.0003,12.547,14.9276,12.8013,0.0007,12.5943,13.3817
24700,0.0014,0.0005,0.0003,12.9036,13.9035,12.8724,0.0006,12.7945,14.3424
24750,0.0007,0.0008,0.0003,12.7898,12.6103,15.8378,0.0006,13.6126,14.6517
24800,0.0007,0.0003,0.0003,12.6302,12.718,12.979,0.0004,13.0631,13.6744
24850,0.0004,0.0004,0.0003,12.877,12.7097,13.7079,0.0009,19.3745,12.5414
24900,0.0005,0.0004,0.0003,13.0426,13.19,12.8872,0.0007,13.1977,12.8505
24950,0.0009,0.0004,0.0002,14.6732,12.7651,12.3713,0.0008,13.8372,12.8798
25000,0.0008,0.0007,0.0003,12.6966,14.4935,13.6967,0.0006,14.6187,14.1785
25050,0.0006,0.0019,0.0004,14.6609,13.1657,13.0315,0.0006,14.2571,12.8534
25100,0.0007,0.0012,0.0003,13.7942,13.5211,12.8998,0.0006,13.6915,12.8252
25150,0.0012,0.0005,0.0003,12.9585,13.977,13.0371,0.0005,14.3396,13.5317
25200,0.001,0.0007,0.0003,12.7929,13.4212,13.716,0.0009,12.9676,14.0479
25250,0.0015,0.0007,0.0003,15.125,14.5008,16.3362,0.0005,15.8744,14.8512
25300,0.0011,0.0007,0.0003,14.6953,13.7758,12.9186,0.0005,13.1164,13.0314
25350,0.0005,0.001,0.0003,13.5247,13.4843,12.8142,0.0005,13.6522,13.2244
25400,0.0012,0.0007,0.0003,13.2284,15.569,14.0679,0.0005,14.356,13.26
25450,0.0008,0.0004,0.0003,13.3247,14.0825,13.0927,0.0005,13.0765,13.8289
25500,0.0008,0.0005,0.0003,13.0411,14.3549,15.8745,0.0007,13.7767,13.7187
25550,0.001,0.0005,0.0003,13.1995,14.2766,13.6084,0.0007,13.2435,12.9935
25600,0.0011,0.0004,0.0003,13.5359,14.3809,13.8452,0.0007,13.3427,13.4933
25650,0.0013,0.0004,0.0002,13.044,14.3314,15.1787,0.0006,14.6593,14.4524
25700,0.0011,0.0006,0.0003,13.4029,13.5993,13.7074,0.0007,13.1715,13.3851
25750,0.0014,0.0011,0.0004,13.908,14.188,13.1031,0.0009,12.7281,13.8928
25800,0.0009,0.0003,0.0002,14.0803,14.0041,13.3308,0.0005,14.1136,13.1419
25850,0.001,0.0005,0.0003,13.2904,14.2055,14.293,0.001,13.2082,12.9509
25900,0.0012,0.0007,0.0003,13.3775,13.9928,13.3934,0.0005,13.8069,13.2307
25950,0.001,0.0009,0.0003,13.7981,16.5888,14.402,0.0007,13.2514,13.9265
26000,0.0014,0.0012,0.0003,13.6412,14.046,13.1635,0.0005,13.4397,14.0844
26050,0.0015,0.0003,0.0003,13.4348,13.406,14.9159,0.0009,13.5118,13.3085
26100,0.0009,0.0008,0.0004,16.7753,14.08,14.97,0.0005,14.6902,14.0351
26150,0.0006,0.0004,0.0003,13.7664,13.2767,13.649,0.0005,13.2979,14.7296
26200,0.0005,0.0005,0.0003,13.589,15.0141,14.9436,0.0006,13.667,15.2103
26250,0.0015,0.0004,0.0003,13.5559,13.9231,15.0437,0.0004,13.4962,15.4528
26300,0.0009,0.0008,0.0003,13.4164,13.4254,15.1201,0.0008,13.6323,14.8237
26350,0.0012,0.0007,0.0003,13.7098,13.5784,15.4202,0.0005,13.4917,17.1266
26400,0.0011,0.0014,0.0007,13.608,13.8396,14.7312,0.0006,14.984,15.0926
26450,0.0008,0.0005,0.0003,13.6041,15.4813,14.0725,0.0007,15.1031,13.6199
26500,0.0012,0.0007,0.0003,15.4449,15.1087,15.1556,0.001,14.6333,15.3818
26550,0.0006,0.0008,0.0003,13.788,15.2429,13.6253,0.0006,13.6495,15.497
26600,0.0015,0.0013,0.0003,16.0945,16.3573,16.14,0.0007,14.9154,14.8618
26650,0.0013,0.0004,0.0003,14.3739,13.7663,13.9223,0.0006,15.5075,14.3394
26700,0.001,0.0008,0.0003,15.1226,14.0363,13.6582,0.0006,15.5214,14.2567
26750,0.0014,0.0007,0.0003,14.3727,13.6755,13.8238,0.0007,13.5645,14.4429
26800,0.0006,0.0005,0.0003,14.442,13.5766,14.2797,0.0006,14.2497,14.6713
26850,0.0012,0.0003,0.0004,14.8408,14.0982,14.9885,0.0006,13.682,13.7506
26900,0.0005,0.0002,0.0004,14.3695,13.8768,14.0185,0.0005,17.1072,15.2584
26950,0.0009,0.0006,0.0003,13.9499,14.0162,13.6397,0.0005,15.7674,13.4746
27000,0.0005,0.0007,0.0003,14.7195,13.3872,14.2941,0.0008,14.3378,13.7968
27050,0.0011,0.0008,0.0003,15.125,14.8356,16.1223,0.0008,14.7893,16.192
27100,0.0008,0.0004,0.0003,14.5907,14.5427,14.9513,0.0006,14.1665,14.7245
27150,0.0009,0.0009,0.0003,13.9423,14.8826,14.9921,0.0005,13.363,14.7492
27200,0.0011,0.0003,0.0003,13.9765,16.29,14.6537,0.0005,14.8007,15.0769
27250,0.0011,0.0009,0.0003,14.1545,15.3103,13.9209,0.0006,15.2324,15.7676
27300,0.0011,0.0008,0.0003,15.0564,14.587,14.7578,0.0007,14.0516,15.4903
27350,0.0009,0.0004,0.0003,14.8646,14.1087,14.211,0.0007,15.191,14.0693
27400,0.001,0.0004,0.0003,14.6928,13.8888,14.2965,0.0009,16.2184,14.4101
27450,0.001,0.0009,0.0005,14.8016,14.1292,14.0423,0.0005,15.2148,14.1081
27500,0.0009,0.0008,0.0003,14.3761,14.1441,14.0055,0.0004,15.4569,13.8876
27550,0.0017,0.0009,0.0003,16.7435,14.806,16.5732,0.0006,14.6873,13.9809
27600,0.0007,0.0006,0.0005,14.3073,14.1182,15.4354,0.0008,14.5261,13.7365
27650,0.0006,0.0007,0.0003,14.4593,14.5055,14.0311,0.0004,14.5862,14.7388
27700,0.0019,0.0009,0.0003,14.4898,15.0377,14.1196,0.0004,19.9174,23.1714
27750,0.0017,0.0007,0.0003,17.8162,16.3154,14.7751,0.0009,14.351,14.8198
27800,0.0013,0.0007,0.0002,14.242,14.7577,15.7401,0.0007,15.4239,14.5865
27850,0.001,0.0004,0.0003,15.1636,14.279,15.6743,0.0004,14.0457,13.9781
27900,0.0006,0.0012,0.0004,15.1747,14.4473,15.4903,0.0005,14.4545,15.8562
27950,0.0012,0.0007,0.0004,15.5895,15.3055,15.0847,0.0004,14.3213,15.2288
28000,0.0009,0.0003,0.0003,15.1908,15.3739,14.7101,0.0005,18.1564,17.1266
28050,0.0005,0.0005,0.0003,15.4428,14.2089,14.4682,0.0004,14.2858,14.4467
28100,0.0007,0.0003,0.0003,14.7145,14.277,15.4017,0.0006,14.1671,14.4804
28150,0.0006,0.0004,0.0003,16.1958,14.8721,15.1823,0.0004,14.3823,14.3084
28200,0.0009,0.0006,0.0003,15.0562,14.3305,14.6436,0.0003,14.4478,14.8757
28250,0.0007,0.0004,0.0003,14.4849,14.6639,15.3011,0.0006,14.8401,15.1087
28300,0.0009,0.0004,0.0002,14.8342,15.3763,14.1632,0.0004,14.0669,14.5397
28350,0.0009,0.0008,0.0003,15.4105,14.8039,14.376,0.0004,15.7562,16.4356
28400,0.0008,0.0003,0.0199,14.8916,15.8347,14.4526,0.0004,15.1241,15.4564
28450,0.0008,0.0004,0.0003,15.0422,15.4474,14.8405,0.0004,14.2201,14.4089
28500,0.0006,0.0007,0.0003,15.0062,14.6158,15.5569,0.001,15.3324,14.257
28550,0.0006,0.0003,0.0003,15.2265,14.5379,14.6282,0.0005,14.2383,14.2364
28600,0.0005,0.0016,0.0003,15.3511,14.1025,16.4436,0.0011,16.0198,15.2115
28650,0.0012,0.0003,0.0003,14.3938,14.2504,15.6114,0.0006,14.8543,14.9383
28700,0.0008,0.0006,0.0003,14.9643,16.5168,14.6043,0.0004,15.064,14.839
28750,0.0012,0.0005,0.0003,15.0257,15.3219,14.2584,0.0003,14.4757,15.8379
28800,0.0005,0.0007,0.0003,14.7645,15.4083,16.9908,0.0005,15.244,14.8095
28850,0.0006,0.0003,0.0003,15.5894,15.1941,15.758,0.0005,15.1708,15.3751
28900,0.001,0.0003,0.0003,14.5703,14.5046,14.9725,0.0007,15.803,14.8773
28950,0.0009,0.0003,0.0003,14.6694,18.1683,15.0317,0.001,15.6058,15.5941
29000,0.0015,0.0006,0.0003,15.1752,16.5306,14.8806,0.0007,15.0787,15.5766
29050,0.0012,0.0009,0.0003,17.4109,16.4191,15.0148,0.0007,16.1071,15.0037
29100,0.0015,0.001,0.0003,16.205,15.0553,15.4418,0.0014,16.4682,15.4311
29150,0.001,0.0009,0.0003,15.0024,14.8618,15.2822,0.0006,15.2785,15.1496
29200,0.0008,0.0005,0.0003,15.794,16.8755,15.4343,0.0008,14.88,15.7135
29250,0.0009,0.0005,0.0003,15.3663,16.0576,15.9138,0.0006,16.3748,14.9828
29300,0.0006,0.0008,0.0003,16.2669,16.2287,16.8852,0.0008,19.1882,18.2835
29350,0.0014,0.001,0.0003,14.939,16.0256,15.2033,0.0006,15.4866,16.074
29400,0.0006,0.0008,0.0003,15.5321,16.1927,16.0495,0.0006,17.4135,15.9213
29450,0.0011,0.0012,0.0003,15.2373,19.2332,19.6865,0.0006,15.9266,15.0395
29500,0.0009,0.0003,0.0003,16.3545,15.3971,18.7256,0.0008,15.2313,16.61
29550,0.0008,0.0003,0.0006,15.1366,16.1338,15.1312,0.0007,15.0465,15.9653
29600,0.0014,0.0003,0.0003,16.0469,15.7382,16.2422,0.0006,15.9729,15.5794
29650,0.0006,0.0011,0.0003,17.0691,15.4193,15.6715,0.0005,15.0903,15.6541
29700,0.0005,0.0008,0.0004,17.5767,17.5838,17.2808,0.0005,16.2812,17.214
29750,0.0011,0.0005,0.0003,15.2031,16.6237,15.3541,0.0008,16.2344,15.2845
29800,0.0012,0.0006,0.0003,16.3539,15.4845,15.4902,0.0012,17.5666,15.3616
29850,0.0011,0.0007,0.0003,15.4677,15.8008,16.3911,0.0009,16.0598,16.1431
29900,0.0012,0.0006,0.0003,15.8674,15.4623,16.0813,0.0008,15.4179,16.0375
29950,0.0009,0.0008,0.0004,15.6392,15.4573,15.1494,0.0004,16.0847,15.9684
30000,0.0009,0.0012,0.0004,16.2079,15.3885,17.117,0.0008,15.8135,15.4451
30050,0.0012,0.0007,0.0003,17.5119,16.3886,15.6113,0.0005,15.9386,16.3226
30100,0.0014,0.0006,0.0004,15.7074,18.9053,17.0761,0.0006,17.3603,15.7727
30150,0.0007,0.0009,0.0003,15.9886,16.3936,15.8909,0.0009,15.3141,14.5667
30200,0.001,0.0004,0.0003,18.6844,17.0412,15.4996,0.0006,15.5229,16.3182
30250,0.0013,0.0004,0.0003,15.3813,15.7169,15.6563,0.0004,15.6681,15.9516
30300,0.0005,0.0012,0.0004,16.8207,16.4588,15.5382,0.0007,15.8836,15.866
30350,0.0008,0.0011,0.0003,15.7742,16.0503,15.9279,0.0005,15.8156,15.7036
30400,0.0009,0.0003,0.0004,15.4975,15.2925,16.5257,0.0005,16.4561,15.7472
30450,0.0007,0.0007,0.0003,15.7734,16.116,15.369,0.0005,15.5061,16.0284
30500,0.0005,0.0005,0.0002,16.5592,16.598,15.2579,0.0004,16.0268,16.0237
30550,0.0009,0.0006,0.0002,16.583,15.6094,16.7842,0.0006,16.3986,16.0196
30600,0.0006,0.0004,0.0003,16.3007,19.0953,15.7838,0.0006,16.3245,16.3584
30650,0.0011,0.0006,0.0004,17.0265,20.6288,18.0988,0.0005,15.951,15.2576
30700,0.0006,0.0003,0.0003,16.2078,16.0362,16.0714,0.0005,15.6655,15.6014
30750,0.0006,0.0008,0.0002,16.6695,17.3204,18.1249,0.0006,16.3995,16.0699
30800,0.0006,0.0004,0.0003,16.611,15.9448,16.3467,0.0004,16.2916,16.1121
30850,0.0014,0.0005,0.0003,16.0374,16.3806,18.0317,0.0006,16.3226,16.8657
30900,0.0009,0.0009,0.0004,16.2289,16.8065,16.1335,0.0005,15.7185,16.2611
30950,0.001,0.0004,0.0002,17.2577,16.2698,16.1643,0.0006,17.808,16.5564
31000,0.0012,0.0004,0.0003,16.4189,16.0909,16.0039,0.0003,15.6777,16.2155
31050,0.0012,0.0003,0.0003,16.297,16.9301,16.1808,0.0005,17.3786,16.6954
31100,0.0008,0.0003,0.0003,17.7992,15.7881,15.7984,0.0006,15.857,15.8767
31150,0.001,0.0013,0.0003,16.1377,16.2945,16.8833,0.0005,16.4356,17.7801
31200,0.0008,0.0013,0.0003,16.394,16.5621,15.9114,0.0005,15.9258,15.9365
31250,0.0013,0.0011,0.0005,17.7429,15.4979,16.4482,0.0007,16.1662,15.8396
31300,0.0009,0.0012,0.0003,16.5298,15.8671,16.7768,0.0005,17.7039,16.203
31350,0.0007,0.0004,0.0003,16.2363,16.5782,16.5158,0.0006,16.9941,16.0224
31400,0.0006,0.0004,0.0002,17.7344,16.18,17.663,0.0008,15.7735,15.7783
31450,0.0012,0.0006,0.0003,15.8686,17.4725,16.5649,0.0005,16.429,16.3671
31500,0.0007,0.0004,0.0003,16.7838,17.7009,16.6055,0.0006,17.0526,16.4497
31550,0.0005,0.0003,0.0002,17.161,16.6802,17.2121,0.0005,16.1481,15.7716
31600,0.0012,0.0003,0.0003,16.8638,16.5737,17.4734,0.0006,18.488,16.849
31650,0.0006,0.0004,0.0003,17.4761,16.0732,16.3782,0.0015,17.2457,17.5237
31700,0.0007,0.0006,0.0004,17.2689,17.433,17.3327,0.0006,17.5725,17.1553
31750,0.0007,0.0004,0.0003,17.5944,16.8606,16.8711,0.0005,15.8404,15.9849
31800,0.0007,0.0004,0.0003,18.0352,17.6233,16.0724,0.0007,16.993,17.0841
31850,0.0005,0.0005,0.0003,16.7339,18.3113,17.3598,0.0006,16.4805,16.6793
31900,0.0008,0.0005,0.0003,17.9849,17.0006,18.1217,0.0011,17.0646,16.8811
31950,0.001,0.0005,0.0003,16.5124,17.2237,16.0143,0.0004,16.5565,17.2547
32000,0.001,0.0004,0.0003,17.2472,16.9663,16.9404,0.0006,18.2748,22.5699
32050,0.0009,0.0012,0.0003,16.4137,18.07,16.7877,0.0005,17.4261,17.062
32100,0.0007,0.0006,0.0003,17.6561,17.3105,17.2048,0.0005,16.4669,17.1508
32150,0.001,0.0004,0.0003,17.1604,16.8322,16.7123,0.0005,17.196,16.7806
32200,0.0006,0.0004,0.0003,18.5019,20.0765,17.0831,0.0006,17.0001,19.4275
32250,0.0169,0.0009,0.0003,16.67,17.5996,16.9549,0.0006,16.713,16.3462
32300,0.0006,0.0013,0.0003,16.9845,17.0793,17.74,0.0005,16.6599,17.0061
32350,0.001,0.0007,0.0003,19.3938,17.7653,17.5607,0.0005,16.6683,18.5352
32400,0.0012,0.0013,0.0003,17.4958,17.2366,17.1242,0.0004,18.0181,16.7109
32450,0.0011,0.0007,0.0003,18.1143,17.2675,17.7356,0.0007,16.6169,17.7208
32500,0.0013,0.0006,0.0003,17.7065,16.3476,16.4865,0.0007,17.3751,16.8543
32550,0.0005,0.0008,0.0003,17.2202,17.1099,17.3561,0.0006,16.3744,17.9364
32600,0.0009,0.0005,0.0003,16.9106,17.3172,16.7436,0.0006,17.0389,17.0914
32650,0.0006,0.0004,0.0003,18.7219,18.2247,17.0414,0.0008,17.3715,17.3757
32700,0.0006,0.0004,0.0002,17.6365,16.9658,17.125,0.0006,17.7871,17.2326
32750,0.0006,0.0012,0.0003,18.8562,17.081,17.8866,0.0005,17.6889,16.8146
32800,0.0014,0.0004,0.0003,17.5009,17.3237,17.0121,0.0005,16.4183,16.4553
32850,0.0007,0.0004,0.0003,16.7944,17.9141,17.4558,0.0007,16.8805,16.6721
32900,0.001,0.0013,0.0004,17.1247,18.4993,17.4843,0.0005,17.3836,17.2229
32950,0.0009,0.0006,0.0002,18.5603,17.9052,16.9888,0.0008,17.2488,16.6524
33000,0.0011,0.0004,0.0003,17.5153,17.5677,17.0036,0.0005,17.0156,17.5433
33050,0.0005,0.0004,0.0003,17.708,19.9799,18.7602,0.0009,18.0253,17.5492
33100,0.0014,0.0012,0.0003,17.1672,17.6165,17.5112,0.0005,16.9694,17.2566
33150,0.0007,0.0005,0.0003,19.8323,18.2118,18.1712,0.0009,18.7082,18.224
33200,0.0008,0.0011,0.0003,17.4865,18.2709,17.769,0.0006,18.1558,16.7971
33250,0.0013,0.001,0.0003,17.9335,18.0189,19.4022,0.0006,23.8037,17.3674
33300,0.0007,0.0015,0.0003,17.6102,17.3704,17.489,0.0006,16.863,17.4258
33350,0.0005,0.0007,0.0003,17.9255,18.5241,17.7679,0.0013,17.7608,17.5342
33400,0.0008,0.0011,0.0003,17.8118,17.2582,17.3933,0.0005,18.8905,18.3292
33450,0.0007,0.0003,0.0004,18.0228,17.1773,20.1026,0.0004,19.4952,18.2465
33500,0.0006,0.0008,0.0002,17.551,17.3297,18.181,0.0009,17.2468,17.1473
33550,0.0005,0.0007,0.0004,18.3494,18.1298,18.0726,0.0006,17.1999,16.8298
33600,0.0009,0.001,0.0003,18.0245,19.3949,17.7571,0.0004,16.8682,17.4176
33650,0.0005,0.0004,0.0003,19.2385,18.629,18.1901,0.0007,18.4944,16.8671
33700,0.0007,0.0008,0.0003,18.0448,17.6219,19.2135,0.0006,17.9303,18.6234
33750,0.0011,0.0005,0.0003,18.2038,17.7457,17.4304,0.0006,18.68,17.3678
33800,0.0005,0.001,0.0003,17.2529,17.679,18.7759,0.0007,18.0802,18.039
33850,0.0005,0.0008,0.0003,19.7306,19.1228,17.982,0.0006,17.0661,17.5004
33900,0.0009,0.0009,0.0003,17.9446,18.9483,16.9779,0.0005,16.9194,18.2827
33950,0.0011,0.0004,0.0003,20.755,17.4656,18.229,0.0007,17.4071,18.7658
34000,0.0008,0.0009,0.0003,18.3564,18.2225,17.0801,0.0007,17.4739,17.7298
34050,0.0006,0.0016,0.0003,19.6652,18.0975,18.1084,0.0008,17.8637,18.0969
34100,0.0005,0.0009,0.0003,18.848,17.4585,17.2405,0.0005,18.0545,17.2166
34150,0.0013,0.0012,0.0002,18.2633,18.0954,17.4526,0.0005,17.0836,17.4271
34200,0.0006,0.0003,0.0003,18.0792,18.7534,18.4874,0.0006,17.5969,18.1008
34250,0.0006,0.0009,0.0003,17.9123,17.5583,17.4137,0.0005,17.2864,18.3375
34300,0.0009,0.0004,0.0003,18.1672,17.834,17.5236,0.0007,17.3328,17.7852
34350,0.0013,0.0008,0.0003,18.6411,19.7162,19.5516,0.0005,18.2122,18.5744
34400,0.0006,0.0008,0.0003,19.0532,18.2763,17.6976,0.0005,17.6595,17.683
34450,0.0005,0.0008,0.0003,20.1944,19.571,18.7564,0.0011,18.1287,17.9212
34500,0.0006,0.0012,0.0004,18.5819,18.6751,17.3383,0.0006,17.6713,18.3013
34550,0.0009,0.0008,0.0003,20.4383,17.6962,18.7813,0.0006,18.2151,17.7201
34600,0.0011,0.0012,0.0003,19.0729,19.2629,17.5795,0.0004,18.2759,19.0306
34650,0.0014,0.0009,0.0003,18.8244,17.6998,18.732,0.0013,17.658,18.3808
34700,0.0005,0.0011,0.0003,19.0709,17.4102,17.6518,0.0004,17.6949,18.5744
34750,0.0015,0.0005,0.0003,18.5881,24.3648,18.1817,0.0004,18.3868,17.6826
34800,0.0009,0.0009,0.0003,18.583,18.4238,19.133,0.0006,18.1281,19.3126
34850,0.0007,0.0004,0.0003,18.3465,17.6589,17.4992,0.0004,18.1999,17.832
34900,0.0005,0.0008,0.0003,20.1001,18.6457,17.7037,0.0005,18.336,18.8739
34950,0.0015,0.0008,0.0004,18.9256,18.5704,18.672,0.0019,18.0006,17.7693
35000,0.0005,0.0007,0.0003,18.6197,17.9801,17.6411,0.0005,18.9179,18.7869
35050,0.0011,0.0085,0.0004,18.4986,17.8759,18.3392,0.0005,17.8997,18.0243
35100,0.0009,0.0006,0.0003,19.4071,17.4177,18.0332,0.0006,19.7678,19.322
35150,0.0017,0.0012,0.0003,20.6591,20.7792,18.1089,0.0004,19.4101,22.2626
35200,0.0005,0.0009,0.0003,18.1754,18.5481,19.6925,0.0006,18.7502,18.1058
35250,0.0008,0.0007,0.0003,19.226,18.3733,18.1955,0.0005,17.6831,17.6651
35300,0.0009,0.0004,0.0003,19.0254,18.8474,18.6834,0.0006,19.0169,18.3819
35350,0.0007,0.0007,0.0004,18.5024,18.2566,18.7692,0.0004,17.7489,18.1886
35400,0.0006,0.0004,0.0002,19.7089,19.8311,19.7075,0.0006,22.3241,20.1221
35450,0.0011,0.0009,0.0003,19.0779,18.6284,18.3558,0.0005,18.6947,17.9884
35500,0.0011,0.0004,0.0003,18.7631,19.6753,18.2345,0.0004,18.0646,19.4787
35550,0.0006,0.0007,0.0003,19.0033,19.2085,18.1899,0.0009,18.3035,18.629
35600,0.0006,0.0008,0.0003,18.6856,19.3825,18.9209,0.0005,19.0949,18.5733
35650,0.0006,0.0008,0.0004,19.6114,18.6395,17.8225,0.0004,18.7334,18.901
35700,0.0009,0.001,0.0003,19.0923,18.321,17.9941,0.0005,18.9187,18.3408
35750,0.0008,0.0007,0.0003,18.1727,18.2132,19.0717,0.0004,18.6227,18.1343
35800,0.001,0.0015,0.0003,18.6724,19.8428,18.9328,0.0006,18.1284,18.9522
35850,0.0006,0.0006,0.0003,19.3018,19.2705,18.4228,0.0006,18.332,19.188
35900,0.0013,0.0005,0.0002,18.423,18.8384,19.2395,0.0005,19.5496,18.3777
35950,0.0012,0.0008,0.0003,19.972,18.7959,18.8847,0.0006,19.4489,19.002
36000,0.0007,0.0011,0.0003,19.6495,18.1866,18.1835,0.0004,19.0224,18.4761
36050,0.0006,0.0004,0.0003,21.0145,18.8751,18.8049,0.0007,20.662,19.0917
36100,0.0013,0.001,0.0003,19.3138,19.6734,18.9908,0.0004,19.11,18.1926
36150,0.0008,0.0011,0.0002,20.3294,18.7871,20.1043,0.0006,18.8438,18.6952
36200,0.0006,0.0012,0.0002,19.7679,18.5032,18.1118,0.0004,18.6371,18.4936
36250,0.0009,0.001,0.0003,20.5022,21.4139,18.5587,0.0006,18.7442,18.7373
36300,0.0009,0.0009,0.0003,19.0014,19.5217,19.4624,0.0006,18.9048,18.2192
36350,0.0006,0.001,0.0003,19.5203,19.3572,19.5287,0.0006,19.4137,24.7506
36400,0.0009,0.001,0.0003,21.743,19.4009,19.7831,0.0005,19.5614,19.5936
36450,0.0012,0.0009,0.0003,19.7025,19.9815,18.7735,0.0006,18.6826,19.4729
36500,0.0007,0.0009,0.0003,19.3169,22.43,21.0124,0.0007,20.1121,23.8983
36550,0.008,0.0009,0.0002,18.751,19.6891,18.5029,0.0005,18.9697,18.5737
36600,0.0008,0.0005,0.0003,18.6181,18.4985,20.3154,0.0011,21.5673,19.4868
36650,0.0012,0.0005,0.0004,19.7555,18.7752,19.2531,0.001,18.808,19.6715
36700,0.0008,0.0005,0.0003,22.568,19.7499,18.8467,0.0005,18.7216,18.8643
36750,0.001,0.0006,0.0003,21.1207,19.8917,18.7757,0.0005,19.1325,19.2755
36800,0.0009,0.0008,0.0003,20.6327,20.6473,19.8304,0.001,19.3671,19.4342
36850,0.0008,0.0007,0.0003,20.1677,20.0975,19.2242,0.0006,19.3594,18.5013
36900,0.0011,0.0012,0.0003,19.5651,19.5782,19.5843,0.0004,19.4649,21.5533
36950,0.0006,0.0012,0.0004,23.092,20.2089,19.5109,0.0005,19.4198,21.5032
37000,0.001,0.0009,0.0003,20.7601,19.6948,19.1984,0.0006,18.8834,19.2334
37050,0.0009,0.0009,0.0003,22.6504,19.3649,19.7554,0.0008,20.7597,20.5266
37100,0.0011,0.0007,0.0002,19.0714,19.4347,19.0096,0.0008,19.7448,19.3362
37150,0.0007,0.0012,0.0006,20.7479,20.7342,19.9725,0.0004,20.9127,19.5782
37200,0.0006,0.0009,0.0003,19.4011,18.9823,19.4565,0.0005,18.7666,19.4261
37250,0.0007,0.0008,0.0003,20.6988,19.3322,19.7124,0.0006,18.6434,19.8218
37300,0.0011,0.001,0.0003,19.1718,19.5897,20.5489,0.0008,19.1337,19.3861
37350,0.0008,0.0008,0.0003,19.2342,19.7946,19.183,0.0005,19.5652,19.2038
37400,0.0009,0.0005,0.0003,21.2423,19.1858,18.7686,0.0004,19.5845,20.4719
37450,0.0009,0.0007,0.0003,19.8241,19.0824,19.292,0.0005,19.1114,19.3244
37500,0.0007,0.001,0.0003,21.1272,21.3741,22.2011,0.0007,19.35,22.7053
37550,0.001,0.0011,0.0003,21.866,20.2056,20.8058,0.0004,19.2981,19.4852
37600,0.0008,0.001,0.0003,21.2284,19.3815,20.8162,0.0009,19.7028,20.757
37650,0.0011,0.001,0.0003,20.3238,20.9171,20.0842,0.0005,20.0892,19.1813
37700,0.001,0.0014,0.0003,19.9045,20.8587,20,0.0008,20.0409,18.7861
37750,0.0007,0.0011,0.0003,19.9428,20.2388,19.4685,0.0005,21.0481,19.6639
37800,0.0014,0.001,0.0004,20.347,19.8759,19.4687,0.0005,19.5574,20.7637
37850,0.0009,0.0008,0.0002,21.6305,20.0957,20.7878,0.0009,24.7177,19.577
37900,0.0007,0.0011,0.0003,19.8681,19.8374,20.4449,0.0008,19.3942,19.5444
37950,0.0014,0.0008,0.0003,19.749,20.3825,19.3609,0.0007,19.8082,19.9308
38000,0.0009,0.0008,0.0003,21.1918,19.0752,19.9941,0.0008,19.629,19.5313
38050,0.0006,0.0007,0.0003,21.6211,21.8561,22.6834,0.0007,24.4014,19.9007
38100,0.0009,0.0004,0.0003,20.6076,20.097,19.151,0.0005,22.3089,21.4251
38150,0.0011,0.0009,0.0003,19.8594,21.4323,19.3681,0.0004,19.4063,20.0691
38200,0.0013,0.0012,0.0003,19.8722,20.6836,21.0545,0.0006,20.724,22.7791
38250,0.0008,0.0027,0.0006,20.834,20.461,19.918,0.0006,19.7163,19.2232
38300,0.0013,0.0008,0.0003,20.4672,20.9071,22.3208,0.0007,20.8226,20.668
38350,0.0016,0.0009,0.0003,20.0527,20.0743,20.2194,0.0005,26.5227,22.4721
38400,0.0013,0.001,0.0003,24.3149,21.2907,20.3795,0.0007,19.8759,19.4725
38450,0.0007,0.001,0.0003,20.9393,20.5678,19.3667,0.001,20.9456,20.2237
38500,0.0006,0.0012,0.0003,20.2252,19.6129,20.0944,0.0005,20.7943,19.3297
38550,0.0009,0.0009,0.0003,21.5213,20.5527,20.6342,0.0006,20.8642,20.9548
38600,0.0006,0.0007,0.0003,22.6682,20.3509,20.0088,0.0004,19.4871,19.8312
38650,0.0007,0.0006,0.0003,22.5338,23.4191,20.8062,0.0004,20.191,21.5743
38700,0.0005,0.0012,0.0003,20.8153,20.0729,21.629,0.0009,19.4771,20.8175
38750,0.0009,0.0004,0.0003,21.1335,20.2391,21.7613,0.0006,19.7134,19.3121
38800,0.0008,0.0005,0.0003,21.6383,19.9304,20.1058,0.0007,20.0113,20.6021
38850,0.0013,0.0011,0.0004,20.6884,19.5174,20.7824,0.0005,20.2458,19.5763
38900,0.0013,0.0007,0.0003,21.0736,23.3818,22.5289,0.0007,20.3666,20.6301
38950,0.0012,0.0012,0.0003,21.2025,19.7489,19.5273,0.0004,20.6724,20.7472
39000,0.0011,0.0008,0.0002,20.7742,20.6281,20.416,0.0006,19.6822,21.0196
39050,0.0018,0.0008,0.0002,21.1444,22.4918,20.2006,0.0004,21.9245,22.7711
39100,0.0012,0.001,0.0003,20.7889,21.9812,21.9494,0.0009,20.4202,21.3659
39150,0.0009,0.0013,0.0003,20.5708,20.916,20.9834,0.0006,20.5156,20.3904
39200,0.0021,0.0009,0.0003,21.4401,20.049,20.2372,0.0005,20.174,20.7371
39250,0.0008,0.0008,0.0003,20.416,20.8461,21.1611,0.0006,20.1575,19.8416
39300,0.0009,0.0004,0.0003,20.8708,20.957,20.3765,0.0006,21.5109,20.612
39350,0.0012,0.0011,0.0003,20.5911,20.6765,20.0955,0.0004,21.1389,20.4965
39400,0.0006,0.001,0.0003,20.6533,21.0127,19.9146,0.0005,21.03,21.0193
39450,0.0011,0.0014,0.0003,22.1093,21.0316,20.3236,0.0005,20.0351,20.7448
39500,0.0005,0.0014,0.0003,20.2464,21.8192,22.705,0.0007,21.2792,20.7899
39550,0.0007,0.0012,0.0003,21.0687,21.2746,20.8294,0.0004,21.1142,20.0562
39600,0.0011,0.0004,0.0003,21.4127,22.1622,20.9558,0.0006,21.2782,19.8879
39650,0.0007,0.0005,0.0003,21.5141,20.2704,21.9831,0.0007,21.2841,21.1
39700,0.001,0.0006,0.0003,21.6026,20.5738,20.6381,0.0008,20.6844,20.0811
39750,0.0005,0.0018,0.0004,21.0672,19.6418,20.8949,0.0007,22.3019,21.2984
39800,0.0007,0.0004,0.0003,21.5091,22.0096,20.4612,0.0006,22.5185,20.2711
39850,0.0008,0.0004,0.0003,20.8478,22.2812,21.5328,0.0005,21.0909,20.6703
39900,0.0006,0.0007,0.0003,20.9399,20.6543,20.7291,0.0005,20.1802,21.8974
39950,0.0006,0.0021,0.0008,21.8862,21.0482,21.6239,0.0005,20.9482,21.1503
40000,0.0009,0.0016,0.0002,21.4143,21.4947,20.2069,0.0004,21.4818,21.8084
40050,0.0009,0.0008,0.0003,24.5228,22.4597,20.4909,0.0004,20.4772,21.2372
40100,0.0005,0.0008,0.0003,21.0379,23.6777,22.068,0.0006,22.3806,22.9256
40150,0.0008,0.0011,0.0004,20.9766,21.6267,21.4091,0.0006,20.3646,20.4035
40200,0.001,0.0011,0.0003,22.8681,21.7636,20.1304,0.0005,21.7771,22.3848
40250,0.0006,0.0008,0.0003,21.8144,22.0531,21.7046,0.0004,20.5669,22.1732
40300,0.0006,0.0011,0.0003,21.6901,21.3216,21.2131,0.0006,20.4849,20.9655
40350,0.0009,0.0009,0.0003,25.879,21.383,21.2939,0.0006,21.035,23.3406
40400,0.0011,0.0005,0.0003,22.0538,21.1624,21.0424,0.0005,20.2598,21.1429
40450,0.001,0.0008,0.0003,21.4939,20.6883,21.0944,0.0004,20.4425,20.8269
40500,0.0016,0.001,0.0003,21.7844,20.7399,21.2294,0.0008,21.6228,21.5327
40550,0.0011,0.0013,0.0011,23.5075,20.7764,22.6719,0.0006,21.209,20.9469
40600,0.0009,0.0012,0.0003,22.0094,21.4742,24.7205,0.0007,23.2605,22.2029
40650,0.0008,0.001,0.0003,21.8541,21.4787,22.1558,0.0006,21.2323,21.0658
40700,0.0009,0.0009,0.0003,22.342,21.6117,22.3423,0.0005,21.2056,20.8517
40750,0.001,0.001,0.0003,22.1831,23.4981,21.3865,0.0007,21.5247,21.5482
40800,0.001,0.0004,0.0002,20.9779,22.0514,21.0018,0.0005,21.0669,20.3768
40850,0.0006,0.0008,0.0003,22.0831,22.1512,21.4342,0.0006,20.628,20.6744
40900,0.0007,0.0013,0.0003,22.4888,21.9269,20.7068,0.0004,20.8804,20.3309
40950,0.0015,0.0008,0.0003,22.2144,22.7935,20.641,0.0007,22.9844,21.7699
41000,0.0009,0.0004,0.0004,21.3838,22.5795,22.0334,0.0007,21.0477,21.9759
41050,0.0015,0.0008,0.0003,23.7164,21.9604,21.4795,0.0005,21.2541,22.7091
41100,0.0007,0.0005,0.0004,21.8531,22.1401,21.1999,0.0005,21.9013,21.4096
41150,0.001,0.0005,0.0003,22.1756,21.0597,21.604,0.0006,21.2983,21.9296
41200,0.0012,0.0013,0.0004,23.8297,21.8106,21.5317,0.0013,22.0052,21.5393
41250,0.0013,0.0009,0.0003,23.2927,24.5559,22.7576,0.0008,22.9236,21.2715
41300,0.0008,0.0009,0.0003,22.0415,23.7295,21.4577,0.0005,21.8579,22.1976
41350,0.0008,0.001,0.0003,27.6059,26.2839,21.2885,0.0003,21.915,21.132
41400,0.0007,0.001,0.0003,21.9007,21.1585,21.1088,0.0004,20.9342,21.9423
41450,0.0011,0.0004,0.0002,21.9418,21.935,21.3215,0.0004,21.6003,21.792
41500,0.0008,0.0007,0.0004,22.8269,21.2283,22.739,0.0006,23.26,25.7169
41550,0.0016,0.0006,0.0003,23.1128,22.7786,21.6782,0.0007,24.0875,26.8135
41600,0.0014,0.0004,0.0003,21.8574,21.6038,21.7474,0.0004,22.0649,22.2375
41650,0.001,0.0009,0.0003,21.536,22.5954,22.2826,0.0013,22.2168,22.0639
41700,0.0011,0.0011,0.0004,23.2029,21.9269,23.195,0.0006,22.1974,21.529
41750,0.0008,0.0014,0.0003,23.2511,25.6109,23.7149,0.0011,23.4903,21.4618
41800,0.0014,0.0004,0.0003,22.1233,22.4036,21.4881,0.0007,22.4702,21.4516
41850,0.0011,0.0009,0.0004,29.448,31.3519,24.6482,0.0009,22.5927,23.274
41900,0.0013,0.0008,0.0003,21.385,21.3597,23.5153,0.0006,23.5219,23.1972
41950,0.0017,0.0008,0.0004,21.4787,22.3089,22.3406,0.0009,22.153,21.9625
42000,0.0011,0.001,0.0004,22.7189,23.4632,21.8227,0.0008,21.6405,23.6558
42050,0.0012,0.0009,0.0003,21.6132,23.0395,21.9693,0.0009,22.243,22.178
42100,0.0007,0.001,0.0003,22.2833,21.5425,21.6444,0.0005,21.2459,21.6686
42150,0.0011,0.0006,0.0003,22.6332,22.1837,22.7186,0.001,22.0244,22.727
42200,0.0007,0.0005,0.0003,23.3757,22.315,21.9342,0.0011,22.4451,23.5338
42250,0.0011,0.0008,0.0003,22.0136,22.8152,21.9909,0.0005,22.0344,21.8773
42300,0.0007,0.0008,0.0003,22.8457,24.4445,22.8588,0.0223,21.9291,22.3003
42350,0.0009,0.0018,0.0003,23.3871,27.8189,23.5814,0.0004,23.9828,23.8306
42400,0.0017,0.001,0.0003,26.4622,23.2022,21.7456,0.0005,22.7549,23.2706
42450,0.0009,0.0008,0.0003,23.1927,24.9786,24.5782,0.0008,23.1726,22.5897
42500,0.0005,0.0013,0.0003,26.6593,25.7538,23.5284,0.0007,23.9979,22.9005
42550,0.001,0.0008,0.0003,24.2845,23.6061,22.5105,0.0007,22.1367,22.3592
42600,0.0016,0.0014,0.0003,22.5593,22.2217,23.6092,0.002,22.8647,22.4199
42650,0.0006,0.0015,0.0003,23.8367,22.8107,22.6416,0.0007,22.0522,22.7685
42700,0.0012,0.0016,0.0003,23.8356,24.2574,22.3261,0.0006,22.0933,21.9928
42750,0.0016,0.0013,0.0005,22.6498,22.2921,22.5989,0.0006,23.2716,26.7683
42800,0.0013,0.0014,0.0002,23.4742,21.8211,22.6542,0.0009,23.1181,24.7859
42850,0.0012,0.0007,0.0003,23.0395,22.4867,22.4441,0.0009,22.0949,22.6194
42900,0.0012,0.0012,0.0004,22.322,22.8615,23.4287,0.0006,23.6483,21.9065
42950,0.0171,0.0008,0.0004,22.2698,23.0098,22.076,0.0006,22.9236,22.07
43000,0.0006,0.0009,0.0003,23.4231,24.1581,25.585,0.0007,22.0479,23.4582
43050,0.0011,0.0005,0.0003,24.1041,22.0982,22.4922,0.0006,22.4818,22.5166
43100,0.0011,0.0012,0.0008,22.8073,22.9825,22.0436,0.0006,22.675,21.9498
43150,0.0012,0.0012,0.0003,22.3514,23.0822,22.2848,0.0005,22.7966,22.195
43200,0.001,0.0009,0.0003,22.6179,22.9483,22.3778,0.0006,22.4853,23.3468
43250,0.0013,0.0004,0.0003,29.7436,22.6328,23.0947,0.0006,22.2616,24.3613
43300,0.0014,0.0009,0.0003,22.8537,23.1878,22.8886,0.0009,23.4203,22.1385
43350,0.0018,0.0004,0.0003,23.005,23.3249,22.3352,0.0008,22.1064,22.5647
43400,0.0014,0.0009,0.0003,24.6653,22.6939,22.7895,0.0005,22.4001,23.4421
43450,0.0011,0.0009,0.0003,23.4881,23.4687,23.0789,0.0006,22.8917,23.2611
43500,0.0011,0.0007,0.0003,22.6447,23.0302,23.0529,0.0012,23.383,22.2989
43550,0.0011,0.0004,0.0003,22.8356,22.265,23.1685,0.0006,22.7295,24.0086
43600,0.0015,0.0007,0.0003,23.0254,22.5256,22.7775,0.0006,23.2023,23.5297
43650,0.001,0.0006,0.0003,22.3407,23.2771,22.3544,0.0007,22.5299,22.5586
43700,0.0021,0.0012,0.0003,22.7302,23.9723,22.3305,0.0024,26.0716,24.1019
43750,0.0011,0.0007,0.0003,22.8158,22.3017,23.6195,0.0005,23.3444,24.9463
43800,0.0019,0.0008,0.0003,22.9263,22.4602,23.3939,0.0006,24.2815,22.4598
43850,0.0013,0.001,0.0003,22.4979,23.7041,22.4753,0.0008,23.0895,23.1385
43900,0.0013,0.0011,0.0003,24.2877,23.0726,24.0787,0.0007,22.4023,22.9606
43950,0.0014,0.0007,0.0005,28.4723,24.4554,22.5205,0.0006,23.46,22.2873
44000,0.0009,0.0012,0.0003,23.6117,25.0345,25.711,0.0007,22.8528,23.7465
44050,0.001,0.001,0.0002,24.3981,22.8422,23.1853,0.0007,23.1683,24.55
44100,0.001,0.0009,0.0003,24.7825,24.0019,22.8807,0.0006,24.0144,23.618
44150,0.0011,0.0005,0.0003,22.5813,27.7574,26.6783,0.0014,22.6498,23.846
44200,0.001,0.0003,0.0003,23.4691,22.7171,22.6808,0.0009,23.4603,23.5619
44250,0.0017,0.0008,0.0003,23.2104,23.5988,22.6555,0.0006,23.074,23.0851
44300,0.001,0.0004,0.0003,23.9282,23.0947,23.307,0.0006,23.1847,23.9861
44350,0.0013,0.001,0.0003,23.7983,23.3819,22.8139,0.0005,24.5545,22.8073
44400,0.0015,0.0005,0.0003,24.1018,25.1931,23.2543,0.0006,24.0647,23.2275
44450,0.0012,0.0007,0.0003,22.6915,24.4185,23.1465,0.0005,23.8323,24.3347
44500,0.001,0.001,0.0002,23.7871,22.8732,23.5607,0.0009,23.572,23.444
44550,0.0014,0.0008,0.0004,23.4471,23.7037,25.0698,0.0006,23.8086,29.3888
44600,0.0011,0.0008,0.0003,23.1652,22.8641,24.3294,0.0006,24.4797,22.6758
44650,0.0011,0.0009,0.0003,23.318,22.8277,22.873,0.0006,23.5886,22.7076
44700,0.0012,0.0012,0.0004,36.3931,34.9255,29.7843,0.0007,23.2997,22.8599
44750,0.0012,0.0005,0.0004,23.6724,23.6042,25.0766,0.0007,24.8504,24.2178
44800,0.0011,0.0006,0.0003,23.6759,23.8557,22.9357,0.0013,24.572,23.8657
44850,0.001,0.0007,0.0003,23.7872,24.0094,24.4564,0.0008,24.5721,24.0006
44900,0.0018,0.0006,0.0003,24.7046,25.0042,25.2581,0.0008,23.7334,23.0914
44950,0.0007,0.0012,0.0003,24.6101,24.8187,23.3845,0.0008,23.5855,24.3661
45000,0.0016,0.0008,0.0003,23.3737,22.6041,23.4747,0.0004,23.8257,23.6154
45050,0.0007,0.0013,0.0003,24.8118,23.7739,24.4953,0.0006,23.5404,22.4446
45100,0.0011,0.0006,0.0003,23.156,24.1496,25.1383,0.0006,23.3843,24.9325
45150,0.0012,0.0004,0.0003,23.5653,23.6944,24.6235,0.0007,22.8182,23.8142
45200,0.0013,0.0011,0.0004,26.9289,24.9043,28.2947,0.001,23.4264,23.8275
45250,0.0015,0.0008,0.0003,23.8584,23.2476,24.2799,0.0007,27.5229,25.7523
45300,0.0011,0.001,0.0003,24.0184,23.9082,23.5196,0.0008,23.9835,24.4383
45350,0.001,0.0012,0.0003,24.6148,23.2669,24.1147,0.0007,22.8312,25.0884
45400,0.001,0.001,0.0003,23.5715,24.6554,23.712,0.0008,24.6042,22.9967
45450,0.001,0.0008,0.0003,23.8985,24.482,23.9428,0.0009,23.3937,23.9776
45500,0.0006,0.0008,0.0002,27.5466,25.3759,25.3188,0.001,26.7928,25.1776
45550,0.0009,0.0011,0.0003,24.0219,23.8596,25.7661,0.0006,23.8618,23.9977
45600,0.001,0.001,0.0003,24.5949,23.5691,24.2811,0.0009,24.1934,23.7447
45650,0.0013,0.0008,0.0003,23.7503,25.2181,24.5968,0.0007,23.7403,23.3896
45700,0.0011,0.0006,0.0003,24.02,27.4992,23.5131,0.0005,25.3592,23.8591
45750,0.0016,0.0007,0.0004,23.9506,24.8152,24.7847,0.0006,23.32,24.4214
45800,0.0018,0.0003,0.0003,23.713,23.7007,27.2497,0.0005,23.9004,24.4177
45850,0.0011,0.001,0.0002,24.054,24.1251,24.6916,0.0009,23.5485,23.9551
45900,0.0009,0.0009,0.0003,25.3878,24.1331,27.0376,0.0006,28.3009,24.4322
45950,0.001,0.0012,0.0003,24.0312,24.7954,25.0685,0.0006,23.8908,24.4097
46000,0.0011,0.0012,0.0003,27.9437,28.6599,26.7198,0.0006,26.3026,24.6059
46050,0.001,0.0012,0.0003,24.8759,25.2949,26.5612,0.0009,26.6146,24.2493
46100,0.0012,0.0014,0.0003,25.0686,24.0074,24.4157,0.0007,25.2237,24.6921
46150,0.0012,0.0011,0.0003,24.1722,24.1111,25.1487,0.0005,23.5009,23.8698
46200,0.001,0.0009,0.0003,27.8953,25.4561,24.0813,0.0007,24.907,24.7766
46250,0.0014,0.0008,0.0003,24.293,24.6381,24.6609,0.0004,23.9892,25.0043
46300,0.0013,0.0005,0.0002,24.0852,25.6155,23.3548,0.0004,25.8016,23.6425
46350,0.0009,0.0012,0.0003,24.363,24.5256,25.2709,0.0006,25.3483,23.309
46400,0.001,0.0014,0.0003,24.714,24.4785,24.224,0.0005,24.6168,25.2288
46450,0.0013,0.0012,0.0004,26.3689,24.416,23.8844,0.0006,24.11,23.4308
46500,0.0006,0.0016,0.0003,24.6105,24.1801,24.3847,0.0007,24.7776,24.4632
46550,0.0007,0.001,0.0003,23.6199,24.3316,24.6231,0.0016,24.4693,25.6878
46600,0.001,0.0013,0.0004,24.436,24.6185,24.6788,0.0005,24.0505,23.629
46650,0.001,0.001,0.0003,26.2931,25.9167,24.4368,0.0003,24.0532,24.0854
46700,0.0014,0.0014,0.0003,27.8755,25.674,23.8784,0.0011,28.6596,25.3632
46750,0.0015,0.0008,0.0003,24.7447,23.3665,25.7494,0.0006,24.8053,24.478
46800,0.0014,0.0009,0.0003,25.0768,24.9385,25.1524,0.0012,23.5833,24.5719
46850,0.0009,0.0015,0.0003,25.4684,24.3674,28.4108,0.0006,27.3839,25.4156
46900,0.0007,0.0217,0.0003,24.7487,24.8869,23.9086,0.0005,23.8029,25.3194
46950,0.001,0.0013,0.0003,25.7175,24.7172,26.7607,0.0008,24.2474,23.9282
47000,0.0007,0.0005,0.0003,24.6529,26.2323,26.83,0.0006,25.6121,24.6012
47050,0.0008,0.0008,0.0003,26.4978,24.6651,23.876,0.0004,25.3019,26.2086
47100,0.0013,0.0008,0.0003,24.8941,23.4846,25.2631,0.0008,25.7571,25.2776
47150,0.0009,0.0008,0.0003,25.3145,26.9233,25.2821,0.0007,23.8458,24.8652
47200,0.0009,0.0014,0.0003,26.0384,24.619,24.5504,0.0004,25.2346,24.8943
47250,0.0009,0.0011,0.0004,25.3833,24.1395,24.1746,0.0006,24.3094,25.5486
47300,0.0008,0.0007,0.0003,26.1986,25.0202,25.6964,0.0006,24.5936,24.0154
47350,0.0009,0.0013,0.0003,25.2568,25.551,27.8643,0.0007,24.7344,26.8872
47400,0.002,0.0008,0.0003,25.0885,24.6503,23.9821,0.0004,25.3196,25.8942
47450,0.0013,0.0004,0.0003,25.8425,23.9096,25.2165,0.0005,24.1998,25.881
47500,0.0015,0.0011,0.0003,27.2571,27.0158,25.4197,0.0005,24.5365,25.9711
47550,0.0008,0.001,0.0003,25.5653,25.0546,23.6707,0.0005,25.3262,25.4654
47600,0.0011,0.0013,0.0171,25.3769,24.1318,24.3531,0.0006,25.2002,24.1485
47650,0.0012,0.0011,0.0003,27.2173,25.8807,24.9953,0.0005,24.3655,24.4679
47700,0.0007,0.0012,0.0003,25.6269,24.8846,25.3223,0.0005,25.5895,25.3878
47750,0.0008,0.0008,0.0003,26.175,25.3375,24.8869,0.0005,25.0575,24.454
47800,0.0008,0.0012,0.0003,27.048,25.9454,24.5966,0.0004,25.3887,25.7484
47850,0.0013,0.0008,0.0003,25.9007,24.7724,25.8693,0.0005,24.8192,24.8279
47900,0.0007,0.001,0.0003,25.7762,25.6339,24.6272,0.0005,24.4323,25.1201
47950,0.0011,0.0009,0.0003,25.8393,25.2053,25.7554,0.0005,24.2144,25.8048
48000,0.0013,0.0008,0.0003,25.7637,26.5352,25.4022,0.001,26.6927,25.6403
48050,0.0006,0.0013,0.0003,25.137,25.3756,24.4494,0.0004,24.7223,26.4607
48100,0.001,0.0004,0.0003,24.6819,26.3651,26.1823,0.0006,24.7281,25.2702
48150,0.0009,0.0005,0.0003,25.8031,25.7458,26.9669,0.0006,25.1648,25.4975
48200,0.0007,0.0012,0.0002,26.3398,25.047,24.8063,0.0006,26.0722,25.8035
48250,0.0011,0.0005,0.0004,25.2677,28.2008,24.6076,0.0005,24.4639,25.3384
48300,0.001,0.0009,0.0003,26.4095,24.4437,26.8228,0.0004,25.4263,24.8666
48350,0.0007,0.002,0.0004,26.3998,25.33,26.5818,0.0004,26.9922,24.6813
48400,0.0007,0.001,0.0004,25.1081,25.3784,25.6226,0.0011,26.7113,25.6545
48450,0.0011,0.0004,0.0003,25.0392,25.1285,25.3986,0.0005,25.4555,25.5311
48500,0.0014,0.0011,0.0005,27.1996,26.507,25.5519,0.0005,26.7034,24.1537
48550,0.0006,0.0013,0.0003,25.6037,24.9379,25.3487,0.0008,25.8403,25.441
48600,0.0011,0.0008,0.0003,25.7121,25.9437,26.3094,0.0005,25.2173,26.6631
48650,0.001,0.0008,0.0003,26.1921,26.6016,25.7335,0.0004,25.3018,25.5674
48700,0.0013,0.0017,0.0003,25.9194,26.6293,26.1951,0.0008,25.0637,25.1066
48750,0.0012,0.0014,0.0003,25.5251,25.8311,25.5212,0.0003,26.3853,25.5122
48800,0.0006,0.001,0.0003,25.4173,26.6782,26.9935,0.0008,25.2419,25.2892
48850,0.0014,0.0008,0.0003,25.2385,25.5724,25.4565,0.0009,25.5775,25.0833
48900,0.001,0.0013,0.0003,26.9098,26.7214,26.7476,0.0006,26.7909,26.4316
48950,0.0008,0.0008,0.0003,27.0949,25.4836,26.3964,0.0004,26.0837,25.3138
49000,0.0015,0.0008,0.0003,26.2748,24.8114,25.6263,0.0006,24.9131,25.7392
49050,0.001,0.0009,0.0003,27.2471,27.6749,26.9712,0.0008,26.1216,25.7249
49100,0.0008,0.0014,0.0003,27.1474,25.0445,26.7715,0.0007,28.0141,27.4821
49150,0.0012,0.0006,0.0003,25.5604,26.1434,26.3032,0.0005,25.7078,26.9502
49200,0.0017,0.0008,0.0003,26.7404,25.6795,24.9531,0.0005,25.6574,25.8795
49250,0.0013,0.0013,0.0003,25.9548,26.2777,25.3743,0.0005,25.2273,25.4498
49300,0.0011,0.0009,0.0003,26.3112,26.0912,25.2004,0.0004,26.1801,25.699
49350,0.0014,0.0008,0.0003,25.277,25.9446,25.2928,0.0005,26.2162,25.4227
49400,0.001,0.0163,0.0003,27.4235,26.5943,26.3039,0.0006,25.6677,25.5903
49450,0.0011,0.0007,0.0003,29.7805,28.2352,26.2439,0.0008,27.6942,26.501
49500,0.0012,0.0006,0.0003,26.3134,25.5957,27.2257,0.0008,26.4444,26.5165
49550,0.0013,0.0007,0.0003,26.0787,26.9108,25.7277,0.0005,25.2461,25.225
49600,0.001,0.0016,0.0005,27.7218,29.4555,28.7201,0.0006,26.4591,25.6654
49650,0.0013,0.0015,0.0003,27.1084,26.6894,27.2959,0.0011,27.0931,26.1635
49700,0.001,0.0009,0.0002,27.1365,27.3824,29.4791,0.0006,29.2317,28.9069
49750,0.0021,0.0012,0.0004,34.6074,26.9573,26.8509,0.0009,28.6702,26.2863
49800,0.0017,0.001,0.0003,25.9803,27.5172,26.2909,0.0006,28.7815,29.9132
49850,0.0014,0.0003,0.0003,29.2498,32.8029,26.5932,0.0007,26.7214,27.4759
49900,0.001,0.001,0.0003,26.8226,26.0454,25.9769,0.0009,26.9228,25.5537
49950,0.0014,0.0008,0.0004,27.4374,25.787,27.6683,0.0008,25.1568,26.9058
50000,0.0011,0.0008,0.0003,27.4354,25.2757,25.6565,0.0007,27.152,27.4254
