4e-07,3e-07,4e-07,3.8e-05,3.32e-05,3.29e-05,4e-07,3.19e-05,3.2e-053.19e-05,3.2e-05
5e-07,3e-07,3e-07,6.43e-05,6.09e-05,6.22e-05,3e-07,7.14e-05,5.6e-057.14e-05,5.6e-05
5e-07,3e-07,3e-07,8.8e-05,8.61e-05,8.6e-05,3e-07,8.48e-05,8.47e-058.48e-05,8.47e-05
5e-07,3e-07,3e-07,0.0001122,0.0001103,0.0001103,3e-07,0.0001093,0.00010820.0001093,0.0001082
5e-07,3e-07,3e-07,0.0001378,0.0001357,0.0001359,4e-07,0.0001352,0.00013390.0001352,0.0001339
5e-07,3e-07,3e-07,0.0001558,0.0001533,0.0001529,3e-07,0.0001521,0.00015120.0001521,0.0001512
4e-07,3e-07,2e-07,0.0001805,0.0001777,0.0001777,3e-07,0.0001766,0.00017550.0001766,0.0001755
4e-07,4e-07,3e-07,0.0002025,0.0002008,0.0002008,3e-07,0.0001998,0.00020020.0001998,0.0002002
4e-07,3e-07,3e-07,0.0002477,0.0002423,0.0002261,3e-07,0.0002235,0.00022210.0002235,0.0002221
5e-07,3e-07,2e-07,0.0002522,0.0002924,0.0002491,3e-07,0.000248,0.0002480.000248,0.000248
4e-07,2e-07,3e-07,0.0002677,0.0002671,0.000266,3e-07,0.000265,0.00028450.000265,0.0002845
4e-07,3e-07,2e-07,0.0002983,0.0002982,0.0002964,3e-07,0.0003037,0.00028740.0003037,0.0002874
4e-07,3e-07,3e-07,0.0003137,0.0003124,0.0003132,3e-07,0.0003113,0.000310.0003113,0.00031
5e-07,4e-07,4e-07,0.0006187,0.0004791,0.0003432,3e-07,0.0003515,0.00033420.0003515,0.0003342
4e-07,4e-07,3e-07,0.0003625,0.0003596,0.00036,2e-07,0.0004186,0.0003680.0004186,0.000368
5e-07,3e-07,3e-07,0.000384,0.0004168,0.0003985,3e-07,0.0003819,0.00038180.0003819,0.0003818
4e-07,3e-07,2e-07,0.0004069,0.0005759,0.000701,4e-07,0.0005825,0.00041770.0005825,0.0004177
4e-07,2e-07,3e-07,0.0004543,0.0004366,0.0004367,3e-07,0.0004297,0.00055060.0004297,0.0005506
5e-07,2e-07,3e-07,0.000488,0.0004545,0.0004533,3e-07,0.0006802,0.00052940.0006802,0.0005294
7e-07,3e-07,2e-07,0.0005779,0.0006027,0.0005156,3e-07,0.000556,0.00047380.000556,0.0004738
4e-07,3e-07,2e-07,0.0005031,0.0005826,0.0005381,3e-07,0.0004992,0.00053480.0004992,0.0005348
5e-07,3e-07,3e-07,0.0005275,0.000559,0.0005227,3e-07,0.0006088,0.00055730.0006088,0.0005573
5e-07,2e-07,3e-07,0.0005491,0.0005462,0.0005459,3e-07,0.0005442,0.00054410.0005442,0.0005441
4e-07,5e-07,3e-07,0.000906,0.0006554,0.0005841,3e-07,0.0005825,0.0007950.0005825,0.000795
5e-07,4e-07,2e-07,0.0006846,0.0006071,0.0006119,4e-07,0.0006063,0.00078610.0006063,0.0007861
5e-07,3e-07,3e-07,0.000618,0.0006155,0.000616,3e-07,0.0006159,0.00063510.0006159,0.0006351
5e-07,3e-07,3e-07,0.0006699,0.0006681,0.000668,3e-07,0.000667,0.0006650.000667,0.000665
5e-07,4e-07,3e-07,0.0009,0.0007144,0.0007108,3e-07,0.0007645,0.00075110.0007645,0.0007511
4e-07,3e-07,3e-07,0.0007548,0.0007167,0.0007159,3e-07,0.0007517,0.00075160.0007517,0.0007516
5e-07,3e-07,3e-07,0.0007422,0.0007402,0.0007392,3e-07,0.0008208,0.00073810.0008208,0.0007381
5e-07,4e-07,2e-07,0.0007664,0.0007633,0.0008501,3e-07,0.0008622,0.00087780.0008622,0.0008778
4e-07,3e-07,3e-07,0.0007938,0.0008284,0.0008462,3e-07,0.0007898,0.00078860.0007898,0.0007886
5e-07,3e-07,3e-07,0.000815,0.0008167,0.0008145,3e-07,0.0008132,0.00081120.0008132,0.0008112
5e-07,3e-07,3e-07,0.0008844,0.0008392,0.0008369,3e-07,0.0008356,0.00093830.0008356,0.0009383
5e-07,3e-07,2e-07,0.0008953,0.0008669,0.0008623,3e-07,0.0009743,0.00086510.0009743,0.0008651
5e-07,3e-07,3e-07,0.0008916,0.0008926,0.0009677,3e-07,0.0008873,0.00088530.0008873,0.0008853
5e-07,3e-07,2e-07,0.0009143,0.0009948,0.0009144,4e-07,0.0011424,0.00097420.0011424,0.0009742
5e-07,3e-07,2e-07,0.000951,0.0009847,0.0009359,3e-07,0.00098,0.00093950.00098,0.0009395
5e-07,3e-07,3e-07,0.0009636,0.0009631,0.0010077,3e-07,0.0009595,0.00095660.0009595,0.0009566
5e-07,3e-07,2e-07,0.001029,0.0009847,0.0010874,3e-07,0.0009855,0.00102630.0009855,0.0010263
4e-07,3e-07,3e-07,0.001011,0.0010102,0.001051,3e-07,0.0010103,0.00100710.0010103,0.0010071
5e-07,3e-07,3e-07,0.0010341,0.0010771,0.0010311,3e-07,0.0010297,0.00102970.0010297,0.0010297
5e-07,3e-07,3e-07,0.0012515,0.0010616,0.0011196,3e-07,0.0011147,0.00105890.0011147,0.0010589
4e-07,3e-07,3e-07,0.0011276,0.0010804,0.0010791,3e-07,0.00108,0.00113520.00108,0.0011352
4e-07,3e-07,2e-07,0.001219,0.0011082,0.0011473,3e-07,0.0011242,0.0010530.0011242,0.001053
4e-07,3e-07,3e-07,0.0011948,0.0011135,0.0010796,3e-07,0.0010772,0.0012390.0010772,0.001239
5e-07,3e-07,2e-07,0.0011022,0.0011468,0.0011635,3e-07,0.0014147,0.00136880.0014147,0.0013688
5e-07,3e-07,3e-07,0.0012158,0.0012075,0.0012423,3e-07,0.0012703,0.00120410.0012703,0.0012041
5e-07,3e-07,3e-07,0.0017381,0.0013902,0.0012095,4e-07,0.0016045,0.00123880.0016045,0.0012388
5e-07,3e-07,3e-07,0.0012687,0.0012595,0.0012551,3e-07,0.0012577,0.00126660.0012577,0.0012666
6e-07,3e-07,2e-07,0.001316,0.0017439,0.001247,3e-07,0.001313,0.00137910.001313,0.0013791
4e-07,3e-07,3e-07,0.0012511,0.0012803,0.0013234,2e-07,0.0012165,0.00143890.0012165,0.0014389
5e-07,3e-07,2e-07,0.0012521,0.0013109,0.0013352,3e-07,0.0012407,0.00132110.0012407,0.0013211
5e-07,3e-07,3e-07,0.0013051,0.0013844,0.0013298,3e-07,0.0012932,0.00134050.0012932,0.0013405
5e-07,2e-07,3e-07,0.0013212,0.0014344,0.001333,3e-07,0.0012879,0.00171170.0012879,0.0017117
5e-07,2e-07,3e-07,0.0013451,0.0013784,0.0013407,2e-07,0.0013417,0.00142540.0013417,0.0014254
4e-07,3e-07,2e-07,0.0013414,0.0013965,0.001385,3e-07,0.0015229,0.00157510.0015229,0.0015751
4e-07,3e-07,2e-07,0.0013564,0.0014224,0.0014228,3e-07,0.00142,0.00146090.00142,0.0014609
5e-07,3e-07,3e-07,0.0014439,0.0014881,0.0014956,3e-07,0.0014474,0.00147980.0014474,0.0014798
5e-07,3e-07,3e-07,0.0014688,0.0015082,0.0015152,3e-07,0.0014677,0.00150690.0014677,0.0015069
4e-07,3e-07,3e-07,0.0014922,0.0016971,0.0015815,4e-07,0.0015049,0.00156950.0015049,0.0015695
5e-07,3e-07,3e-07,0.0015227,0.0015706,0.001521,4e-07,0.0015564,0.00151630.0015564,0.0015163
5e-07,3e-07,2e-07,0.0016512,0.0016567,0.0015403,3e-07,0.0016206,0.00154110.0016206,0.0015411
4e-07,3e-07,2e-07,0.0016027,0.0015637,0.0016052,3e-07,0.0015662,0.00162970.0015662,0.0016297
5e-07,3e-07,3e-07,0.0015961,0.0016485,0.0016783,3e-07,0.0015898,0.00166870.0015898,0.0016687
5e-07,3e-07,3e-07,0.0016149,0.0016935,0.0016732,3e-07,0.0017755,0.00165010.0017755,0.0016501
5e-07,3e-07,3e-07,0.001866,0.0016376,0.0016734,3e-07,0.0016392,0.00163620.0016392,0.0016362
5e-07,3e-07,3e-07,0.0017541,0.0016943,0.0016781,3e-07,0.0016762,0.00170070.0016762,0.0017007
6e-07,3e-07,3e-07,0.0016867,0.0017489,0.0016069,3e-07,0.0018097,0.00195330.0018097,0.0019533
5e-07,3e-07,3e-07,0.0017484,0.0016703,0.0016847,3e-07,0.0016693,0.00169950.0016693,0.0016995
5e-07,3e-07,3e-07,0.0016636,0.0021408,0.0017072,3e-07,0.0017427,0.00179140.0017427,0.0017914
5e-07,2e-07,3e-07,0.0023845,0.0019902,0.0017997,4e-07,0.001806,0.00187220.001806,0.0018722
6e-07,2e-07,2e-07,0.0017485,0.0020876,0.0018608,4e-07,0.0018633,0.00183260.0018633,0.0018326
6e-07,3e-07,2e-07,0.0018639,0.0017677,0.001876,3e-07,0.0017292,0.00235560.0017292,0.0023556
7e-07,3e-07,3e-07,0.0019518,0.0017958,0.0019238,3e-07,0.0020455,0.00191620.0020455,0.0019162
5e-07,3e-07,3e-07,0.0017845,0.0023172,0.0018176,3e-07,0.0019574,0.00183120.0019574,0.0018312
5e-07,3e-07,3e-07,0.0019485,0.0018178,0.0018972,3e-07,0.0017958,0.00230950.0017958,0.0023095
7e-07,3e-07,2e-07,0.0022526,0.0021236,0.0022679,4e-07,0.001951,0.00202990.001951,0.0020299
5e-07,3e-07,3e-07,0.0026369,0.0019916,0.0019839,4e-07,0.0020248,0.00208350.0020248,0.0020835
4e-07,3e-07,3e-07,0.002207,0.0020487,0.0019893,3e-07,0.0020444,0.00202720.0020444,0.0020272
5e-07,3e-07,3e-07,0.002069,0.0019872,0.0019762,4e-07,0.0020622,0.00197550.0020622,0.0019755
5e-07,5e-07,3e-07,0.0020159,0.0020873,0.0022244,4e-07,0.0021506,0.00205090.0021506,0.0020509
5e-07,3e-07,3e-07,0.0020803,0.0020687,0.0020613,3e-07,0.0020669,0.0021270.0020669,0.002127
6e-07,3e-07,3e-07,0.0021003,0.0020491,0.0020945,3e-07,0.0020682,0.00208970.0020682,0.0020897
5e-07,3e-07,3e-07,0.0023325,0.0021092,0.002152,3e-07,0.0020741,0.00220080.0020741,0.0022008
5e-07,3e-07,3e-07,0.0021439,0.002098,0.002384,3e-07,0.0021008,0.00222540.0021008,0.0022254
5e-07,3e-07,3e-07,0.0021559,0.0020431,0.0021401,3e-07,0.0026088,0.00223010.0026088,0.0022301
5e-07,3e-07,2e-07,0.0022532,0.0020863,0.0023557,3e-07,0.0020536,0.00238260.0020536,0.0023826
5e-07,3e-07,2e-07,0.0025333,0.0028168,0.0022726,4e-07,0.0023904,0.00222840.0023904,0.0022284
6e-07,3e-07,2e-07,0.0021115,0.003014,0.002452,4e-07,0.0023208,0.00219750.0023208,0.0021975
5e-07,3e-07,3e-07,0.0023632,0.002183,0.0022446,3e-07,0.0021722,0.00223060.0021722,0.0022306
5e-07,3e-07,3e-07,0.0022248,0.0022622,0.0028153,3e-07,0.0023625,0.00274770.0023625,0.0027477
6e-07,3e-07,3e-07,0.0022652,0.0022617,0.0024047,3e-07,0.0026715,0.00245220.0026715,0.0024522
5e-07,3e-07,3e-07,0.002411,0.0023038,0.0024253,4e-07,0.0022945,0.00242010.0022945,0.0024201
5e-07,3e-07,3e-07,0.0023721,0.0023168,0.0024449,3e-07,0.0023708,0.00237260.0023708,0.0023726
4e-07,3e-07,3e-07,0.002395,0.0024217,0.0023412,3e-07,0.0023777,0.00248870.0023777,0.0024887
5e-07,2e-07,3e-07,0.0023693,0.0024434,0.0024419,3e-07,0.0024032,0.00240170.0024032,0.0024017
5e-07,3e-07,3e-07,0.002452,0.0023883,0.0024284,4e-07,0.0023899,0.00246960.0023899,0.0024696
4e-07,3e-07,3e-07,0.0025089,0.002461,0.0024114,3e-07,0.002462,0.00241320.002462,0.0024132
5e-07,3e-07,3e-07,0.0024436,0.0025053,0.002481,3e-07,0.0024425,0.00248120.0024425,0.0024812
5e-07,3e-07,3e-07,0.002509,0.0024595,0.0025924,3e-07,0.0024319,0.00241760.0024319,0.0024176
5e-07,3e-07,3e-07,0.0024448,0.0024905,0.0023856,3e-07,0.0032274,0.00246890.0032274,0.0024689
5e-07,3e-07,2e-07,0.0025775,0.0024488,0.0025448,3e-07,0.0028447,0.00249130.0028447,0.0024913
4e-07,3e-07,3e-07,0.0024614,0.0026273,0.0027365,9e-07,0.0028195,0.00290920.0028195,0.0029092
6e-07,3e-07,3e-07,0.0028887,0.002968,0.0025207,3e-07,0.0034014,0.00274910.0034014,0.0027491
5e-07,3e-07,3e-07,0.0027655,0.0026166,0.0025553,3e-07,0.0029641,0.00258730.0029641,0.0025873
5e-07,3e-07,2e-07,0.0026188,0.0025616,0.0026907,3e-07,0.0027576,0.00267580.0027576,0.0026758
5e-07,2e-07,2e-07,0.002726,0.0027484,0.0026802,4e-07,0.0026991,0.00267550.0026991,0.0026755
5e-07,3e-07,3e-07,0.0027718,0.0027448,0.0026568,3e-07,0.002707,0.00286060.002707,0.0028606
5e-07,3e-07,3e-07,0.0027338,0.0026959,0.0027708,3e-07,0.002729,0.00275560.002729,0.0027556
5e-07,3e-07,3e-07,0.002715,0.0027863,0.0028028,4e-07,0.0027074,0.00295080.0027074,0.0029508
5e-07,3e-07,3e-07,0.0027478,0.0027782,0.0028228,3e-07,0.0027307,0.003090.0027307,0.00309
5e-07,3e-07,3e-07,0.0028077,0.0028461,0.0027527,3e-07,0.0027566,0.00296790.0027566,0.0029679
5e-07,3e-07,3e-07,0.0029072,0.0028767,0.0026543,3e-07,0.0027327,0.00341830.0027327,0.0034183
5e-07,3e-07,2e-07,0.0029866,0.0029098,0.002679,3e-07,0.0027815,0.00321930.0027815,0.0032193
5e-07,3e-07,2e-07,0.0029062,0.0028973,0.0027747,3e-07,0.0029132,0.0029690.0029132,0.002969
5e-07,3e-07,2e-07,0.0029298,0.0029095,0.0029074,3e-07,0.0033956,0.00297030.0033956,0.0029703
6e-07,3e-07,3e-07,0.0029459,0.0036174,0.0033984,5e-07,0.0031324,0.00276960.0031324,0.0027696
4e-07,2e-07,3e-07,0.0028253,0.0035465,0.003304,3e-07,0.0030045,0.00300960.0030045,0.0030096
5e-07,3e-07,3e-07,0.0029977,0.0030599,0.0029803,3e-07,0.0030403,0.00296690.0030403,0.0029669
5e-07,3e-07,3e-07,0.0030351,0.0031095,0.0029465,3e-07,0.0029516,0.00294580.0029516,0.0029458
4e-07,3e-07,2e-07,0.0030553,0.0030214,0.0029792,4e-07,0.0030057,0.00302240.0030057,0.0030224
5e-07,3e-07,3e-07,0.0032983,0.0030908,0.0031123,3e-07,0.0030007,0.00309520.0030007,0.0030952
6e-07,3e-07,3e-07,0.0031092,0.0030725,0.0031799,3e-07,0.0030655,0.00323590.0030655,0.0032359
4e-07,3e-07,3e-07,0.0031006,0.0031333,0.0030441,4e-07,0.0032017,0.00313610.0032017,0.0031361
5e-07,3e-07,3e-07,0.0030849,0.0030831,0.0029996,4e-07,0.0031529,0.00308820.0031529,0.0030882
5e-07,2e-07,3e-07,0.0030265,0.0031034,0.0034791,3e-07,0.003201,0.00312230.003201,0.0031223
5e-07,2e-07,3e-07,0.0030776,0.0033428,0.0030753,4e-07,0.0032345,0.00306650.0032345,0.0030665
5e-07,2e-07,3e-07,0.0035527,0.0037783,0.0032208,4e-07,0.0033916,0.00336390.0033916,0.0033639
6e-07,3e-07,2e-07,0.0031915,0.0032483,0.0030726,3e-07,0.003867,0.00342320.003867,0.0034232
4e-07,3e-07,2e-07,0.0031505,0.0031542,0.0033834,3e-07,0.0032876,0.00320760.0032876,0.0032076
5e-07,3e-07,3e-07,0.003475,0.0031899,0.0032511,3e-07,0.003247,0.00325850.003247,0.0032585
6e-07,3e-07,3e-07,0.0031687,0.0039423,0.0033253,3e-07,0.0033194,0.00327020.0033194,0.0032702
4e-07,3e-07,3e-07,0.0037923,0.0032763,0.0033318,3e-07,0.0031398,0.00358580.0031398,0.0035858
8e-07,4e-07,3e-07,0.0033943,0.0033755,0.0032812,3e-07,0.00334,0.00327740.00334,0.0032774
4e-07,3e-07,2e-07,0.0031682,0.0032679,0.0034895,3e-07,0.0033636,0.0033110.0033636,0.003311
5e-07,3e-07,3e-07,0.00331,0.0040171,0.0033974,3e-07,0.0034118,0.00318460.0034118,0.0031846
4e-07,3e-07,2e-07,0.0039301,0.0032881,0.0032062,3e-07,0.00343,0.00353160.00343,0.0035316
5e-07,3e-07,3e-07,0.0033501,0.0032666,0.0033917,3e-07,0.0036826,0.00340770.0036826,0.0034077
8e-07,3e-07,2e-07,0.0033072,0.004156,0.0037019,3e-07,0.0034305,0.00341820.0034305,0.0034182
5e-07,3e-07,3e-07,0.0047259,0.0036859,0.003606,3e-07,0.0038796,0.00357920.0038796,0.0035792
5e-07,3e-07,3e-07,0.0035803,0.003432,0.0037858,3e-07,0.0035536,0.00349540.0035536,0.0034954
5e-07,2e-07,3e-07,0.0033927,0.0035124,0.0040685,3e-07,0.0036224,0.00357970.0036224,0.0035797
5e-07,2e-07,3e-07,0.0036493,0.0039506,0.0036151,3e-07,0.0036125,0.00345250.0036125,0.0034525
5e-07,3e-07,2e-07,0.0035378,0.0036293,0.0035696,3e-07,0.0036113,0.00415450.0036113,0.0041545
5e-07,3e-07,3e-07,0.0034648,0.0035381,0.0039174,4e-07,0.0035822,0.00350810.0035822,0.0035081
5e-07,3e-07,3e-07,0.0035435,0.0039381,0.0035102,3e-07,0.003525,0.00352980.003525,0.0035298
4e-07,3e-07,2e-07,0.003863,0.0035361,0.0035185,4e-07,0.0035424,0.00373430.0035424,0.0037343
5e-07,3e-07,3e-07,0.0035465,0.0036176,0.0035337,3e-07,0.0037895,0.00365480.0037895,0.0036548
6e-07,3e-07,3e-07,0.0040444,0.0037177,0.0036195,3e-07,0.0041893,0.00364330.0041893,0.0036433
4e-07,4e-07,3e-07,0.0037031,0.0036374,0.0037093,3e-07,0.0035845,0.00406050.0035845,0.0040605
6e-07,3e-07,3e-07,0.0040333,0.0038238,0.0038775,4e-07,0.0037336,0.0038790.0037336,0.003879
5e-07,3e-07,3e-07,0.0037881,0.0038211,0.0037795,3e-07,0.0036431,0.00365290.0036431,0.0036529
5e-07,3e-07,3e-07,0.0037036,0.003753,0.0037155,3e-07,0.0039398,0.00383040.0039398,0.0038304
5e-07,2e-07,3e-07,0.0037202,0.0037091,0.0041328,3e-07,0.0036412,0.00373420.0036412,0.0037342
5e-07,3e-07,3e-07,0.0042262,0.0039442,0.0037394,3e-07,0.003758,0.00408830.003758,0.0040883
4e-07,3e-07,2e-07,0.0038184,0.0037281,0.0041859,3e-07,0.003883,0.00371730.003883,0.0037173
6e-07,3e-07,2e-07,0.00374,0.0044065,0.0037799,3e-07,0.0038266,0.00382830.0038266,0.0038283
5e-07,4e-07,2e-07,0.0039521,0.0040719,0.0038841,4e-07,0.0045363,0.00442290.0045363,0.0044229
6e-07,3e-07,2e-07,0.0038279,0.0040778,0.0040829,3e-07,0.0043042,0.00391010.0043042,0.0039101
5e-07,3e-07,3e-07,0.0039819,0.0045286,0.0039708,3e-07,0.0039869,0.00421460.0039869,0.0042146
5e-07,3e-07,3e-07,0.0038951,0.0040787,0.0039193,3e-07,0.0039192,0.00393290.0039192,0.0039329
5e-07,3e-07,2e-07,0.0042408,0.0038785,0.0039898,3e-07,0.0039218,0.00407220.0039218,0.0040722
5e-07,3e-07,3e-07,0.0039962,0.0039072,0.0045541,3e-07,0.0039568,0.00402670.0039568,0.0040267
6e-07,3e-07,3e-07,0.0040377,0.0039435,0.0039942,3e-07,0.0039199,0.00484620.0039199,0.0048462
5e-07,3e-07,3e-07,0.0041401,0.0040746,0.0043577,4e-07,0.0041014,0.00404710.0041014,0.0040471
4e-07,3e-07,2e-07,0.0045724,0.0041141,0.0039744,3e-07,0.0039464,0.00412160.0039464,0.0041216
4e-07,3e-07,2e-07,0.0040563,0.0040969,0.0049213,4e-07,0.0043658,0.00424610.0043658,0.0042461
6e-07,3e-07,3e-07,0.0041654,0.0047991,0.0042411,3e-07,0.0042569,0.00394130.0042569,0.0039413
4e-07,3e-07,3e-07,0.0041136,0.004705,0.004585,3e-07,0.0042789,0.0042010.0042789,0.004201
4e-07,3e-07,2e-07,0.0044488,0.004164,0.0042166,4e-07,0.0041733,0.00404140.0041733,0.0040414
5e-07,3e-07,2e-07,0.0041426,0.0046258,0.0043208,3e-07,0.0042174,0.00412580.0042174,0.0041258
5e-07,3e-07,3e-07,0.004254,0.0042046,0.004158,3e-07,0.0042765,0.00417440.0042765,0.0041744
5e-07,2e-07,3e-07,0.0041693,0.0045977,0.0041843,3e-07,0.0040922,0.00452420.0040922,0.0045242
5e-07,3e-07,3e-07,0.0042539,0.0044471,0.0045064,3e-07,0.0043321,0.00426570.0043321,0.0042657
5e-07,3e-07,3e-07,0.0050198,0.0043651,0.0042391,3e-07,0.0043265,0.00501250.0043265,0.0050125
4e-07,3e-07,3e-07,0.0043756,0.0050832,0.0043977,4e-07,0.004308,0.00428860.004308,0.0042886
6e-07,3e-07,2e-07,0.0044331,0.0044091,0.0043805,4e-07,0.0047512,0.0043850.0047512,0.004385
5e-07,3e-07,3e-07,0.004944,0.0045148,0.004315,4e-07,0.0042748,0.00492240.0042748,0.0049224
5e-07,3e-07,3e-07,0.0044313,0.0044539,0.0049666,3e-07,0.0043484,0.00435290.0043484,0.0043529
5e-07,3e-07,3e-07,0.0048771,0.0043905,0.0042821,3e-07,0.0048985,0.00436980.0048985,0.0043698
5e-07,3e-07,3e-07,0.004363,0.0047954,0.0044606,3e-07,0.0044998,0.00430410.0044998,0.0043041
6e-07,3e-07,2e-07,0.0044783,0.0044977,0.0046418,3e-07,0.0043684,0.0043330.0043684,0.004333
4e-07,2e-07,3e-07,0.0050428,0.0045813,0.0048075,5e-07,0.0046515,0.00478110.0046515,0.0047811
5e-07,3e-07,3e-07,0.0052779,0.0051746,0.0046976,4e-07,0.0046897,0.00516540.0046897,0.0051654
5e-07,3e-07,3e-07,0.0047541,0.0048519,0.0047475,4e-07,0.0046731,0.00486810.0046731,0.0048681
4e-07,3e-07,2e-07,0.0045823,0.0045721,0.0044007,4e-07,0.0049439,0.00455630.0049439,0.0045563
5e-07,3e-07,3e-07,0.0046412,0.0047748,0.004695,4e-07,0.0046515,0.0048570.0046515,0.004857
6e-07,3e-07,3e-07,0.0046515,0.0046419,0.0049615,4e-07,0.0046952,0.00466480.0046952,0.0046648
5e-07,3e-07,3e-07,0.0047031,0.0046621,0.004709,3e-07,0.0046922,0.00463110.0046922,0.0046311
5e-07,3e-07,3e-07,0.0047051,0.0047433,0.0046439,3e-07,0.0047436,0.00472020.0047436,0.0047202
5e-07,2e-07,3e-07,0.0046491,0.0048443,0.0048041,3e-07,0.0049109,0.00555140.0049109,0.0055514
5e-07,3e-07,3e-07,0.0048146,0.0051958,0.0048839,6e-07,0.0046875,0.00532080.0046875,0.0053208
6e-07,3e-07,3e-07,0.0047532,0.0050345,0.0046581,3e-07,0.0046661,0.00462180.0046661,0.0046218
4e-07,2e-07,3e-07,0.0047417,0.0048335,0.0046591,3e-07,0.0046829,0.00511360.0046829,0.0051136
4e-07,3e-07,3e-07,0.0048482,0.0051604,0.0047867,4e-07,0.0047638,0.00484820.0047638,0.0048482
5e-07,2e-07,3e-07,0.0049372,0.0048331,0.0050313,3e-07,0.0047659,0.00474580.0047659,0.0047458
4e-07,3e-07,2e-07,0.0048789,0.005003,0.0048919,3e-07,0.0047505,0.00464550.0047505,0.0046455
4e-07,2e-07,3e-07,0.0050127,0.00484,0.004698,3e-07,0.0050082,0.00514350.0050082,0.0051435
5e-07,3e-07,3e-07,0.0049018,0.0050634,0.0051365,3e-07,0.0052583,0.00511320.0052583,0.0051132
4e-07,3e-07,3e-07,0.0054547,0.0048494,0.0048065,3e-07,0.0048657,0.00486950.0048657,0.0048695
5e-07,3e-07,3e-07,0.0052262,0.005179,0.0049472,3e-07,0.0048412,0.00544980.0048412,0.0054498
4e-07,3e-07,3e-07,0.0049945,0.0048824,0.0048155,3e-07,0.0052394,0.00486510.0052394,0.0048651
5e-07,3e-07,3e-07,0.0053402,0.0050249,0.0049864,4e-07,0.0050696,0.00514420.0050696,0.0051442
5e-07,2e-07,3e-07,0.004917,0.0054809,0.0048916,4e-07,0.0049564,0.00529610.0049564,0.0052961
5e-07,3e-07,3e-07,0.0050104,0.0052495,0.004947,4e-07,0.0049717,0.00524640.0049717,0.0052464
4e-07,3e-07,2e-07,0.0048944,0.0050621,0.0063421,5e-07,0.0051475,0.00537840.0051475,0.0053784
5e-07,3e-07,3e-07,0.0059871,0.0050846,0.0050069,3e-07,0.0050564,0.00505640.0050564,0.0050564
4e-07,3e-07,3e-07,0.0053646,0.0050302,0.0052947,5e-07,0.0053267,0.00499770.0053267,0.0049977
4e-07,3e-07,2e-07,0.0050629,0.0049962,0.0049929,3e-07,0.0053939,0.00512830.0053939,0.0051283
5e-07,3e-07,3e-07,0.0053399,0.0052406,0.005133,3e-07,0.0054498,0.00506660.0054498,0.0050666
5e-07,3e-07,2e-07,0.0050453,0.0057295,0.0051938,3e-07,0.0051081,0.00523830.0051081,0.0052383
5e-07,3e-07,3e-07,0.0050564,0.0055364,0.0051158,4e-07,0.0051129,0.00524890.0051129,0.0052489
5e-07,3e-07,3e-07,0.0053141,0.0058258,0.0054666,3e-07,0.0053117,0.00577760.0053117,0.0057776
6e-07,3e-07,3e-07,0.0052674,0.0058312,0.0056859,4e-07,0.0054099,0.00587670.0054099,0.0058767
5e-07,3e-07,2e-07,0.0054167,0.0057431,0.0052156,4e-07,0.0052645,0.00525040.0052645,0.0052504
5e-07,3e-07,3e-07,0.0051617,0.0054527,0.0052486,3e-07,0.0052136,0.00546540.0052136,0.0054654
6e-07,2e-07,2e-07,0.0052213,0.005833,0.0054036,3e-07,0.0054025,0.00553750.0054025,0.0055375
5e-07,3e-07,2e-07,0.0054716,0.0056967,0.0055248,3e-07,0.0052224,0.00564020.0052224,0.0056402
5e-07,3e-07,3e-07,0.0051967,0.0054483,0.0054156,4e-07,0.0054609,0.0055840.0054609,0.005584
5e-07,3e-07,2e-07,0.0052421,0.0066545,0.005566,5e-07,0.0054354,0.00591520.0054354,0.0059152
5e-07,3e-07,2e-07,0.0054334,0.0057825,0.005597,4e-07,0.0055645,0.00546320.0055645,0.0054632
7e-07,3e-07,3e-07,0.0053842,0.0056872,0.0054314,3e-07,0.0053906,0.00582230.0053906,0.0058223
5e-07,3e-07,3e-07,0.0053613,0.0054073,0.0061692,3e-07,0.0055384,0.005670.0055384,0.00567
6e-07,3e-07,3e-07,0.0054393,0.0055672,0.005823,3e-07,0.005462,0.00550190.005462,0.0055019
5e-07,3e-07,3e-07,0.0054416,0.0054357,0.0059396,4e-07,0.005367,0.00592430.005367,0.0059243
5e-07,3e-07,2e-07,0.0055158,0.0053403,0.0059595,3e-07,0.0058603,0.00619780.0058603,0.0061978
5e-07,2e-07,2e-07,0.0059705,0.0058779,0.00571,4e-07,0.0058495,0.00553550.0058495,0.0055355
5e-07,4e-07,3e-07,0.0058563,0.0055982,0.0054277,3e-07,0.0054917,0.00584770.0054917,0.0058477
4e-07,3e-07,3e-07,0.0055228,0.0059055,0.0055907,3e-07,0.0055105,0.00611010.0055105,0.0061101
6e-07,3e-07,3e-07,0.0054723,0.0060074,0.0055925,3e-07,0.0055656,0.00602950.0055656,0.0060295
4e-07,3e-07,3e-07,0.0055768,0.0060226,0.0058919,4e-07,0.0055607,0.00579030.0055607,0.0057903
5e-07,3e-07,2e-07,0.0055476,0.0058687,0.0058669,3e-07,0.0056082,0.00576980.0056082,0.0057698
6e-07,2e-07,3e-07,0.005825,0.005706,0.0064404,5e-07,0.005735,0.00567220.005735,0.0056722
5e-07,3e-07,3e-07,0.0061999,0.0064408,0.0058602,4e-07,0.0057564,0.00645620.0057564,0.0064562
5e-07,3e-07,3e-07,0.0056298,0.0057957,0.0060962,4e-07,0.0060236,0.00555510.0060236,0.0055551
5e-07,3e-07,2e-07,0.0056768,0.0057339,0.0060543,3e-07,0.0057799,0.00572290.0057799,0.0057229
5e-07,3e-07,3e-07,0.005762,0.0057089,0.0061507,3e-07,0.0056324,0.00558750.0056324,0.0055875
9e-07,3e-07,3e-07,0.0057963,0.0060663,0.0057532,4e-07,0.0057969,0.00587080.0057969,0.0058708
5e-07,3e-07,3e-07,0.0056239,0.0069283,0.0060209,4e-07,0.0059885,0.00665940.0059885,0.0066594
6e-07,4e-07,3e-07,0.0059976,0.0063842,0.0061123,4e-07,0.0062463,0.00588370.0062463,0.0058837
5e-07,4e-07,3e-07,0.0059329,0.0059964,0.0057204,3e-07,0.0060728,0.00616850.0060728,0.0061685
6e-07,3e-07,5e-07,0.0061198,0.0061489,0.0058732,4e-07,0.0058489,0.00582720.0058489,0.0058272
5e-07,2e-07,4e-07,0.0061709,0.0057973,0.0062258,4e-07,0.0060759,0.00599060.0060759,0.0059906
5e-07,2e-07,2e-07,0.0060653,0.0064848,0.0059562,3e-07,0.0058548,0.00773210.0058548,0.0077321
6e-07,2e-07,4e-07,0.0060278,0.006887,0.0062158,4e-07,0.0067447,0.00625230.0067447,0.0062523
5e-07,3e-07,2e-07,0.0065732,0.0060923,0.0064249,3e-07,0.006154,0.00594030.006154,0.0059403
7e-07,4e-07,3e-07,0.0061315,0.0058546,0.0061376,3e-07,0.0058376,0.0064660.0058376,0.006466
5e-07,2e-07,3e-07,0.006323,0.0065487,0.0061295,3e-07,0.0061848,0.00624720.0061848,0.0062472
5e-07,3e-07,2e-07,0.0063102,0.0062427,0.0062038,4e-07,0.0062034,0.00612130.0062034,0.0061213
5e-07,3e-07,3e-07,0.0062207,0.0062429,0.0061842,4e-07,0.0064298,0.00620570.0064298,0.0062057
1e-06,5e-07,3e-07,0.0064805,0.0073861,0.0065462,4e-07,0.0060538,0.00689170.0060538,0.0068917
5e-07,5e-07,3e-07,0.0065501,0.0065556,0.0060005,3e-07,0.0068606,0.0061430.0068606,0.006143
6e-07,3e-07,2e-07,0.0066302,0.0061149,0.0064326,4e-07,0.0062305,0.00622430.0062305,0.0062243
6e-07,3e-07,3e-07,0.0063727,0.0062064,0.0064636,3e-07,0.0061942,0.00630620.0061942,0.0063062
5e-07,3e-07,3e-07,0.0062704,0.0064199,0.0062582,3e-07,0.0064224,0.00630880.0064224,0.0063088
6e-07,3e-07,3e-07,0.0064132,0.0063033,0.0063097,4e-07,0.0065287,0.00661210.0065287,0.0066121
8e-07,2e-07,3e-07,0.0064585,0.0065568,0.0065241,4e-07,0.0062639,0.00691120.0062639,0.0069112
5e-07,3e-07,2e-07,0.0067853,0.0063053,0.0062913,3e-07,0.0062387,0.00646580.0062387,0.0064658
5e-07,3e-07,3e-07,0.0064868,0.0068911,0.0065838,4e-07,0.0065904,0.00626480.0065904,0.0062648
5e-07,3e-07,2e-07,0.0064722,0.0063489,0.0066078,3e-07,0.0064733,0.00624680.0064733,0.0062468
5e-07,3e-07,2e-07,0.0065317,0.0066176,0.0062926,3e-07,0.0064119,0.00641390.0064119,0.0064139
5e-07,2e-07,3e-07,0.0066665,0.0068715,0.0070617,4e-07,0.0065533,0.0070080.0065533,0.007008
5e-07,3e-07,2e-07,0.0064411,0.0071048,0.0065742,4e-07,0.0066665,0.00647030.0066665,0.0064703
5e-07,3e-07,3e-07,0.0066266,0.0065171,0.006384,3e-07,0.0066975,0.00629560.0066975,0.0062956
5e-07,3e-07,3e-07,0.0066775,0.0063319,0.0065764,3e-07,0.0064604,0.00668220.0064604,0.0066822
6e-07,3e-07,1.97e-05,0.0064346,0.0066604,0.0064407,4e-07,0.0067997,0.00653070.0067997,0.0065307
5e-07,2e-07,3e-07,0.0067017,0.0065117,0.0064032,3e-07,0.0069305,0.00645950.0069305,0.0064595
5e-07,5e-07,3e-07,0.0071656,0.0075264,0.0067807,5e-07,0.0072341,0.0067110.0072341,0.006711
6e-07,3e-07,3e-07,0.0068271,0.0069336,0.00667,4e-07,0.0066838,0.00660380.0066838,0.0066038
6e-07,3e-07,3e-07,0.0067331,0.0066955,0.0066833,3e-07,0.0066457,0.00686980.0066457,0.0068698
5e-07,3e-07,3e-07,0.0066573,0.0068135,0.0066941,4e-07,0.0067676,0.00668480.0067676,0.0066848
6e-07,3e-07,3e-07,0.0072128,0.0065794,0.0070878,3e-07,0.0066265,0.00716690.0066265,0.0071669
4e-07,3e-07,3e-07,0.0072788,0.0076755,0.0071859,5e-07,0.0066804,0.0072670.0066804,0.007267
4e-07,4e-07,3e-07,0.0067314,0.0064654,0.0071711,4e-07,0.0067818,0.00687670.0067818,0.0068767
7e-07,4e-07,3e-07,0.007079,0.0070042,0.0067575,3e-07,0.0070965,0.0067230.0070965,0.006723
5e-07,2e-07,2e-07,0.0072984,0.0066125,0.0069267,3e-07,0.0067184,0.00702280.0067184,0.0070228
5e-07,2e-07,3e-07,0.0069497,0.0068082,0.0066866,3e-07,0.0069084,0.0068130.0069084,0.006813
6e-07,2e-07,3e-07,0.0068459,0.0067848,0.0073556,5e-07,0.0071897,0.00687230.0071897,0.0068723
8e-07,5e-07,3e-07,0.0077348,0.0068261,0.0071252,4e-07,0.007696,0.00689280.007696,0.0068928
5e-07,2e-07,2e-07,0.0075863,0.006879,0.0067186,3e-07,0.0069621,0.00667490.0069621,0.0066749
5e-07,3e-07,3e-07,0.0073084,0.0068358,0.0070019,1.4e-06,0.006972,0.00662970.006972,0.0066297
5e-07,3e-07,3e-07,0.0070512,0.007377,0.006862,4e-07,0.0069303,0.00677910.0069303,0.0067791
5e-07,3e-07,3e-07,0.0072057,0.0069461,0.0069755,4e-07,0.0079362,0.00689150.0079362,0.0068915
6e-07,3e-07,3e-07,0.0070275,0.007565,0.0072628,4e-07,0.0073068,0.00687090.0073068,0.0068709
5e-07,3e-07,2e-07,0.0071296,0.0067312,0.0072445,4e-07,0.0069175,0.00716620.0069175,0.0071662
5e-07,2e-07,2e-07,0.0069495,0.0070839,0.0068188,4e-07,0.0070214,0.00701770.0070214,0.0070177
5e-07,3e-07,3e-07,0.0072778,0.0068721,0.0072212,5e-07,0.0071248,0.00727770.0071248,0.0072777
5e-07,3e-07,3e-07,0.007189,0.0073466,0.0070769,4e-07,0.0073215,0.00755420.0073215,0.0075542
8e-07,3e-07,3e-07,0.0072715,0.0075511,0.0072803,9e-07,0.0071108,0.00766620.0071108,0.0076662
5e-07,3e-07,3e-07,0.0075437,0.0070516,0.0074467,3e-07,0.0069141,0.00693710.0069141,0.0069371
8e-07,3e-07,3e-07,0.0071804,0.007309,0.0070784,3e-07,0.0072601,0.0068540.0072601,0.006854
5e-07,2e-07,3e-07,0.0071985,0.0069278,0.0077272,3e-07,0.0070378,0.00737180.0070378,0.0073718
5e-07,3e-07,2e-07,0.0071147,0.0074297,0.0072836,4e-07,0.0070342,0.0075460.0070342,0.007546
8e-07,4e-07,3e-07,0.0072855,0.0079247,0.0072008,4e-07,0.0078035,0.00739690.0078035,0.0073969
5e-07,3e-07,4e-07,0.0073791,0.0071843,0.0073073,3e-07,0.0071481,0.00716830.0071481,0.0071683
5e-07,3e-07,2e-07,0.0070633,0.0074886,0.0074087,4e-07,0.0076545,0.00720930.0076545,0.0072093
4e-07,3e-07,3e-07,0.0071889,0.0071544,0.007515,4e-07,0.0071023,0.00737650.0071023,0.0073765
4e-07,3e-07,3e-07,0.0073536,0.0073475,0.0072646,4e-07,0.0080807,0.00780990.0080807,0.0078099
6e-07,4e-07,2e-07,0.0091544,0.0079708,0.0084285,6e-07,0.007545,0.00727220.007545,0.0072722
5e-07,3e-07,3e-07,0.0081204,0.0075194,0.0072685,4e-07,0.0082263,0.00770940.0082263,0.0077094
5e-07,2e-07,3e-07,0.0073795,0.0072224,0.0079346,3e-07,0.0073391,0.0075270.0073391,0.007527
4e-07,3e-07,2e-07,0.0078177,0.0073907,0.0078003,5e-07,0.007216,0.00708220.007216,0.0070822
4e-07,3e-07,4e-07,0.0074428,0.0073382,0.0073468,3e-07,0.0085446,0.00810330.0085446,0.0081033
2.03e-05,4e-07,3e-07,0.0083642,0.0075766,0.0078185,4e-07,0.0079927,0.00796860.0079927,0.0079686
4e-07,3e-07,3e-07,0.0081393,0.0074183,0.0074107,4e-07,0.0074381,0.00783490.0074381,0.0078349
4e-07,3e-07,3e-07,0.007631,0.0074954,0.007746,4e-07,0.0077111,0.00765370.0077111,0.0076537
5e-07,3e-07,3e-07,0.0076666,0.0076796,0.007597,3e-07,0.0075962,0.00755080.0075962,0.0075508
5e-07,2e-07,2e-07,0.0076257,0.0084039,0.0082575,4e-07,0.0081817,0.00757930.0081817,0.0075793
5e-07,6e-07,4e-07,0.0079828,0.0081577,0.0076844,3e-07,0.0081517,0.00804770.0081517,0.0080477
5e-07,3e-07,3e-07,0.0078194,0.0074858,0.0080393,3e-07,0.0076346,0.00766010.0076346,0.0076601
4e-07,4e-07,2e-07,0.0077565,0.0076217,0.0077629,3e-07,0.0076333,0.00768250.0076333,0.0076825
5e-07,3e-07,3e-07,0.0078848,0.0078132,0.0077367,3e-07,0.0077159,0.00788820.0077159,0.0078882
6e-07,3e-07,3e-07,0.0077822,0.0087038,0.0076897,4e-07,0.0082573,0.00796590.0082573,0.0079659
4e-07,4e-07,3e-07,0.0078562,0.0083637,0.0077396,4e-07,0.0077138,0.00767190.0077138,0.0076719
4e-07,3e-07,3e-07,0.0079889,0.0077557,0.0078271,3e-07,0.0078387,0.00778130.0078387,0.0077813
5e-07,3e-07,3e-07,0.0079366,0.0078104,0.0078815,3e-07,0.0078587,0.00783360.0078587,0.0078336
5e-07,3e-07,3e-07,0.0078955,0.0077894,0.0079022,3e-07,0.0084766,0.00823690.0084766,0.0082369
5e-07,3e-07,2e-07,0.0084834,0.0080602,0.0081472,3e-07,0.0078021,0.0083450.0078021,0.008345
6e-07,3e-07,3e-07,0.0077762,0.0083298,0.0078506,3e-07,0.0078119,0.00772920.0078119,0.0077292
8e-07,5e-07,3e-07,0.0079759,0.0086581,0.0079817,5e-07,0.0075904,0.00759890.0075904,0.0075989
5e-07,3e-07,2e-07,0.0077861,0.0079552,0.0078033,4e-07,0.0101875,0.00843610.0101875,0.0084361
6e-07,7e-07,4e-07,0.0084369,0.0080891,0.0083235,4e-07,0.007747,0.00829980.007747,0.0082998
5e-07,3e-07,3e-07,0.0078768,0.0084368,0.0077013,4e-07,0.0083459,0.0075890.0083459,0.007589
9e-07,3e-07,2e-07,0.0079828,0.0084266,0.0077535,3e-07,0.0081883,0.00768980.0081883,0.0076898
8e-07,3e-07,2e-07,0.0077934,0.0080476,0.0079094,3e-07,0.0081531,0.00778320.0081531,0.0077832
4e-07,2e-07,2e-07,0.0080112,0.0077705,0.0088692,4e-07,0.0087217,0.0080140.0087217,0.008014
6e-07,3e-07,2e-07,0.0080254,0.0077961,0.0084269,3e-07,0.0090357,0.00767430.0090357,0.0076743
5e-07,3e-07,3e-07,0.0080217,0.0078985,0.0082972,4e-07,0.0082933,0.00800950.0082933,0.0080095
5e-07,3e-07,2e-07,0.0086818,0.0079071,0.008239,4e-07,0.0078831,0.00862440.0078831,0.0086244
5e-07,3e-07,2e-07,0.0084909,0.00798,0.0084725,3e-07,0.008183,0.00879590.008183,0.0087959
8e-07,3e-07,3e-07,0.0085934,0.0086226,0.008327,5e-07,0.0083858,0.00904880.0083858,0.0090488
5e-07,3e-07,3e-07,0.0081212,0.0083717,0.0080085,6e-07,0.0083032,0.00805130.0083032,0.0080513
4e-07,5e-07,3e-07,0.0080707,0.0082009,0.0081509,4e-07,0.0083613,0.00836940.0083613,0.0083694
5e-07,3e-07,3e-07,0.0084406,0.0080313,0.0080843,3e-07,0.0082249,0.00826390.0082249,0.0082639
5e-07,3e-07,2e-07,0.008169,0.0090941,0.008897,6e-07,0.0089245,0.00852320.0089245,0.0085232
4e-07,3e-07,3e-07,0.0082132,0.0084616,0.0081463,4e-07,0.0086537,0.00798470.0086537,0.0079847
5e-07,4e-07,3e-07,0.0082156,0.0083429,0.0081735,3e-07,0.0088432,0.0080910.0088432,0.008091
5e-07,3e-07,3e-07,0.0084751,0.0083566,0.0083209,3e-07,0.0082837,0.00829940.0082837,0.0082994
5e-07,3e-07,3e-07,0.0084234,0.0082539,0.008263,4e-07,0.0084474,0.00936510.0084474,0.0093651
6e-07,4e-07,3e-07,0.0092404,0.0085056,0.0080932,3e-07,0.0100748,0.00853440.0100748,0.0085344
5e-07,3e-07,3e-07,0.0086129,0.0086739,0.0085502,4e-07,0.008597,0.00842360.008597,0.0084236
5e-07,3e-07,3e-07,0.0085174,0.0085493,0.008451,3e-07,0.0084748,0.00865710.0084748,0.0086571
8e-07,3e-07,2e-07,0.0091654,0.0088437,0.0084911,4e-07,0.0083446,0.00928390.0083446,0.0092839
7e-07,3e-07,3e-07,0.0093843,0.0085913,0.0092007,4e-07,0.0083806,0.00890260.0083806,0.0089026
5e-07,2e-07,3e-07,0.0089817,0.0084624,0.0085245,3e-07,0.0084163,0.00846160.0084163,0.0084616
5e-07,3e-07,3e-07,0.0087502,0.0085413,0.0088449,4e-07,0.0086378,0.00841140.0086378,0.0084114
5e-07,3e-07,7e-07,0.0086442,0.0084966,0.0085383,3e-07,0.0085145,0.00824220.0085145,0.0082422
5e-07,3e-07,2e-07,0.0098179,0.0096538,0.0088496,3e-07,0.0088294,0.00830870.0088294,0.0083087
5e-07,4e-07,3e-07,0.0085963,0.0090435,0.0084271,3e-07,0.0088804,0.00835530.0088804,0.0083553
5e-07,3e-07,3e-07,0.0086999,0.0088385,0.0083916,3e-07,0.0086145,0.00823140.0086145,0.0082314
5e-07,3e-07,2e-07,0.008545,0.0086193,0.0083902,3e-07,0.0087586,0.00861540.0087586,0.0086154
4e-07,3e-07,3e-07,0.0084851,0.009063,0.0099696,4e-07,0.0087339,0.00973150.0087339,0.0097315
4e-07,3e-07,3e-07,0.0095329,0.0090057,0.0086359,4e-07,0.0088622,0.00840430.0088622,0.0084043
5e-07,3e-07,3e-07,0.0088961,0.0085055,0.0093322,3e-07,0.0091575,0.00850350.0091575,0.0085035
5e-07,2e-07,3e-07,0.0088107,0.0087216,0.008754,4e-07,0.0087553,0.00840220.0087553,0.0084022
4e-07,5e-07,4e-07,0.0089339,0.009017,0.0096001,4e-07,0.0092275,0.00922350.0092275,0.0092235
8e-07,3e-07,2e-07,0.008765,0.0100395,0.0094045,3e-07,0.0091812,0.00911950.0091812,0.0091195
5e-07,3e-07,3e-07,0.0090484,0.0086068,0.0089748,4e-07,0.0084528,0.00893730.0084528,0.0089373
5e-07,3e-07,3e-07,0.0091473,0.0088609,0.0086742,3e-07,0.0084459,0.00904550.0084459,0.0090455
5e-07,2e-07,2e-07,0.0086932,0.0086884,0.0099368,3e-07,0.0098211,0.00882970.0098211,0.0088297
5e-07,6e-07,3e-07,0.0089535,0.0091443,0.0090045,4e-07,0.0091283,0.00877350.0091283,0.0087735
5e-07,2e-07,2e-07,0.009041,0.0089688,0.0099055,6e-07,0.0095237,0.0096260.0095237,0.009626
5e-07,3e-07,3e-07,0.0090712,0.0089231,0.0090802,3e-07,0.0086523,0.00885450.0086523,0.0088545
5e-07,3e-07,3e-07,0.0091163,0.0098461,0.008878,4e-07,0.0104491,0.00871630.0104491,0.0087163
5e-07,3e-07,3e-07,0.0090248,0.0096517,0.0093247,5e-07,0.0087914,0.00888620.0087914,0.0088862
6e-07,2e-07,2e-07,0.0091754,0.0093594,0.0091771,3e-07,0.0088228,0.00909250.0088228,0.0090925
5e-07,3e-07,2e-07,0.0095821,0.0089169,0.0089559,3e-07,0.0090721,0.00890910.0090721,0.0089091
4e-07,5e-07,3e-07,0.00882,0.009771,0.0097916,6e-07,0.0094987,0.00921360.0094987,0.0092136
5e-07,3e-07,3e-07,0.009663,0.0089381,0.0095145,3e-07,0.008827,0.00888550.008827,0.0088855
4e-07,6e-07,3e-07,0.0094183,0.0090229,0.009233,3e-07,0.0092088,0.00902960.0092088,0.0090296
6e-07,3e-07,2e-07,0.0093773,0.0092439,0.0090237,3e-07,0.0092209,0.00875140.0092209,0.0087514
6e-07,3e-07,3e-07,0.0090348,0.0100409,0.0096809,4e-07,0.0099286,0.00906760.0099286,0.0090676
5e-07,3e-07,3e-07,0.0096712,0.0095162,0.0093735,4e-07,0.0090099,0.00935050.0090099,0.0093505
6e-07,4e-07,2e-07,0.0091685,0.0093533,0.0092149,3e-07,0.0091872,0.00884190.0091872,0.0088419
1e-06,1.96e-05,3e-07,0.0092718,0.0093593,0.0094599,3e-07,0.0090767,0.00941030.0090767,0.0094103
5e-07,3e-07,3e-07,0.0106067,0.0095863,0.0097504,4e-07,0.009222,0.00891690.009222,0.0089169
5e-07,4e-07,3e-07,0.0093876,0.009667,0.0092456,4e-07,0.0089696,0.00967160.0089696,0.0096716
5e-07,2e-07,3e-07,0.0092549,0.0091635,0.0094742,3e-07,0.0089828,0.0090710.0089828,0.009071
5e-07,3e-07,3e-07,0.0095076,0.0090839,0.0091555,4e-07,0.0092523,0.00893490.0092523,0.0089349
5e-07,3e-07,3e-07,0.0103812,0.010218,0.0097025,5e-07,0.0097769,0.0099460.0097769,0.009946
5e-07,2e-07,3e-07,0.0101448,0.0092915,0.0126743,4e-07,0.0100818,0.00957880.0100818,0.0095788
5e-07,3e-07,3e-07,0.0096868,0.009442,0.0097761,3e-07,0.0093308,0.01072960.0093308,0.0107296
6e-07,3e-07,2e-07,0.0095646,0.0097108,0.0095525,3e-07,0.00995,0.00974040.00995,0.0097404
8e-07,5e-07,3e-07,0.0108149,0.0094951,0.0103195,4e-07,0.0097881,0.00941230.0097881,0.0094123
8e-07,3e-07,3e-07,0.0096492,0.0096362,0.0095808,4e-07,0.0094772,0.00939420.0094772,0.0093942
5e-07,3e-07,2e-07,0.0096869,0.0097109,0.0095412,4e-07,0.0094444,0.00950440.0094444,0.0095044
5e-07,3e-07,3e-07,0.0104507,0.0095634,0.0106082,6e-07,0.0098334,0.01041080.0098334,0.0104108
5e-07,3e-07,2e-07,0.0101351,0.0103087,0.0094707,4e-07,0.0098195,0.0095290.0098195,0.009529
5e-07,3e-07,3e-07,0.0097157,0.0096964,0.0096451,3e-07,0.0097179,0.00960370.0097179,0.0096037
5e-07,3e-07,3e-07,0.009789,0.0097063,0.0095941,3e-07,0.009259,0.00948010.009259,0.0094801
5e-07,3e-07,3e-07,0.0102701,0.0106674,0.0104959,6e-07,0.0101121,0.00979390.0101121,0.0097939
7e-07,3e-07,2e-07,0.009725,0.0100598,0.0095812,3e-07,0.0092718,0.00949510.0092718,0.0094951
5e-07,3e-07,2e-07,0.0101787,0.0097618,0.0096988,3e-07,0.0100834,0.00950050.0100834,0.0095005
5e-07,3e-07,2e-07,0.0096316,0.009959,0.0095207,3e-07,0.0093677,0.00973610.0093677,0.0097361
4e-07,3e-07,2e-07,0.0107001,0.0104807,0.009939,3e-07,0.0103162,0.01007940.0103162,0.0100794
5e-07,4e-07,3e-07,0.0102242,0.0096269,0.0097774,3e-07,0.0100897,0.00940520.0100897,0.0094052
5e-07,3e-07,3e-07,0.0097912,0.0103313,0.0097409,3e-07,0.0094951,0.01015450.0094951,0.0101545
5e-07,3e-07,4e-07,0.010148,0.009563,0.0095992,3e-07,0.0095716,0.01031050.0095716,0.0103105
5e-07,9e-07,4e-07,0.0101671,0.012875,0.0110862,5e-07,0.0105737,0.0102280.0105737,0.010228
5e-07,3e-07,3e-07,0.0099059,0.0100498,0.0097555,4e-07,0.009791,0.00974660.009791,0.0097466
5e-07,3e-07,3e-07,0.0101588,0.0098269,0.0103753,3e-07,0.0094748,0.00983220.0094748,0.0098322
5e-07,3e-07,3e-07,0.0097175,0.0106804,0.0108053,7e-07,0.0101905,0.01024680.0101905,0.0102468
6e-07,3e-07,2e-07,0.0099877,0.0099321,0.0096045,3e-07,0.0099333,0.00954580.0099333,0.0095458
5e-07,3e-07,2e-07,0.0102267,0.0101687,0.0099339,4e-07,0.0095033,0.0101530.0095033,0.010153
4e-07,3e-07,3e-07,0.010591,0.0102034,0.01019,5e-07,0.0098858,0.0099090.0098858,0.009909
5e-07,3e-07,2e-07,0.0104291,0.0109097,0.0103338,6e-07,0.0100069,0.01072630.0100069,0.0107263
5e-07,3e-07,3e-07,0.0104456,0.0101408,0.0104055,3e-07,0.0096882,0.00983040.0096882,0.0098304
4e-07,3e-07,2e-07,0.0103687,0.011537,0.0103076,5e-07,0.0102327,0.01026720.0102327,0.0102672
5e-07,3e-07,3e-07,0.0106369,0.0100887,0.0115415,4e-07,0.0100709,0.01075520.0100709,0.0107552
3e-07,3e-07,3e-07,0.0104355,0.0106153,0.0105557,4e-07,0.0104099,0.00968120.0104099,0.0096812
6e-07,3e-07,3e-07,0.0100132,0.0121231,0.0100705,3e-07,0.0097052,0.00992040.0097052,0.0099204
5e-07,3e-07,3e-07,0.0101543,0.0101628,0.0101072,3e-07,0.010437,0.01065940.010437,0.0106594
1.5e-06,4e-07,2e-07,0.0104044,0.0108164,0.0100188,4e-07,0.0101482,0.00977870.0101482,0.0097787
6e-07,3e-07,2e-07,0.0099702,0.0106602,0.010231,3e-07,0.0100128,0.01067220.0100128,0.0106722
5e-07,3e-07,3e-07,0.0099948,0.010458,0.0100738,4e-07,0.010343,0.0102410.010343,0.010241
5e-07,3e-07,3e-07,0.0103483,0.0101453,0.012095,5e-07,0.0111726,0.01092460.0111726,0.0109246
6e-07,3e-07,3e-07,0.0107184,0.0103104,0.0101095,4e-07,0.0101271,0.00997980.0101271,0.0099798
5e-07,3e-07,3e-07,0.0100652,0.0104672,0.0103972,3e-07,0.0100133,0.01021720.0100133,0.0102172
5e-07,3e-07,2e-07,0.0104292,0.0104884,0.0102197,4e-07,0.0107642,0.01025420.0107642,0.0102542
8e-07,4e-07,3e-07,0.0110064,0.0109695,0.0102809,4e-07,0.0110419,0.01101360.0110419,0.0110136
5e-07,3e-07,3e-07,0.0113579,0.0105004,0.0100081,4e-07,0.0104033,0.01035180.0104033,0.0103518
6e-07,3e-07,2e-07,0.010574,0.0105301,0.0105051,4e-07,0.010343,0.01037030.010343,0.0103703
6e-07,3e-07,3e-07,0.0106169,0.0105816,0.011704,5e-07,0.0113979,0.01034230.0113979,0.0103423
5e-07,6e-07,3e-07,0.0108373,0.010248,0.0112357,4e-07,0.0108722,0.01051380.0108722,0.0105138
5e-07,5e-07,3e-07,0.0105521,0.0107799,0.010598,5e-07,0.0104514,0.01050.0104514,0.0105
4e-07,4e-07,3e-07,0.0111112,0.0107228,0.0110289,5e-07,0.0102549,0.01077280.0102549,0.0107728
1.3e-06,5e-07,3e-07,0.0109365,0.0111137,0.0110921,4e-07,0.0103272,0.01054440.0103272,0.0105444
5e-07,4e-07,2e-07,0.010633,0.0106049,0.0101399,4e-07,0.0105052,0.01064010.0105052,0.0106401
5e-07,4e-07,3e-07,0.0109799,0.010682,0.0105071,4e-07,0.0104797,0.01062130.0104797,0.0106213
5e-07,4e-07,2e-07,0.0104643,0.0108286,0.0111335,5e-07,0.0114841,0.0115910.0114841,0.011591
5e-07,2e-07,2e-07,0.0113108,0.0114794,0.0107679,4e-07,0.0106584,0.01051340.0106584,0.0105134
5e-07,3e-07,2e-07,0.010992,0.0108139,0.010726,4e-07,0.0106472,0.01052780.0106472,0.0105278
8e-07,7e-07,2e-07,0.0117285,0.0108604,0.0114415,4e-07,0.0107121,0.01136510.0107121,0.0113651
5e-07,5e-07,3e-07,0.0112996,0.011121,0.0106876,4e-07,0.0111245,0.01030340.0111245,0.0103034
5e-07,3e-07,2e-07,0.0107695,0.0106015,0.0108938,3e-07,0.0107414,0.01038980.0107414,0.0103898
8e-07,5e-07,3e-07,0.0107269,0.0106994,0.0104209,4e-07,0.0106882,0.01061640.0106882,0.0106164
5e-07,4e-07,3e-07,0.0108657,0.0113124,0.0114677,5e-07,0.011236,0.01143090.011236,0.0114309
7e-07,3e-07,2e-07,0.0110625,0.0105683,0.0113486,3e-07,0.0105947,0.01035760.0105947,0.0103576
5e-07,3e-07,3e-07,0.0105848,0.0110487,0.011078,4e-07,0.0104821,0.01084630.0104821,0.0108463
4e-07,4e-07,3e-07,0.0105826,0.011187,0.0108359,6e-07,0.0115478,0.01140440.0115478,0.0114044
8e-07,3e-07,3e-07,0.0106343,0.0120433,0.011331,4e-07,0.0113053,0.01044180.0113053,0.0104418
5e-07,4e-07,3e-07,0.0109573,0.011085,0.0113951,4e-07,0.0106562,0.01084820.0106562,0.0108482
5e-07,4e-07,3e-07,0.010989,0.0109146,0.0115474,6e-07,0.0105816,0.01122870.0105816,0.0112287
5e-07,9e-07,4e-07,0.0115908,0.011945,0.0115472,3e-07,0.0110233,0.01127420.0110233,0.0112742
5e-07,3e-07,3e-07,0.0107858,0.0111007,0.011298,3e-07,0.0107053,0.0106850.0107053,0.010685
5e-07,4e-07,3e-07,0.0109127,0.0109547,0.011487,4e-07,0.0109915,0.01091540.0109915,0.0109154
5e-07,4e-07,3e-07,0.0107522,0.0111104,0.0126111,6e-07,0.0110628,0.01169730.0110628,0.0116973
7e-07,4e-07,2e-07,0.0110916,0.0114365,0.0108594,3e-07,0.0112593,0.01117450.0112593,0.0111745
5e-07,3e-07,3e-07,0.0115275,0.0110173,0.0110084,4e-07,0.0110716,0.01068080.0110716,0.0106808
6e-07,4e-07,2e-07,0.010926,0.0107855,0.0108475,4e-07,0.0109283,0.01116690.0109283,0.0111669
1.1e-06,9e-07,3e-07,0.0121532,0.0119134,0.0112894,4e-07,0.0110226,0.01080080.0110226,0.0108008
5e-07,5e-07,3e-07,0.0121047,0.0113379,0.0107249,3e-07,0.0111103,0.01074990.0111103,0.0107499
5e-07,3e-07,3e-07,0.011328,0.0110458,0.0112395,4e-07,0.0112055,0.01182090.0112055,0.0118209
6e-07,3e-07,3e-07,0.0122159,0.0118423,0.0112623,4e-07,0.0118166,0.01147050.0118166,0.0114705
8e-07,3e-07,3e-07,0.0116024,0.0114815,0.0111678,3e-07,0.0112042,0.01125780.0112042,0.0112578
5e-07,3e-07,3e-07,0.0115539,0.0113712,0.0111775,4e-07,0.0112109,0.0112930.0112109,0.011293
5e-07,3e-07,2e-07,0.0123064,0.0120812,0.0115107,7e-07,0.0119885,0.01190280.0119885,0.0119028
7e-07,4e-07,4e-07,0.0108928,0.0112309,0.0111226,7e-07,0.0107766,0.01125640.0107766,0.0112564
6e-07,8e-07,9e-07,0.0113233,0.0111646,0.0113314,3e-07,0.0115243,0.0110330.0115243,0.011033
6e-07,4e-07,4e-07,0.0123808,0.0119926,0.0115232,4e-07,0.0116493,0.01208010.0116493,0.0120801
4e-07,4e-07,3e-07,0.0119008,0.0112277,0.0110667,4e-07,0.011049,0.01118370.011049,0.0111837
5e-07,3e-07,2e-07,0.0115255,0.0113755,0.0112794,4e-07,0.0114732,0.0112180.0114732,0.011218
6e-07,4e-07,3e-07,0.0115734,0.0123957,0.0121968,4e-07,0.0119384,0.01165340.0119384,0.0116534
6e-07,6e-07,3e-07,0.0114207,0.0128889,0.0118101,5e-07,0.0119403,0.01125940.0119403,0.0112594
6e-07,5e-07,3e-07,0.0117596,0.0116099,0.011049,4e-07,0.0115017,0.01139460.0115017,0.0113946
9e-07,4e-07,2e-07,0.0115252,0.0113769,0.0123835,5e-07,0.0122664,0.01167620.0122664,0.0116762
4e-07,3e-07,3e-07,0.0125116,0.0116419,0.0114413,4e-07,0.011209,0.01192830.011209,0.0119283
5e-07,3e-07,2e-07,0.0115781,0.0118928,0.0115812,3e-07,0.0112377,0.01140720.0112377,0.0114072
5e-07,4e-07,2e-07,0.0112533,0.0115182,0.0119111,3e-07,0.0123819,0.01208250.0123819,0.0120825
5e-07,4e-07,2e-07,0.0118206,0.0121608,0.0119044,3e-07,0.0113489,0.0113650.0113489,0.011365
6e-07,3e-07,2e-07,0.0115719,0.0116274,0.0112395,3e-07,0.0118786,0.01119740.0118786,0.0111974
5e-07,5e-07,2e-07,0.0122086,0.0115176,0.0115926,4e-07,0.0123665,0.01247640.0123665,0.0124764
9e-07,6e-07,2e-07,0.011921,0.0124286,0.0122697,6e-07,0.0115776,0.01157210.0115776,0.0115721
5e-07,4e-07,3e-07,0.0121456,0.0116468,0.011195,3e-07,0.0118616,0.0113130.0118616,0.011313
5e-07,3e-07,2e-07,0.0117203,0.012035,0.0112341,4e-07,0.012705,0.01257810.012705,0.0125781
5e-07,6e-07,3e-07,0.0120187,0.0123682,0.0128217,4e-07,0.0116176,0.01145550.0116176,0.0114555
5e-07,3e-07,3e-07,0.0118202,0.0117582,0.0113117,4e-07,0.0120434,0.01142390.0120434,0.0114239
6e-07,4e-07,2e-07,0.0118911,0.0116722,0.0113365,3e-07,0.0126023,0.01246390.0126023,0.0124639
5e-07,4e-07,3e-07,0.0132019,0.012891,0.0120029,5e-07,0.0120752,0.01164810.0120752,0.0116481
9e-07,2e-07,3e-07,0.0120564,0.011574,0.0116154,3e-07,0.0115649,0.01167230.0115649,0.0116723
5e-07,5e-07,3e-07,0.0120523,0.0119143,0.0123238,5e-07,0.0119615,0.01292240.0119615,0.0129224
6e-07,7e-07,2e-07,0.0122304,0.0121775,0.0124977,4e-07,0.0124903,0.01263820.0124903,0.0126382
7e-07,8e-07,3e-07,0.0122199,0.012456,0.0122295,5e-07,0.011464,0.01178440.011464,0.0117844
5e-07,4e-07,3e-07,0.0117088,0.0123281,0.0128212,7e-07,0.0125737,0.01192240.0125737,0.0119224
1e-06,3e-07,3e-07,0.0126567,0.0125378,0.011703,4e-07,0.0120566,0.01263960.0120566,0.0126396
6e-07,3e-07,3e-07,0.0129672,0.0127152,0.0121334,7e-07,0.0124332,0.01191630.0124332,0.0119163
8e-07,4e-07,3e-07,0.0123789,0.0132426,0.0132004,7e-07,0.0121741,0.01255850.0121741,0.0125585
4e-07,8e-07,3e-07,0.0125338,0.012461,0.0123301,6e-07,0.0118788,0.01211840.0118788,0.0121184
4e-07,5e-07,2e-07,0.012459,0.0129481,0.0123315,4e-07,0.0126029,0.01266040.0126029,0.0126604
5e-07,4e-07,3e-07,0.0136042,0.0126489,0.0133755,3e-07,0.0131905,0.01324460.0131905,0.0132446
5e-07,4e-07,3e-07,0.0125199,0.0124598,0.0122007,4e-07,0.0123557,0.0123310.0123557,0.012331
5e-07,4e-07,2e-07,0.0124793,0.0125917,0.0128139,6e-07,0.0122072,0.0118070.0122072,0.011807
5e-07,5e-07,3e-07,0.0128241,0.0135485,0.0135557,4e-07,0.0126394,0.01229630.0126394,0.0122963
6e-07,3e-07,2e-07,0.0123398,0.0125878,0.012058,4e-07,0.0118347,0.01225080.0118347,0.0122508
6e-07,3e-07,3e-07,0.0120678,0.0120582,0.0121506,4e-07,0.0120203,0.01252020.0120203,0.0125202
1.1e-06,1e-06,2e-07,0.013418,0.0130117,0.0127318,7e-07,0.0127773,0.01236240.0127773,0.0123624
6e-07,3e-07,3e-07,0.012149,0.0120294,0.0122856,4e-07,0.0126721,0.01197530.0126721,0.0119753
4e-07,4e-07,2e-07,0.0123038,0.0121195,0.0118727,4e-07,0.0119433,0.01217330.0119433,0.0121733
5e-07,5e-07,2e-07,0.0129457,0.0134072,0.0127459,4e-07,0.0126298,0.01189050.0126298,0.0118905
5e-07,3e-07,3e-07,0.0124316,0.0123146,0.0118651,4e-07,0.0123054,0.01203350.0123054,0.0120335
5e-07,4e-07,3e-07,0.0128872,0.0122932,0.0122607,3e-07,0.012266,0.01189420.012266,0.0118942
6e-07,3e-07,2e-07,0.0133323,0.0133736,0.0121467,4e-07,0.0137018,0.01234330.0137018,0.0123433
7e-07,4e-07,3e-07,0.0126928,0.0124058,0.0122254,3e-07,0.0121185,0.01202380.0121185,0.0120238
6e-07,2e-07,3e-07,0.0125961,0.0122704,0.0124564,4e-07,0.012384,0.01304070.012384,0.0130407
8e-07,3e-07,3e-07,0.0130566,0.0135887,0.0122309,4e-07,0.0125373,0.01218970.0125373,0.0121897
6e-07,4e-07,3e-07,0.0124751,0.0127617,0.0120173,4e-07,0.0128894,0.01254460.0128894,0.0125446
5e-07,5e-07,2e-07,0.0121774,0.0125649,0.0131506,5e-07,0.0129934,0.01345890.0129934,0.0134589
9e-07,7e-07,3e-07,0.0128238,0.0131521,0.0128942,7e-07,0.0132463,0.01236760.0132463,0.0123676
5e-07,3e-07,3e-07,0.0128369,0.0126926,0.0125634,3e-07,0.0124915,0.01255860.0124915,0.0125586
5e-07,4e-07,3e-07,0.0125705,0.0126228,0.0124819,3e-07,0.0138366,0.01359270.0138366,0.0135927
5e-07,4e-07,3e-07,0.0138265,0.0128241,0.0125503,5e-07,0.0123055,0.01208810.0123055,0.0120881
6e-07,3e-07,3e-07,0.0128184,0.01243,0.0124254,4e-07,0.0125768,0.01287870.0125768,0.0128787
1.6e-06,1.1e-06,3e-07,0.0130636,0.0138996,0.0166228,5e-07,0.0141229,0.01330580.0141229,0.0133058
6e-07,5e-07,3e-07,0.0135082,0.0131316,0.0139361,3e-07,0.0128247,0.01347620.0128247,0.0134762
6e-07,3e-07,3e-07,0.0131123,0.0134296,0.012837,4e-07,0.0126838,0.01272880.0126838,0.0127288
1e-06,3e-07,3e-07,0.0138106,0.012917,0.01342,6e-07,0.0139247,0.01358580.0139247,0.0135858
6e-07,4e-07,3e-07,0.0128621,0.0129481,0.0127671,3e-07,0.0127163,0.01277370.0127163,0.0127737
6e-07,5e-07,2e-07,0.012998,0.0125803,0.012825,4e-07,0.0128059,0.01430040.0128059,0.0143004
6e-07,5e-07,3e-07,0.0136384,0.0125999,0.012644,4e-07,0.0127337,0.0124180.0127337,0.012418
6e-07,2e-07,3e-07,0.0131362,0.012929,0.0124747,4e-07,0.0124318,0.0131150.0124318,0.013115
6e-07,7e-07,3e-07,0.0133281,0.0129047,0.0127174,3e-07,0.0138005,0.01338940.0138005,0.0133894
6e-07,3e-07,3e-07,0.0143634,0.0126744,0.0128627,4e-07,0.0125626,0.0124030.0125626,0.012403
5e-07,2e-07,3e-07,0.0129522,0.0127135,0.0123622,3e-07,0.0129886,0.01280560.0129886,0.0128056
4e-07,5e-07,3e-07,0.0131423,0.0127772,0.0141309,9e-07,0.0133161,0.01330870.0133161,0.0133087
6e-07,3e-07,2e-07,0.013355,0.0128529,0.0125873,3e-07,0.0125031,0.0125540.0125031,0.012554
5e-07,4e-07,3e-07,0.012774,0.012775,0.0137229,3e-07,0.0130813,0.01283730.0130813,0.0128373
5e-07,4e-07,3e-07,0.0137759,0.0140995,0.0146061,5e-07,0.0137877,0.01371520.0137877,0.0137152
5e-07,4e-07,2e-07,0.0130973,0.0130739,0.0127481,4e-07,0.0131693,0.01255630.0131693,0.0125563
5e-07,4e-07,2e-07,0.0130287,0.0128819,0.0127763,3e-07,0.0132761,0.01273170.0132761,0.0127317
5e-07,8e-07,3e-07,0.0140163,0.0131849,0.0135551,5e-07,0.013417,0.01316080.013417,0.0131608
5e-07,2e-07,3e-07,0.0131289,0.0129237,0.0129907,4e-07,0.0129762,0.01267880.0129762,0.0126788
5e-07,3e-07,3e-07,0.0132991,0.0130029,0.0130238,4e-07,0.01284,0.01460780.01284,0.0146078
7e-07,3e-07,3e-07,0.0140583,0.0138212,0.0133603,4e-07,0.0127599,0.01293130.0127599,0.0129313
5e-07,4e-07,3e-07,0.0132091,0.014382,0.0132557,4e-07,0.0130548,0.01277030.0130548,0.0127703
6e-07,3e-07,3e-07,0.0131473,0.0133329,0.0131963,4e-07,0.0136423,0.01415720.0136423,0.0141572
6e-07,3e-07,3e-07,0.0137737,0.0131672,0.0135305,4e-07,0.0127632,0.013670.0127632,0.01367
6e-07,5e-07,3e-07,0.0128925,0.0129202,0.0128861,3e-07,0.0127987,0.01378070.0127987,0.0137807
6e-07,2e-07,3e-07,0.0133665,0.0134454,0.0143814,4e-07,0.0142053,0.01346590.0142053,0.0134659
8e-07,3e-07,3e-07,0.0138844,0.0130492,0.0129445,5e-07,0.0133566,0.01273740.0133566,0.0127374
6e-07,3e-07,3e-07,0.0131639,0.0134154,0.0129718,3e-07,0.0130677,0.0130090.0130677,0.013009
5e-07,4e-07,3e-07,0.0140102,0.0141335,0.0136872,4e-07,0.0145356,0.01342420.0145356,0.0134242
8e-07,3e-07,2e-07,0.0128465,0.0132057,0.0130862,4e-07,0.0130509,0.01392260.0130509,0.0139226
5e-07,2e-07,3e-07,0.0137483,0.0133936,0.0131287,3e-07,0.0130713,0.01446340.0130713,0.0144634
4e-07,6e-07,3e-07,0.0136388,0.0140514,0.0133734,5e-07,0.0137262,0.01310230.0137262,0.0131023
5e-07,3e-07,2e-07,0.0136088,0.0133692,0.0131034,4e-07,0.0132062,0.01302450.0132062,0.0130245
1.1e-06,3e-07,2e-07,0.0135472,0.0133533,0.0142177,5e-07,0.0141515,0.01442230.0141515,0.0144223
5e-07,4e-07,3e-07,0.0137876,0.0132398,0.0141888,6e-07,0.0135745,0.01337650.0135745,0.0133765
5e-07,5e-07,2e-07,0.0132355,0.0138273,0.0136331,5e-07,0.0131965,0.01386910.0131965,0.0138691
4e-07,4e-07,3e-07,0.0144393,0.0145112,0.0141918,4e-07,0.0135459,0.01341940.0135459,0.0134194
5e-07,7e-07,4e-07,0.0138336,0.0133758,0.014174,4e-07,0.0134131,0.01350770.0134131,0.0135077
6e-07,4e-07,3e-07,0.0135171,0.0135348,0.0137497,3e-07,0.0142573,0.01436110.0142573,0.0143611
5e-07,3e-07,2e-07,0.0147921,0.0140702,0.013775,3e-07,0.013565,0.01342410.013565,0.0134241
4e-07,4e-07,3e-07,0.0137329,0.0136898,0.0133809,5e-07,0.0132624,0.01313950.0132624,0.0131395
6e-07,4e-07,3e-07,0.0141465,0.0152386,0.0147972,5e-07,0.0134831,0.01450470.0134831,0.0145047
5e-07,4e-07,3e-07,0.0135369,0.0138103,0.0135625,3e-07,0.0131443,0.01390550.0131443,0.0139055
5e-07,3e-07,3e-07,0.0137055,0.0135093,0.0131733,4e-07,0.0140043,0.01344670.0140043,0.0134467
8e-07,1.1e-06,3e-07,0.0145773,0.0142525,0.0138672,5e-07,0.0131804,0.01353560.0131804,0.0135356
5e-07,4e-07,2e-07,0.0138155,0.0135296,0.0137025,4e-07,0.0133563,0.01344580.0133563,0.0134458
4e-07,8e-07,2e-07,0.0134436,0.0139587,0.0139252,4e-07,0.014575,0.01458490.014575,0.0145849
5e-07,1.7e-06,4e-07,0.0151496,0.0138186,0.0137793,5e-07,0.013863,0.01387850.013863,0.0138785
5e-07,4e-07,2e-07,0.0137539,0.0136083,0.0133749,4e-07,0.0137198,0.01635910.0137198,0.0163591
5e-07,4e-07,3e-07,0.0149468,0.0152054,0.0147519,6e-07,0.014951,0.01390510.014951,0.0139051
5e-07,3e-07,3e-07,0.0137787,0.0140076,0.0142445,4e-07,0.0135567,0.0133640.0135567,0.013364
7e-07,3e-07,3e-07,0.0137116,0.0138576,0.0134644,3e-07,0.013382,0.01491840.013382,0.0149184
1.6e-06,8e-07,3e-07,0.0148874,0.0144489,0.0139209,4e-07,0.0135176,0.01349260.0135176,0.0134926
6e-07,3e-07,3e-07,0.0142372,0.0137714,0.0135289,3e-07,0.0134849,0.01398570.0134849,0.0139857
6e-07,4e-07,3e-07,0.0140379,0.0138103,0.0153117,3e-07,0.0148984,0.01357110.0148984,0.0135711
1.5e-06,6e-07,2e-07,0.0149045,0.0139438,0.0136995,4e-07,0.0136887,0.0135920.0136887,0.013592
7e-07,3e-07,3e-07,0.0137463,0.0139756,0.0139295,4e-07,0.0135322,0.01368860.0135322,0.0136886
7e-07,6e-07,3e-07,0.0148681,0.0147943,0.0144031,5e-07,0.0144652,0.01364750.0144652,0.0136475
5e-07,5e-07,3e-07,0.0141,0.01388,0.0138575,3e-07,0.0136593,0.01352540.0136593,0.0135254
7e-07,4e-07,3e-07,0.0143401,0.0139223,0.0140337,6e-07,0.0154758,0.01520130.0154758,0.0152013
5e-07,5e-07,2e-07,0.0151503,0.0149305,0.0143954,4e-07,0.0138364,0.01394920.0138364,0.0139492
5e-07,4e-07,3e-07,0.0141173,0.0140679,0.0139724,7e-07,0.0146674,0.01382940.0146674,0.0138294
6e-07,2e-07,2e-07,0.0151834,0.0148967,0.0141659,5e-07,0.0146928,0.01479550.0146928,0.0147955
6e-07,4e-07,2e-07,0.013834,0.0139452,0.0139262,4e-07,0.0137742,0.01428050.0137742,0.0142805
5e-07,2e-07,3e-07,0.0144069,0.0137944,0.0140667,4e-07,0.0148413,0.01509010.0148413,0.0150901
6e-07,3e-07,3e-07,0.0137035,0.0150107,0.0142534,5e-07,0.0139168,0.01385570.0139168,0.0138557
6e-07,5e-07,2e-07,0.0139542,0.0141731,0.0142762,4e-07,0.0139924,0.01398540.0139924,0.0139854
5e-07,5e-07,3e-07,0.0150493,0.0149168,0.0147346,6e-07,0.0159651,0.01444780.0159651,0.0144478
5e-07,3e-07,3e-07,0.0139881,0.0141862,0.0139348,4e-07,0.0139042,0.0143420.0139042,0.014342
6e-07,4e-07,3e-07,0.0141109,0.0145954,0.0142716,3e-07,0.0153322,0.0147550.0153322,0.014755
7e-07,3e-07,3e-07,0.0155795,0.0148732,0.0139665,3e-07,0.0142666,0.01406270.0142666,0.0140627
5e-07,4e-07,2e-07,0.0143698,0.0143244,0.0140889,3e-07,0.014059,0.01472780.014059,0.0147278
1.2e-06,4e-07,3e-07,0.0144289,0.015123,0.0151738,7e-07,0.0142317,0.01562230.0142317,0.0156223
6e-07,4e-07,2e-07,0.0147116,0.0145455,0.0144166,4e-07,0.0143348,0.01437430.0143348,0.0143743
1.4e-06,4e-07,3e-07,0.0148522,0.014778,0.0142189,4e-07,0.01495,0.01532070.01495,0.0153207
6e-07,5e-07,2e-07,0.0152903,0.0146086,0.0142603,6e-07,0.0142063,0.01425940.0142063,0.0142594
5e-07,4e-07,3e-07,0.0142038,0.0144385,0.0141091,4e-07,0.0141542,0.01418850.0141542,0.0141885
6e-07,4e-07,3e-07,0.0154189,0.0154861,0.0148357,5e-07,0.0149991,0.0142780.0149991,0.014278
6e-07,4e-07,2e-07,0.0147268,0.0144689,0.0151191,6e-07,0.0146802,0.01415680.0146802,0.0141568
4e-07,4e-07,3e-07,0.0145192,0.01433,0.0146005,3e-07,0.0156104,0.01566990.0156104,0.0156699
6e-07,8e-07,3e-07,0.0154212,0.0152449,0.0150163,5e-07,0.0146391,0.01456480.0146391,0.0145648
9e-07,3e-07,2e-07,0.0150781,0.0148586,0.0147007,3e-07,0.0144714,0.0142060.0144714,0.014206
5e-07,3e-07,2e-07,0.0153417,0.0147562,0.0157634,7e-07,0.0152861,0.01533330.0152861,0.0153333
6e-07,4e-07,3e-07,0.0149115,0.0145816,0.0143156,4e-07,0.0142868,0.01586290.0142868,0.0158629
7e-07,3e-07,3e-07,0.014626,0.0143189,0.0145588,4e-07,0.015395,0.01596540.015395,0.0159654
1.4e-06,7e-07,4e-07,0.0149593,0.0143501,0.0145532,4e-07,0.0143854,0.01440380.0143854,0.0144038
5e-07,4e-07,3e-07,0.0151781,0.0145711,0.0149512,3e-07,0.0147505,0.0145680.0147505,0.014568
4e-07,8e-07,3e-07,0.016069,0.0154645,0.0152362,7e-07,0.0150036,0.01435850.0150036,0.0143585
8e-07,3e-07,2e-07,0.0147119,0.0145426,0.014441,3e-07,0.0143843,0.01445870.0143843,0.0144587
5e-07,3e-07,3e-07,0.0152035,0.0148946,0.0157801,7e-07,0.0149811,0.01565370.0149811,0.0156537
5e-07,5e-07,3e-07,0.0152003,0.0150937,0.0150759,4e-07,0.0147399,0.01461240.0147399,0.0146124
6e-07,4e-07,2e-07,0.0146845,0.0151233,0.0146286,4e-07,0.0145337,0.01466680.0145337,0.0146668
1.2e-06,5e-07,3e-07,0.0159543,0.0152956,0.0147877,3e-07,0.0143494,0.01453680.0143494,0.0145368
5e-07,5e-07,3e-07,0.0147723,0.0144382,0.0150988,4e-07,0.0149348,0.01489590.0149348,0.0148959
5e-07,3e-07,2e-07,0.0152583,0.0161693,0.0156586,7e-07,0.0153685,0.01505360.0153685,0.0150536
6e-07,6e-07,3e-07,0.0154491,0.0151109,0.0158296,4e-07,0.0154958,0.01464420.0154958,0.0146442
6e-07,4e-07,3e-07,0.0149736,0.0148684,0.0149455,5e-07,0.0156491,0.01601790.0156491,0.0160179
6e-07,4e-07,3e-07,0.0156405,0.0152314,0.0156208,3e-07,0.0147712,0.0146460.0147712,0.014646
6e-07,9e-07,2e-07,0.015233,0.0152805,0.0148498,3e-07,0.0145255,0.01468050.0145255,0.0146805
7e-07,3e-07,2e-07,0.016775,0.0158275,0.0162159,1e-06,0.0153029,0.01502460.0153029,0.0150246
5e-07,5e-07,3e-07,0.0150537,0.0154247,0.0150776,5e-07,0.0151418,0.01508830.0151418,0.0150883
7e-07,4e-07,3e-07,0.0153753,0.0152675,0.016004,7e-07,0.0156045,0.01582030.0156045,0.0158203
6e-07,5e-07,3e-07,0.0150704,0.0152163,0.0150469,4e-07,0.0147433,0.0149930.0147433,0.014993
9e-07,2e-07,2e-07,0.0150688,0.014728,0.0150262,3e-07,0.0153985,0.01656670.0153985,0.0165667
8e-07,4e-07,4e-07,0.0156493,0.0155137,0.0147618,4e-07,0.0146042,0.01475210.0146042,0.0147521
6e-07,3e-07,2e-07,0.0151142,0.015266,0.0151347,4e-07,0.0152878,0.01496620.0152878,0.0149662
5e-07,4e-07,3e-07,0.0155333,0.0173404,0.0159186,2.9e-06,0.0158636,0.01497540.0158636,0.0149754
1.2e-06,6e-07,2e-07,0.0157001,0.0150848,0.0149881,4e-07,0.0148242,0.0149850.0148242,0.014985
4e-07,4e-07,2e-07,0.0153747,0.0150795,0.0154256,7e-07,0.0163159,0.01606630.0163159,0.0160663
5e-07,3e-07,2e-07,0.0162323,0.015065,0.015383,3e-07,0.0155803,0.01549710.0155803,0.0154971
4e-07,2e-07,3e-07,0.015214,0.0158969,0.01491,3e-07,0.0149694,0.01522450.0149694,0.0152245
5e-07,9e-07,3e-07,0.0160935,0.0152577,0.0163183,7e-07,0.0155405,0.01475960.0155405,0.0147596
5e-07,3e-07,3e-07,0.0152946,0.0157941,0.0153512,5e-07,0.0156008,0.0150890.0156008,0.015089
5e-07,2e-07,2e-07,0.0155092,0.0166122,0.016717,4e-07,0.016378,0.01569430.016378,0.0156943
5e-07,3e-07,3e-07,0.0159851,0.0150688,0.0155359,5e-07,0.0150822,0.01502610.0150822,0.0150261
5e-07,4e-07,3e-07,0.0154257,0.0153093,0.0150368,4e-07,0.0159722,0.01681960.0159722,0.0168196
5e-07,3e-07,3e-07,0.0168679,0.0158136,0.0154602,4e-07,0.0151542,0.01534910.0151542,0.0153491
6e-07,5e-07,3e-07,0.0159122,0.0154238,0.0154812,4e-07,0.0153061,0.01607530.0153061,0.0160753
5e-07,4e-07,2e-07,0.0166031,0.0189433,0.0162384,5e-07,0.0153366,0.01525660.0153366,0.0152566
5e-07,4e-07,2e-07,0.0157078,0.0155496,0.0156632,3e-07,0.015359,0.01538390.015359,0.0153839
5e-07,4e-07,3e-07,0.0153462,0.0170557,0.0157692,3e-07,0.0158835,0.01500020.0158835,0.0150002
4e-07,3e-07,2e-07,0.0160173,0.0151887,0.0152123,3e-07,0.0156812,0.01507610.0156812,0.0150761
6e-07,4e-07,2e-07,0.0156662,0.0152998,0.0153242,3e-07,0.0168104,0.01635470.0168104,0.0163547
6e-07,3e-07,3e-07,0.0158817,0.0151924,0.0152683,3e-07,0.0155676,0.01636910.0155676,0.0163691
5e-07,3e-07,2e-07,0.0157395,0.0156615,0.0155592,4e-07,0.0153924,0.01595750.0153924,0.0159575
5e-07,4e-07,3e-07,0.0168814,0.016824,0.0160752,8e-07,0.0157498,0.01581820.0157498,0.0158182
5e-07,4e-07,2e-07,0.0158027,0.0154206,0.0157154,6e-07,0.0153267,0.01550610.0153267,0.0155061
6e-07,4e-07,2e-07,0.0166582,0.0170704,0.0165567,4e-07,0.016051,0.01572790.016051,0.0157279
4e-07,3e-07,2e-07,0.0160072,0.0161043,0.0154696,4e-07,0.0154551,0.016730.0154551,0.01673
5e-07,3e-07,2e-07,0.0157392,0.0158175,0.0206231,6e-07,0.0168594,0.01619540.0168594,0.0161954
1.6e-06,8e-07,3e-07,0.0162772,0.0152365,0.0157468,3e-07,0.0162091,0.01560080.0162091,0.0156008
5e-07,3e-07,2e-07,0.0157929,0.0158163,0.0155965,4e-07,0.0157838,0.01766280.0157838,0.0176628
6e-07,3e-07,3e-07,0.0160711,0.016625,0.015804,3e-07,0.0154923,0.01533910.0154923,0.0153391
5e-07,4e-07,3e-07,0.0158599,0.0155264,0.0162745,3e-07,0.015232,0.01581520.015232,0.0158152
4e-07,2e-07,3e-07,0.0169197,0.0171092,0.0162255,4e-07,0.0157191,0.01567170.0157191,0.0156717
6e-07,3e-07,3e-07,0.0167846,0.0158868,0.0156612,4e-07,0.0160131,0.01635170.0160131,0.0163517
5e-07,4e-07,3e-07,0.0157512,0.0168423,0.0167327,8e-07,0.0166118,0.01647650.0166118,0.0164765
7e-07,3e-07,3e-07,0.0160017,0.0162338,0.0158442,4e-07,0.0159001,0.01612720.0159001,0.0161272
7e-07,3e-07,3e-07,0.0160524,0.015902,0.0157147,4e-07,0.0165934,0.01659610.0165934,0.0165961
6e-07,3e-07,3e-07,0.0160978,0.0159123,0.0159315,3e-07,0.0161633,0.01593110.0161633,0.0159311
5e-07,3e-07,2e-07,0.0162602,0.0176634,0.0166905,8e-07,0.0161252,0.01737580.0161252,0.0173758
9e-07,4e-07,3e-07,0.0163422,0.0160362,0.0156235,5e-07,0.015789,0.01618310.015789,0.0161831
6e-07,3e-07,2e-07,0.0165092,0.015679,0.0157086,3e-07,0.0158204,0.01579080.0158204,0.0157908
5e-07,3e-07,3e-07,0.0170469,0.0172811,0.0169068,4e-07,0.0166029,0.01656950.0166029,0.0165695
6e-07,2e-07,3e-07,0.0163185,0.0159229,0.0160189,3e-07,0.0158756,0.01590870.0158756,0.0159087
5e-07,3e-07,3e-07,0.0158543,0.0171913,0.0173901,4e-07,0.0169622,0.01690660.0169622,0.0169066
6e-07,4e-07,3e-07,0.0163827,0.0161369,0.0160691,5e-07,0.0166633,0.01622160.0166633,0.0162216
5e-07,3e-07,3e-07,0.0162077,0.0159984,0.0166571,3e-07,0.0176565,0.01708990.0176565,0.0170899
8e-07,3e-07,3e-07,0.0173211,0.016533,0.016443,3e-07,0.0156598,0.01688940.0156598,0.0168894
6e-07,3e-07,2e-07,0.0162451,0.0160698,0.0161097,3e-07,0.0175808,0.01788630.0175808,0.0178863
1e-06,3e-07,3e-07,0.0164838,0.0186526,0.0165831,4e-07,0.016287,0.01615040.016287,0.0161504
6e-07,3e-07,3e-07,0.0175764,0.0162466,0.0160242,4e-07,0.0163275,0.01660250.0163275,0.0166025
1.4e-06,3e-07,2e-07,0.0173358,0.0173097,0.0162996,4e-07,0.0163071,0.01581580.0163071,0.0158158
1.2e-06,4e-07,3e-07,0.0166197,0.0164507,0.0160594,3e-07,0.0161195,0.01629860.0161195,0.0162986
7e-07,2e-07,3e-07,0.0177875,0.0172241,0.0172855,3e-07,0.0159509,0.01618710.0159509,0.0161871
5e-07,3e-07,3e-07,0.0164426,0.0166993,0.016211,3e-07,0.0160789,0.01609060.0160789,0.0160906
4e-07,3e-07,2e-07,0.0165271,0.0173285,0.0171045,4e-07,0.0172396,0.01674120.0172396,0.0167412
7e-07,5e-07,3e-07,0.0164893,0.017906,0.0163657,4e-07,0.0161985,0.0160140.0161985,0.016014
6e-07,4e-07,3e-07,0.0162706,0.01659,0.0169434,6e-07,0.0175158,0.0173090.0175158,0.017309
5e-07,5e-07,3e-07,0.0169437,0.0164151,0.0163371,4e-07,0.0160136,0.01663810.0160136,0.0166381
5e-07,4e-07,3e-07,0.0161502,0.0164501,0.0164709,7e-07,0.0168618,0.01757290.0168618,0.0175729
5e-07,3e-07,3e-07,0.0169445,0.0165244,0.0184096,7e-07,0.0176063,0.01651740.0176063,0.0165174
5e-07,4e-07,2e-07,0.0166521,0.016749,0.0166341,5e-07,0.0162612,0.01662520.0162612,0.0166252
1.2e-06,4e-07,3e-07,0.0172471,0.0172171,0.0169158,4e-07,0.0164129,0.01685880.0164129,0.0168588
4e-07,4e-07,3e-07,0.0165778,0.0168174,0.0163665,4e-07,0.0163847,0.01690030.0163847,0.0169003
5e-07,4e-07,3e-07,0.0177278,0.0172976,0.0173356,4e-07,0.0166267,0.01640740.0166267,0.0164074
5e-07,3e-07,2e-07,0.0166787,0.0167374,0.0165917,3e-07,0.0166254,0.01645360.0166254,0.0164536
4e-07,5e-07,2e-07,0.016696,0.0170832,0.017486,4e-07,0.0183656,0.01684040.0183656,0.0168404
5e-07,3e-07,3e-07,0.0168872,0.0170063,0.0172302,5e-07,0.0163845,0.01646270.0163845,0.0164627
5e-07,5e-07,3e-07,0.017253,0.0176899,0.0178939,7e-07,0.0179573,0.01743620.0179573,0.0174362
6e-07,3e-07,3e-07,0.0168178,0.0165911,0.0167528,4e-07,0.0162877,0.01685720.0162877,0.0168572
6e-07,3e-07,3e-07,0.0168189,0.0162294,0.0168752,4e-07,0.0186986,0.01784810.0186986,0.0178481
6e-07,3e-07,2e-07,0.0197576,0.0174077,0.0167071,4e-07,0.0168352,0.0168350.0168352,0.016835
6e-07,4e-07,3e-07,0.0171213,0.0165485,0.0167145,4e-07,0.0172802,0.01762260.0172802,0.0176226
6e-07,9e-07,3e-07,0.0176458,0.0171127,0.016979,5e-07,0.0169432,0.0167880.0169432,0.016788
5e-07,3e-07,3e-07,0.0170897,0.0172605,0.017667,3e-07,0.0168898,0.01666460.0168898,0.0166646
1.1e-06,3e-07,3e-07,0.0178785,0.0176215,0.0170326,4e-07,0.0166954,0.01704230.0166954,0.0170423
1e-06,4e-07,3e-07,0.0168,0.0172056,0.0165171,4e-07,0.0166571,0.01690470.0166571,0.0169047
7e-07,8e-07,3e-07,0.0179785,0.0174278,0.0173879,5e-07,0.0171325,0.01689080.0171325,0.0168908
6e-07,3e-07,3e-07,0.0174999,0.0170236,0.0168802,4e-07,0.0165082,0.01648480.0165082,0.0164848
6e-07,2e-07,2e-07,0.0175912,0.0183794,0.0177565,6e-07,0.0174306,0.01667360.0174306,0.0166736
4e-07,5e-07,2e-07,0.0166923,0.0167751,0.0168349,4e-07,0.017554,0.01696450.017554,0.0169645
5e-07,4e-07,2e-07,0.019617,0.0188994,0.0181995,4e-07,0.0180606,0.01697590.0180606,0.0169759
7e-07,3e-07,3e-07,0.0169182,0.0172757,0.0171995,3e-07,0.018724,0.01710860.018724,0.0171086
5e-07,3e-07,3e-07,0.0181711,0.0182104,0.0182112,5e-07,0.0174963,0.01740370.0174963,0.0174037
5e-07,3e-07,3e-07,0.0171614,0.0171207,0.0167803,3e-07,0.0171427,0.01732530.0171427,0.0173253
8e-07,3e-07,3e-07,0.0171604,0.0171906,0.0178603,7e-07,0.0179654,0.01766320.0179654,0.0176632
5e-07,4e-07,3e-07,0.0169973,0.0169154,0.0173282,4e-07,0.016906,0.01766570.016906,0.0176657
7e-07,3e-07,2e-07,0.0177945,0.0172578,0.0182377,6e-07,0.0178292,0.01823980.0178292,0.0182398
5e-07,2e-07,3e-07,0.0173454,0.0174233,0.0168509,3e-07,0.0168462,0.01714250.0168462,0.0171425
5e-07,3e-07,2e-07,0.0173554,0.0168673,0.0170892,3e-07,0.0184304,0.01809880.0184304,0.0180988
7e-07,2e-07,3e-07,0.0180369,0.0170326,0.0166651,4e-07,0.0175078,0.01686310.0175078,0.0168631
6e-07,3e-07,2e-07,0.0169566,0.017594,0.0179389,5e-07,0.0178006,0.01832290.0178006,0.0183229
5e-07,4e-07,3e-07,0.0180099,0.0176653,0.0179633,6e-07,0.0183616,0.01778460.0183616,0.0177846
1e-06,3e-07,2e-07,0.0179257,0.017027,0.0168884,4e-07,0.0171848,0.01878520.0171848,0.0187852
5e-07,3e-07,3e-07,0.0183097,0.0176529,0.0170169,4e-07,0.0175587,0.01775090.0175587,0.0177509
6e-07,4e-07,2e-07,0.0171958,0.0170801,0.016959,3e-07,0.0172826,0.01709370.0172826,0.0170937
1.1e-06,3e-07,3e-07,0.0184525,0.0185088,0.0172144,4e-07,0.01697,0.0175750.01697,0.017575
4e-07,3e-07,2e-07,0.0174763,0.017002,0.0173738,3e-07,0.0173194,0.0173310.0173194,0.017331
6e-07,6e-07,3e-07,0.0182183,0.0178548,0.0178275,3e-07,0.0174755,0.0176860.0174755,0.017686
6e-07,3e-07,3e-07,0.0176212,0.0173159,0.0170869,3e-07,0.0172496,0.01709890.0172496,0.0170989
7e-07,3e-07,3e-07,0.0184336,0.0185673,0.0170786,4e-07,0.0190716,0.01739250.0190716,0.0173925
6e-07,3e-07,3e-07,0.0186119,0.0193521,0.0183051,4e-07,0.0173657,0.01739560.0173657,0.0173956
5e-07,6e-07,3e-07,0.0189808,0.0182769,0.0184802,6e-07,0.0178987,0.01740390.0178987,0.0174039
6e-07,4e-07,3e-07,0.0175688,0.0175608,0.0176393,4e-07,0.0172707,0.01761830.0172707,0.0176183
5e-07,4e-07,2e-07,0.0192186,0.0182847,0.0180773,6e-07,0.0172414,0.01741260.0172414,0.0174126
5e-07,1.1e-06,3e-07,0.0177067,0.0173689,0.0171541,4e-07,0.0172792,0.01779410.0172792,0.0177941
6e-07,5e-07,2e-07,0.0188014,0.018829,0.0178197,7e-07,0.0175093,0.01717830.0175093,0.0171783
5e-07,4e-07,2e-07,0.0179054,0.017244,0.0173583,4e-07,0.0183665,0.01775640.0183665,0.0177564
5e-07,6e-07,3e-07,0.0177894,0.0183189,0.0182894,4e-07,0.0187558,0.01785680.0187558,0.0178568
5e-07,4e-07,2e-07,0.0180253,0.01783,0.0176974,5e-07,0.0173431,0.01733120.0173431,0.0173312
6e-07,3e-07,3e-07,0.0175409,0.0174287,0.0193158,5e-07,0.0190969,0.01839880.0190969,0.0183988
1.1e-06,4e-07,2e-07,0.0203737,0.0183999,0.018245,4e-07,0.0181027,0.01811980.0181027,0.0181198
5e-07,5e-07,3e-07,0.017849,0.0187045,0.0188552,7e-07,0.0175531,0.0189750.0175531,0.018975
6e-07,1.4e-06,3e-07,0.018522,0.0184277,0.0179231,4e-07,0.0178799,0.0179690.0178799,0.017969
6e-07,8e-07,3e-07,0.0179204,0.0186188,0.0186904,6e-07,0.0173358,0.01879040.0173358,0.0187904
7e-07,4e-07,3e-07,0.0186588,0.0177725,0.017539,4e-07,0.0173197,0.01753690.0173197,0.0175369
6e-07,4e-07,2e-07,0.0180101,0.0189892,0.0185382,5e-07,0.0179817,0.01901010.0179817,0.0190101
5e-07,4e-07,3e-07,0.0180558,0.018085,0.0179542,4e-07,0.0180065,0.01748020.0180065,0.0174802
5e-07,3e-07,3e-07,0.0178701,0.0188098,0.0186482,4e-07,0.0188354,0.01794910.0188354,0.0179491
5e-07,2e-07,2e-07,0.0181904,0.0179987,0.017665,6e-07,0.0178949,0.01792420.0178949,0.0179242
7e-07,4e-07,3e-07,0.0180208,0.018614,0.0187715,5e-07,0.0211841,0.01903270.0211841,0.0190327
5e-07,5e-07,3e-07,0.0180135,0.0175838,0.0176308,4e-07,0.0175393,0.01753640.0175393,0.0175364
6e-07,8e-07,2e-07,0.0183922,0.0197352,0.0179069,4e-07,0.0195777,0.01813330.0195777,0.0181333
5e-07,6e-07,2e-07,0.0179012,0.0176968,0.0176453,3e-07,0.0178821,0.01800550.0178821,0.0180055
4e-07,4e-07,3e-07,0.0194952,0.0190204,0.0183055,6e-07,0.018913,0.01805240.018913,0.0180524
6e-07,4e-07,2e-07,0.0183169,0.0179333,0.0182486,4e-07,0.017746,0.01793670.017746,0.0179367
6e-07,4e-07,2e-07,0.0190172,0.0198921,0.0188374,7e-07,0.0188704,0.01835470.0188704,0.0183547
9e-07,4e-07,3e-07,0.0187426,0.0181142,0.0176596,4e-07,0.0183114,0.01787870.0183114,0.0178787
5e-07,4e-07,3e-07,0.0197598,0.0198806,0.0186539,4e-07,0.0177999,0.01780880.0177999,0.0178088
5e-07,3e-07,3e-07,0.0184153,0.0183774,0.0181999,5e-07,0.018023,0.01824560.018023,0.0182456
5e-07,5e-07,2e-07,0.0197513,0.0205243,0.0198379,6e-07,0.018571,0.01797520.018571,0.0179752
6e-07,2e-07,3e-07,0.018287,0.0181601,0.0184244,5e-07,0.0181821,0.01799510.0181821,0.0179951
4e-07,3e-07,3e-07,0.020117,0.0188803,0.0185364,5e-07,0.0180528,0.01807260.0180528,0.0180726
6e-07,4e-07,3e-07,0.0193741,0.0187749,0.0185275,3e-07,0.0179208,0.01795890.0179208,0.0179589
6e-07,3e-07,2e-07,0.0201607,0.0192575,0.0184612,3e-07,0.018414,0.01819760.018414,0.0181976
5e-07,2e-07,3e-07,0.0186481,0.0199666,0.0179956,5e-07,0.0181377,0.01827970.0181377,0.0182797
5e-07,6e-07,3e-07,0.0194545,0.0187285,0.0191043,6e-07,0.018093,0.0184310.018093,0.018431
6e-07,3e-07,3e-07,0.018211,0.0187259,0.0185166,6e-07,0.0183371,0.01820360.0183371,0.0182036
9e-07,4e-07,3e-07,0.0193284,0.0191784,0.0190673,5e-07,0.0179146,0.01823150.0179146,0.0182315
5e-07,5e-07,3e-07,0.0185117,0.0182166,0.0181328,3e-07,0.0182715,0.02253110.0182715,0.0225311
1.1e-06,5e-07,2e-07,0.0190888,0.0188537,0.018678,4e-07,0.0182304,0.01894990.0182304,0.0189499
7e-07,3e-07,2e-07,0.0191301,0.0194365,0.0182622,5e-07,0.0182446,0.01984480.0182446,0.0198448
7e-07,2e-07,2e-07,0.0191467,0.0198109,0.0187795,4e-07,0.0182996,0.01933640.0182996,0.0193364
8e-07,6e-07,3e-07,0.0195067,0.0181897,0.0182812,3e-07,0.018598,0.01990170.018598,0.0199017
9e-07,5e-07,3e-07,0.0195183,0.0185054,0.0182665,4e-07,0.0182071,0.0188820.0182071,0.018882
6e-07,4e-07,3e-07,0.0191839,0.0192406,0.0181244,4e-07,0.0189321,0.01975530.0189321,0.0197553
1e-06,4e-07,3e-07,0.0188043,0.0202509,0.0185979,5e-07,0.0182046,0.01834930.0182046,0.0183493
6e-07,5e-07,3e-07,0.0189806,0.0183935,0.0183031,3e-07,0.0194878,0.01925990.0194878,0.0192599
7e-07,4e-07,2e-07,0.019616,0.0187853,0.0184069,4e-07,0.0184662,0.01887150.0184662,0.0188715
5e-07,3e-07,3e-07,0.0198439,0.0191069,0.0186292,4e-07,0.0195263,0.01957970.0195263,0.0195797
8e-07,6e-07,2e-07,0.0189733,0.0188532,0.0184258,2.7e-06,0.0188169,0.01873030.0188169,0.0187303
5e-07,4e-07,3e-07,0.0188111,0.018747,0.0188573,3e-07,0.020227,0.01969770.020227,0.0196977
6e-07,8e-07,2e-07,0.0197718,0.0187132,0.0187401,4e-07,0.0182402,0.01897330.0182402,0.0189733
5e-07,3e-07,2e-07,0.0192105,0.0188116,0.0193506,5e-07,0.0197638,0.01839320.0197638,0.0183932
1e-06,3e-07,3e-07,0.0200471,0.0189198,0.0193321,5e-07,0.0190622,0.01909980.0190622,0.0190998
5e-07,3e-07,3e-07,0.0194173,0.0186638,0.0199432,9e-07,0.0200619,0.0195680.0200619,0.019568
9e-07,3e-07,3e-07,0.0188461,0.0188548,0.0192685,4e-07,0.0188218,0.01837730.0188218,0.0183773
5e-07,5e-07,3e-07,0.0189168,0.0197175,0.019412,5e-07,0.018738,0.01851670.018738,0.0185167
5e-07,4e-07,3e-07,0.0192797,0.0195568,0.019361,5e-07,0.0185133,0.01862940.0185133,0.0186294
6e-07,3e-07,2e-07,0.0196979,0.019765,0.0204524,5e-07,0.0194697,0.0183310.0194697,0.018331
9e-07,2e-07,3e-07,0.0193221,0.0188909,0.0190136,4e-07,0.0188849,0.01903530.0188849,0.0190353
7e-07,2e-07,2e-07,0.0204209,0.0202028,0.0194282,5e-07,0.0191708,0.01893490.0191708,0.0189349
9e-07,3e-07,3e-07,0.0194008,0.0192188,0.0195653,6e-07,0.0192631,0.01905990.0192631,0.0190599
6e-07,4e-07,3e-07,0.0202585,0.0204643,0.0189171,5e-07,0.0193244,0.01861480.0193244,0.0186148
5e-07,3e-07,3e-07,0.0196874,0.0196168,0.0188339,4e-07,0.0188292,0.01987730.0188292,0.0198773
8e-07,4e-07,3e-07,0.0201119,0.020228,0.0196909,6e-07,0.0191216,0.01899560.0191216,0.0189956
6e-07,4e-07,3e-07,0.0190115,0.0192205,0.018959,4e-07,0.0203973,0.02054710.0203973,0.0205471
6e-07,4e-07,3e-07,0.0197274,0.0197002,0.0197798,5e-07,0.0192728,0.01865380.0192728,0.0186538
5e-07,7e-07,3e-07,0.0192176,0.018666,0.0186916,3e-07,0.0207863,0.02031380.0207863,0.0203138
7e-07,3e-07,3e-07,0.0200877,0.0197083,0.019748,4e-07,0.0193442,0.01882350.0193442,0.0188235
5e-07,5e-07,2e-07,0.0190926,0.0190621,0.0208883,6e-07,0.0201043,0.01984740.0201043,0.0198474
8e-07,6e-07,3e-07,0.0197468,0.0191927,0.0195328,5e-07,0.0194395,0.01938140.0194395,0.0193814
6e-07,3e-07,3e-07,0.0198271,0.0214322,0.0211537,7e-07,0.0205687,0.01990630.0205687,0.0199063
6e-07,3e-07,2e-07,0.0195385,0.0196366,0.0189648,4e-07,0.0193469,0.01913050.0193469,0.0191305
7e-07,2e-07,3e-07,0.0204245,0.0207083,0.020058,4e-07,0.0189901,0.01907610.0189901,0.0190761
1.1e-06,3e-07,2e-07,0.0195913,0.0196238,0.0191302,4e-07,0.0190862,0.01899380.0190862,0.0189938
9e-07,4e-07,2e-07,0.0200396,0.0204624,0.0196002,3e-07,0.0190985,0.01881540.0190985,0.0188154
7e-07,3e-07,3e-07,0.0197009,0.0191136,0.0190596,3e-07,0.0190391,0.02090490.0190391,0.0209049
1.1e-06,6e-07,2e-07,0.02028,0.0198146,0.0195157,6e-07,0.0191672,0.01913050.0191672,0.0191305
6e-07,2e-07,3e-07,0.019478,0.0195471,0.019763,5e-07,0.0201955,0.02023410.0201955,0.0202341
7e-07,4e-07,3e-07,0.0200612,0.0195478,0.0190784,4e-07,0.0199356,0.01956080.0199356,0.0195608
5e-07,2e-07,3e-07,0.0195104,0.0193885,0.019557,4e-07,0.0208146,0.02008280.0208146,0.0200828
5e-07,2e-07,3e-07,0.0194762,0.0202323,0.0193601,4e-07,0.0189658,0.01924050.0189658,0.0192405
9e-07,4e-07,3e-07,0.0202434,0.0203816,0.0204108,7e-07,0.0198137,0.01903250.0198137,0.0190325
6e-07,3e-07,2e-07,0.019935,0.0195783,0.0197616,4e-07,0.019385,0.019490.019385,0.01949
6e-07,3e-07,2e-07,0.0198585,0.0220615,0.0204255,5e-07,0.0198755,0.01977270.0198755,0.0197727
6e-07,2e-07,2e-07,0.0195929,0.0191627,0.0191851,3e-07,0.0197416,0.01952410.0197416,0.0195241
1.3e-06,4e-07,3e-07,0.0217745,0.0222967,0.0211342,7e-07,0.0207365,0.02038180.0207365,0.0203818
1.2e-06,3e-07,2e-07,0.0207199,0.0206317,0.0213107,8e-07,0.0208768,0.02175450.0208768,0.0217545
1.1e-06,9e-07,3e-07,0.0218468,0.0226559,0.0223688,7e-07,0.0209529,0.02070760.0209529,0.0207076
1.2e-06,8e-07,3e-07,0.0217517,0.0204707,0.021224,7e-07,0.021085,0.02195730.021085,0.0219573
1.3e-06,7e-07,3e-07,0.0205679,0.0208517,0.0214653,8e-07,0.0220096,0.02326380.0220096,0.0232638
1.1e-06,7e-07,2e-07,0.0211968,0.0210779,0.0217464,6e-07,0.0208391,0.02046560.0208391,0.0204656
1e-06,8e-07,3e-07,0.0228242,0.0240608,0.0297741,9e-07,0.0273547,0.02635660.0273547,0.0263566
1.2e-06,9e-07,2e-07,0.0223536,0.0239974,0.0224838,6e-07,0.0210866,0.02109170.0210866,0.0210917
1e-06,7e-07,3e-07,0.0211918,0.0228567,0.0237809,8e-07,0.0205109,0.02185490.0205109,0.0218549
7e-07,2e-07,3e-07,0.0210948,0.0205535,0.0201474,4e-07,0.0203401,0.02034180.0203401,0.0203418
5e-07,5e-07,3e-07,0.0214093,0.0201764,0.021199,6e-07,0.0199085,0.01993640.0199085,0.0199364
6e-07,6e-07,3e-07,0.0204308,0.0206126,0.0198792,6e-07,0.0202966,0.02149630.0202966,0.0214963
1.1e-06,5e-07,3e-07,0.0210405,0.0207947,0.0213341,1e-06,0.0213413,0.02047330.0213413,0.0204733
9e-07,3e-07,3e-07,0.0208026,0.0210489,0.0206876,1.76e-05,0.0215819,0.02089720.0215819,0.0208972
7e-07,4e-07,3e-07,0.0203238,0.0200569,0.0210451,6e-07,0.0201987,0.02052230.0201987,0.0205223
1.2e-06,3e-07,3e-07,0.0228511,0.0217958,0.021613,5e-07,0.0208396,0.02047190.0208396,0.0204719
6e-07,5e-07,3e-07,0.0204597,0.0202797,0.0203678,6e-07,0.0199349,0.02049780.0199349,0.0204978
5e-07,3e-07,3e-07,0.0222701,0.0203934,0.020152,7e-07,0.0202406,0.02014990.0202406,0.0201499
6e-07,7e-07,3e-07,0.0204423,0.0201738,0.0204725,4e-07,0.020727,0.02095990.020727,0.0209599
1.1e-06,2e-07,2e-07,0.022231,0.0206697,0.0207512,5e-07,0.0207457,0.02051110.0207457,0.0205111
7e-07,3e-07,2e-07,0.0205289,0.0207326,0.0206209,5e-07,0.0214651,0.02197770.0214651,0.0219777
9e-07,3e-07,3e-07,0.0204178,0.0199042,0.0203038,4e-07,0.0205235,0.02273850.0205235,0.0227385
1.2e-06,5e-07,3e-07,0.0208368,0.0222386,0.0224876,6e-07,0.0214994,0.02071650.0214994,0.0207165
6e-07,9e-07,3e-07,0.0208977,0.0219698,0.0208532,4e-07,0.0199083,0.01998690.0199083,0.0199869
5e-07,3e-07,3e-07,0.0220425,0.0213591,0.0214436,6e-07,0.0210978,0.02044170.0210978,0.0204417
7e-07,5e-07,2e-07,0.0214689,0.0207005,0.0206152,5e-07,0.0204429,0.02139690.0204429,0.0213969
9e-07,5e-07,3e-07,0.021404,0.0203719,0.0203241,4e-07,0.020844,0.02079250.020844,0.0207925
7e-07,6e-07,3e-07,0.0209777,0.0218291,0.0216626,9e-07,0.0220908,0.02211740.0220908,0.0221174
2.02e-05,3e-07,3e-07,0.020455,0.0203229,0.0206219,3e-07,0.0208554,0.02076940.0208554,0.0207694
6e-07,5e-07,3e-07,0.0208864,0.0217798,0.0224463,7e-07,0.0209965,0.02010070.0209965,0.0201007
1.2e-06,3e-07,2e-07,0.0207795,0.0205573,0.0207929,4e-07,0.0210813,0.02072480.0210813,0.0207248
8e-07,7e-07,2e-07,0.0227199,0.0223173,0.0212064,9e-07,0.0219796,0.02103550.0219796,0.0210355
5e-07,4e-07,2e-07,0.0208472,0.0205587,0.020579,4e-07,0.0204925,0.02163370.0204925,0.0216337
1.2e-06,3e-07,2e-07,0.0211491,0.0227911,0.0211691,7e-07,0.0213343,0.02078960.0213343,0.0207896
5e-07,4e-07,3e-07,0.0207984,0.0212563,0.0218277,5e-07,0.0219088,0.0218780.0219088,0.021878
1.1e-06,7e-07,3e-07,0.0215067,0.0212596,0.0227484,1e-06,0.0228234,0.02347310.0228234,0.0234731
1.2e-06,1e-06,3e-07,0.0246121,0.0232207,0.0211655,5e-07,0.0254714,0.02334370.0254714,0.0233437
1.2e-06,7e-07,3e-07,0.0211441,0.0209415,0.0225037,6e-07,0.0211219,0.02207560.0211219,0.0220756
1.3e-06,7e-07,2e-07,0.0215707,0.0215776,0.0216493,5e-07,0.0227007,0.02264640.0227007,0.0226464
8e-07,6e-07,3e-07,0.021298,0.0217805,0.0224942,6e-07,0.022747,0.02162140.022747,0.0216214
1.1e-06,3e-07,3e-07,0.0212328,0.0214536,0.0215599,5e-07,0.0209839,0.02143150.0209839,0.0214315
7e-07,5e-07,3e-07,0.0233251,0.0217778,0.0214713,7e-07,0.0215296,0.02108560.0215296,0.0210856
8e-07,3e-07,3e-07,0.0214619,0.0211152,0.0209843,5e-07,0.0215498,0.0220170.0215498,0.022017
8e-07,7e-07,2e-07,0.0215244,0.020592,0.0223012,6e-07,0.0212047,0.02127080.0212047,0.0212708
9e-07,7e-07,2e-07,0.0215186,0.0206421,0.0230427,7e-07,0.0215177,0.02136410.0215177,0.0213641
9e-07,3e-07,3e-07,0.0216269,0.0217518,0.0218162,5e-07,0.0217216,0.02128230.0217216,0.0212823
6e-07,4e-07,3e-07,0.0214309,0.0218813,0.0209958,3e-07,0.0207906,0.02070080.0207906,0.0207008
5e-07,3e-07,3e-07,0.0222423,0.020674,0.020463,3e-07,0.0207726,0.02201880.0207726,0.0220188
1.5e-06,7e-07,3e-07,0.0227514,0.0220092,0.0213971,4e-07,0.0213583,0.02055390.0213583,0.0205539
6e-07,9e-07,3e-07,0.0211793,0.0203787,0.0207042,4e-07,0.0217971,0.02146580.0217971,0.0214658
7e-07,4e-07,2e-07,0.0231944,0.0213518,0.0209195,3e-07,0.02128,0.02129060.02128,0.0212906
7e-07,5e-07,3e-07,0.0212326,0.0216185,0.0224048,1.1e-06,0.0212132,0.02159830.0212132,0.0215983
4e-07,6e-07,3e-07,0.0211665,0.0205146,0.0210749,7e-07,0.0210902,0.02159510.0210902,0.0215951
6e-07,3e-07,2e-07,0.0231723,0.0228776,0.0214089,5e-07,0.0209198,0.0206860.0209198,0.020686
5e-07,3e-07,3e-07,0.021422,0.0210916,0.0205604,4e-07,0.0205795,0.02226720.0205795,0.0222672
6e-07,5e-07,2e-07,0.0214408,0.020735,0.0205571,3e-07,0.0217154,0.02089360.0217154,0.0208936
5e-07,4e-07,2e-07,0.0214188,0.0232002,0.0226421,7e-07,0.0216297,0.02080320.0216297,0.0208032
5e-07,4e-07,2e-07,0.0210422,0.0212894,0.0207511,5e-07,0.0210655,0.02129160.0210655,0.0212916
5e-07,3e-07,2e-07,0.0214662,0.0227824,0.021976,5e-07,0.021633,0.0205760.021633,0.020576
6e-07,3e-07,2e-07,0.0212723,0.021026,0.0204849,3e-07,0.0216879,0.0221870.0216879,0.022187
5e-07,8e-07,3e-07,0.0209554,0.0223074,0.021038,4e-07,0.0207898,0.02115050.0207898,0.0211505
6e-07,6e-07,4e-07,0.0223342,0.0215178,0.0215709,4e-07,0.0227674,0.02164370.0227674,0.0216437
9e-07,3e-07,2e-07,0.0212543,0.0212617,0.0212677,3e-07,0.0209912,0.02073860.0209912,0.0207386
6e-07,6e-07,3e-07,0.0211357,0.0220901,0.0222513,6e-07,0.0223354,0.02144720.0223354,0.0214472
6e-07,4e-07,3e-07,0.0209958,0.0209043,0.0228734,6e-07,0.0211392,0.02093310.0211392,0.0209331
1e-06,7e-07,2e-07,0.0221663,0.0216617,0.0213256,4e-07,0.0212521,0.02147950.0212521,0.0214795
5e-07,6e-07,2e-07,0.0214369,0.0211096,0.0210596,4e-07,0.0212243,0.02297120.0212243,0.0229712
7e-07,3e-07,3e-07,0.02167,0.0209532,0.0212315,3e-07,0.0218805,0.02122720.0218805,0.0212272
7e-07,3e-07,2e-07,0.0216263,0.0214137,0.022205,5e-07,0.0231119,0.02168080.0231119,0.0216808
1.1e-06,4e-07,3e-07,0.021684,0.0216476,0.0217392,3e-07,0.021694,0.02137980.021694,0.0213798
5e-07,6e-07,3e-07,0.0222739,0.023032,0.0226209,6e-07,0.0213675,0.02151220.0213675,0.0215122
5e-07,5e-07,3e-07,0.0213262,0.0214071,0.0212911,4e-07,0.0213077,0.02337990.0213077,0.0233799
9e-07,3e-07,3e-07,0.0215508,0.0210293,0.0210124,4e-07,0.0231205,0.02124560.0231205,0.0212456
6e-07,7e-07,3e-07,0.0218174,0.0210276,0.0218645,5e-07,0.0221524,0.02251910.0221524,0.0225191
6e-07,3e-07,3e-07,0.021581,0.0219019,0.021344,4e-07,0.0212533,0.02160490.0212533,0.0216049
7e-07,3e-07,2e-07,0.0216248,0.022471,0.0222733,5e-07,0.0212744,0.02104480.0212744,0.0210448
5e-07,3e-07,2e-07,0.021597,0.0209817,0.0210785,3e-07,0.0214205,0.02140230.0214205,0.0214023
9e-07,5e-07,3e-07,0.023183,0.02186,0.0216541,4e-07,0.0216469,0.02194290.0216469,0.0219429
6e-07,3e-07,2e-07,0.0217978,0.0220522,0.0212914,3e-07,0.0235329,0.02242010.0235329,0.0224201
9e-07,4e-07,3e-07,0.0214504,0.0216851,0.0212887,7e-07,0.0214371,0.02129150.0214371,0.0212915
7e-07,4e-07,2e-07,0.0217142,0.0228841,0.0220937,7e-07,0.0227098,0.02188930.0227098,0.0218893
6e-07,4e-07,3e-07,0.021745,0.0215084,0.021369,4e-07,0.0211982,0.02296230.0211982,0.0229623
5e-07,8e-07,3e-07,0.0221746,0.0229808,0.0212241,5e-07,0.0218589,0.02154140.0218589,0.0215414
5e-07,3e-07,2e-07,0.0219519,0.0213402,0.0228404,7e-07,0.022357,0.02339160.022357,0.0233916
1e-06,4e-07,2e-07,0.0223645,0.0216394,0.0219521,5e-07,0.022239,0.02149490.022239,0.0214949
7e-07,6e-07,3e-07,0.0258585,0.0238025,0.0228695,5e-07,0.0240334,0.02425180.0240334,0.0242518
1e-06,9e-07,3e-07,0.0229772,0.0245093,0.0228669,1.1e-06,0.0243724,0.02273460.0243724,0.0227346
1e-06,2e-07,3e-07,0.0225509,0.0230058,0.0225849,6e-07,0.0225103,0.02206710.0225103,0.0220671
9e-07,4e-07,3e-07,0.0234367,0.0230155,0.0238134,9e-07,0.0226624,0.02296880.0226624,0.0229688
7e-07,3e-07,3e-07,0.0223193,0.0228804,0.0227746,6e-07,0.022971,0.02358720.022971,0.0235872
8e-07,1.1e-06,3e-07,0.0231089,0.0229543,0.022204,4e-07,0.0221647,0.02193360.0221647,0.0219336
7e-07,4e-07,3e-07,0.0220106,0.0220243,0.0225883,5e-07,0.022783,0.02304320.022783,0.0230432
6e-07,5e-07,3e-07,0.0226961,0.0225913,0.0217887,4e-07,0.0219683,0.02245480.0219683,0.0224548
7e-07,9e-07,4e-07,0.0257166,0.0233473,0.0223384,4e-07,0.0224341,0.02164690.0224341,0.0216469
8e-07,3e-07,3e-07,0.0249595,0.0222254,0.0214721,4e-07,0.0227706,0.02284610.0227706,0.0228461
1.2e-06,4e-07,3e-07,0.0228286,0.0224602,0.0228227,5e-07,0.0226107,0.02228670.0226107,0.0222867
8e-07,4e-07,2e-07,0.0231385,0.0236467,0.0237709,7e-07,0.0226107,0.02333290.0226107,0.0233329
7e-07,6e-07,3e-07,0.0224874,0.0221795,0.0225114,6e-07,0.0225777,0.02292480.0225777,0.0229248
1.3e-06,4e-07,3e-07,0.0232539,0.0234894,0.0222494,4e-07,0.0227643,0.02242610.0227643,0.0224261
4e-07,7e-07,2e-07,0.0222121,0.0218308,0.0223945,6e-07,0.0233275,0.02359180.0233275,0.0235918
6e-07,3e-07,3e-07,0.0220208,0.0222683,0.0219273,6e-07,0.0222562,0.02257090.0222562,0.0225709
6e-07,4e-07,2e-07,0.0231242,0.0237355,0.0229856,5e-07,0.0218909,0.02232870.0218909,0.0223287
5e-07,5e-07,3e-07,0.0220794,0.0220179,0.0221624,4e-07,0.0220738,0.02345570.0220738,0.0234557
8e-07,7e-07,2e-07,0.0224944,0.0221352,0.0225438,4e-07,0.0220942,0.0221660.0220942,0.022166
6e-07,3e-07,2e-07,0.0239524,0.0225209,0.0237669,6e-07,0.0233166,0.02326630.0233166,0.0232663
5e-07,5e-07,3e-07,0.0225154,0.0225356,0.0223407,5e-07,0.0225265,0.02215490.0225265,0.0221549
7e-07,4e-07,2e-07,0.0247547,0.0230042,0.0221383,4e-07,0.0221819,0.02191790.0221819,0.0219179
5e-07,5e-07,3e-07,0.0220115,0.0224193,0.0219524,4e-07,0.0235053,0.02337220.0235053,0.0233722
6e-07,5e-07,3e-07,0.0228148,0.0222945,0.0219821,4e-07,0.0226902,0.02188640.0226902,0.0218864
5e-07,3e-07,2e-07,0.0226083,0.0239763,0.0262243,5e-07,0.0228227,0.02210770.0228227,0.0221077
8e-07,3e-07,3e-07,0.0229442,0.0220329,0.0218256,4e-07,0.0236252,0.02260250.0236252,0.0226025
6e-07,7e-07,3e-07,0.0227151,0.0228309,0.0223987,5e-07,0.0223498,0.02586420.0223498,0.0258642
7e-07,4e-07,3e-07,0.0223066,0.0216989,0.0242498,6e-07,0.0233705,0.02215490.0233705,0.0221549
5e-07,3e-07,3e-07,0.0231663,0.022592,0.0220154,4e-07,0.0221277,0.02226330.0221277,0.0222633
5e-07,4e-07,3e-07,0.0239015,0.0231301,0.0238584,6e-07,0.0229278,0.02312770.0229278,0.0231277
6e-07,4e-07,3e-07,0.0224338,0.0224032,0.0224124,5e-07,0.0241789,0.02351080.0241789,0.0235108
1e-06,9e-07,2e-07,0.024212,0.0230419,0.0221848,3e-07,0.0222025,0.02273480.0222025,0.0227348
5e-07,6e-07,3e-07,0.0229683,0.0241111,0.0233765,5e-07,0.0228472,0.02190740.0228472,0.0219074
8e-07,3e-07,2e-07,0.0230468,0.022127,0.0222835,4e-07,0.0224557,0.02186850.0224557,0.0218685
6e-07,7e-07,3e-07,0.0231076,0.0228785,0.0261387,6e-07,0.0229538,0.02273130.0229538,0.0227313
6e-07,4e-07,3e-07,0.0231111,0.0221754,0.0234868,6e-07,0.023342,0.02366420.023342,0.0236642
5e-07,7e-07,3e-07,0.0226775,0.0221151,0.0226403,4e-07,0.0223755,0.02250460.0223755,0.0225046
7e-07,3e-07,3e-07,0.0233139,0.0238521,0.0237876,5e-07,0.0233766,0.02211980.0233766,0.0221198
7e-07,4e-07,3e-07,0.0226683,0.0230385,0.0222759,4e-07,0.0224641,0.02444620.0224641,0.0244462
7e-07,4e-07,3e-07,0.0245919,0.0228153,0.023102,7e-07,0.0239773,0.0233660.0239773,0.023366
4e-07,4e-07,3e-07,0.0231827,0.0237241,0.0241612,7e-07,0.0234825,0.02331530.0234825,0.0233153
5e-07,4e-07,3e-07,0.0225337,0.0230836,0.022774,4e-07,0.0228169,0.0229660.0228169,0.022966
7e-07,8e-07,2e-07,0.0263344,0.0234317,0.0223542,5e-07,0.0229162,0.02286080.0229162,0.0228608
7e-07,2e-07,3e-07,0.0232786,0.0228115,0.0239492,6e-07,0.0236096,0.02421530.0236096,0.0242153
5e-07,4e-07,3e-07,0.0231419,0.0231176,0.0225634,4e-07,0.0232749,0.0236320.0232749,0.023632
6e-07,3e-07,3e-07,0.0243865,0.0238448,0.0228861,5e-07,0.0249733,0.02379440.0249733,0.0237944
1e-06,4e-07,3e-07,0.0246672,0.0230095,0.0234628,5e-07,0.0243881,0.02428090.0243881,0.0242809
9e-07,7e-07,2e-07,0.0232644,0.0231073,0.0232546,8e-07,0.0233083,0.02319130.0233083,0.0231913
1e-06,3e-07,3e-07,0.0245753,0.0240292,0.0240768,7e-07,0.023761,0.02395820.023761,0.0239582
6e-07,6e-07,3e-07,0.0229274,0.0233221,0.0228331,3e-07,0.025169,0.02429710.025169,0.0242971
1e-06,3e-07,3e-07,0.0229469,0.0228262,0.0225233,4e-07,0.023443,0.02249050.023443,0.0224905
7e-07,3e-07,3e-07,0.0240111,0.0246824,0.0229926,6e-07,0.0243322,0.02281370.0243322,0.0228137
5e-07,4e-07,3e-07,0.0230439,0.0234991,0.0229634,4e-07,0.0234533,0.02408840.0234533,0.0240884
9e-07,5e-07,3e-07,0.0238813,0.0228053,0.0229326,3e-07,0.0228227,0.02265950.0228227,0.0226595
7e-07,3e-07,3e-07,0.023651,0.022655,0.0245955,6e-07,0.0236898,0.02423830.0236898,0.0242383
5e-07,4e-07,3e-07,0.0231657,0.0227026,0.02328,4e-07,0.0233208,0.02310460.0233208,0.0231046
1.1e-06,3e-07,3e-07,0.0244716,0.0232165,0.0231312,4e-07,0.0236541,0.02287850.0236541,0.0228785
7e-07,2e-07,3e-07,0.0252304,0.0239725,0.0234457,4e-07,0.0243614,0.02335950.0243614,0.0233595
6e-07,4e-07,3e-07,0.0235914,0.0236278,0.0233122,3e-07,0.0234018,0.02323760.0234018,0.0232376
6e-07,3e-07,3e-07,0.0252015,0.0235751,0.0228348,6e-07,0.0236129,0.02296320.0236129,0.0229632
6e-07,4e-07,3e-07,0.023294,0.0226807,0.0246048,6e-07,0.0249532,0.02345690.0249532,0.0234569
5e-07,3e-07,3e-07,0.0233627,0.0232132,0.0233778,4e-07,0.0231858,0.02346650.0231858,0.0234665
6e-07,2e-07,2e-07,0.0246447,0.0241022,0.0247526,3e-07,0.0233048,0.02323910.0233048,0.0232391
5e-07,4e-07,2e-07,0.0258424,0.0232323,0.022833,3e-07,0.024245,0.02364240.024245,0.0236424
1.1e-06,3e-07,3e-07,0.0238084,0.0230322,0.0233315,6e-07,0.0236486,0.02318670.0236486,0.0231867
7e-07,3e-07,3e-07,0.0235641,0.0248396,0.0241375,6e-07,0.0233535,0.02335470.0233535,0.0233547
6e-07,3e-07,2e-07,0.0237755,0.0241907,0.0228202,4e-07,0.023407,0.02497490.023407,0.0249749
1.3e-06,8e-07,3e-07,0.0236907,0.023203,0.023246,5e-07,0.0235737,0.02352490.0235737,0.0235249
6e-07,8e-07,2e-07,0.0232363,0.0247043,0.0246711,8e-07,0.0236609,0.02306490.0236609,0.0230649
8e-07,5e-07,3e-07,0.0233731,0.0236746,0.0236672,6e-07,0.02302,0.02441930.02302,0.0244193
8e-07,5e-07,3e-07,0.0242228,0.0233371,0.02315,4e-07,0.0239723,0.02436130.0239723,0.0243613
6e-07,3e-07,3e-07,0.0233869,0.0240264,0.0247391,6e-07,0.0238614,0.02326950.0238614,0.0232695
5e-07,3e-07,3e-07,0.026532,0.0237733,0.0232092,4e-07,0.023474,0.02398650.023474,0.0239865
9e-07,1e-06,2e-07,0.0245996,0.0240722,0.0231779,3e-07,0.0244495,0.02384870.0244495,0.0238487
7e-07,3e-07,3e-07,0.0236808,0.0232278,0.0254189,7e-07,0.0242226,0.02429790.0242226,0.0242979
8e-07,3e-07,2e-07,0.0232666,0.024269,0.023429,3e-07,0.0232826,0.0237560.0232826,0.023756
8e-07,9e-07,3e-07,0.0246622,0.0247133,0.0253856,6e-07,0.0247028,0.0243860.0247028,0.024386
1.5e-06,4e-07,2e-07,0.0241882,0.0231482,0.0308749,8e-07,0.0299185,0.02466720.0299185,0.0246672
1.1e-06,5e-07,3e-07,0.0318166,0.0258168,0.0265937,5e-07,0.0249599,0.02655710.0249599,0.0265571
1.5e-06,4e-07,3e-07,0.0298251,0.0268884,0.0282125,7e-07,0.0288881,0.02561430.0288881,0.0256143
1.1e-06,8e-07,3e-07,0.0249901,0.0251911,0.0261009,6e-07,0.0249709,0.02496890.0249709,0.0249689
1.3e-06,9e-07,2e-07,0.0249056,0.0241567,0.0248464,7e-07,0.0254559,0.02449060.0254559,0.0244906
7e-07,4e-07,3e-07,0.0239381,0.0247051,0.0250875,5e-07,0.0244779,0.02446670.0244779,0.0244667
1.2e-06,4e-07,3e-07,0.0277113,0.0247628,0.0237644,5e-07,0.025426,0.0251350.025426,0.025135
7e-07,5e-07,3e-07,0.0244096,0.0247197,0.0261333,7e-07,0.0270149,0.02516940.0270149,0.0251694
1.3e-06,7e-07,2e-07,0.0242016,0.024581,0.0250406,7e-07,0.0264193,0.02565410.0264193,0.0256541
1e-06,1.3e-06,3e-07,0.0297566,0.0261225,0.0245066,7e-07,0.0256487,0.02455770.0256487,0.0245577
1e-06,5e-07,3e-07,0.0245557,0.0250143,0.025599,1.1e-06,0.0246294,0.02476280.0246294,0.0247628
5e-07,6e-07,3e-07,0.024478,0.0250011,0.0247945,5e-07,0.023991,0.02571650.023991,0.0257165
7e-07,8e-07,3e-07,0.0263678,0.0244128,0.0241842,4e-07,0.0244878,0.02425670.0244878,0.0242567
8e-07,4e-07,3e-07,0.0251245,0.0256575,0.025886,6e-07,0.0268206,0.0258470.0268206,0.025847
1.3e-06,9e-07,3e-07,0.024784,0.0271862,0.0248208,5e-07,0.0265327,0.02592870.0265327,0.0259287
9e-07,3e-07,2e-07,0.0264652,0.0254881,0.0255156,6e-07,0.0249137,0.02431030.0249137,0.0243103
9e-07,4e-07,2e-07,0.027507,0.0251343,0.0258262,7e-07,0.0248008,0.02492540.0248008,0.0249254
1.5e-06,5e-07,3e-07,0.0255085,0.0262556,0.025145,6e-07,0.0260525,0.0251050.0260525,0.025105
1e-06,3e-07,2e-07,0.024731,0.0240697,0.0246718,5e-07,0.0242506,0.02408890.0242506,0.0240889
8e-07,5e-07,2e-07,0.0254699,0.0239353,0.0238939,4e-07,0.0236417,0.0245370.0236417,0.024537
5e-07,4e-07,3e-07,0.0246787,0.0237514,0.02466,6e-07,0.0258411,0.0246110.0258411,0.024611
5e-07,3e-07,3e-07,0.024632,0.0236412,0.0249783,9e-07,0.0261177,0.02486530.0261177,0.0248653
1e-06,1e-06,2e-07,0.0250351,0.0248838,0.024301,5e-07,0.0233426,0.02423640.0233426,0.0242364
6e-07,7e-07,3e-07,0.0265907,0.0250514,0.0255569,6e-07,0.0248565,0.02480960.0248565,0.0248096
5e-07,1.1e-06,2e-07,0.0247324,0.0244582,0.0240052,5e-07,0.0245432,0.02538790.0245432,0.0253879
1e-06,9e-07,2e-07,0.0254445,0.0249627,0.0243425,5e-07,0.0244419,0.02578140.0244419,0.0257814
7e-07,6e-07,3e-07,0.0247489,0.0267542,0.0263763,7e-07,0.0252912,0.0250960.0252912,0.025096
6e-07,4e-07,3e-07,0.0249728,0.0253116,0.0243763,5e-07,0.0242389,0.02610330.0242389,0.0261033
1.1e-06,3e-07,3e-07,0.0251613,0.0244966,0.0252709,5e-07,0.0241383,0.0242550.0241383,0.024255
6e-07,4e-07,2e-07,0.0244529,0.0248377,0.0252773,5e-07,0.0244676,0.02401720.0244676,0.0240172
4e-07,3e-07,3e-07,0.0251451,0.0250809,0.0250296,4e-07,0.0242349,0.0247020.0242349,0.024702
1.1e-06,6e-07,3e-07,0.0262401,0.0239747,0.0241058,5e-07,0.0238846,0.02438050.0238846,0.0243805
6e-07,5e-07,3e-07,0.0244233,0.0249636,0.0257923,5e-07,0.0240443,0.02445210.0240443,0.0244521
5e-07,4e-07,3e-07,0.0245734,0.0253359,0.0249842,4e-07,0.0253276,0.02601280.0253276,0.0260128
1.1e-06,9e-07,3e-07,0.0254042,0.0241799,0.0254803,5e-07,0.0251838,0.02595740.0251838,0.0259574
6e-07,4e-07,3e-07,0.0252775,0.0253027,0.0256993,7e-07,0.0255869,0.02456190.0255869,0.0245619
8e-07,5e-07,2e-07,0.0244131,0.0237819,0.0243727,4e-07,0.0247078,0.02553720.0247078,0.0255372
