N,Srch0,SrchM,Srch1
50,0.0001,0.00225,0
100,0,0.0015,0
150,0.0001,0.0045,0
200,0,0.005,0.02
250,0,0.005,0.025
300,0.0001,0.009,0.03
350,0.0001,0.00875,0
400,0.0001,0.016,0
450,0,0.018,0
500,0.0001,0.015,0.05
550,0,0.01925,0.055
600,0.0001,0.024,0
650,0.0001,0.01625,0
700,0,0.014,0.07
750,0.0001,0.03375,0.075
800,0.0001,0.016,0.08
850,0.0001,0.03825,0.085
900,0,0.0135,0
950,0.0001,0.038,0.095
1000,0.0001,0.04,0.1
1050,0.0001,0.03675,0
1100,0.0001,0.0495,0.11
1150,0,0.02875,0
1200,0.0001,0.042,0.12
1250,0,0.03125,0.125
1300,0.0001,0.0585,0.13
1350,0,0.0405,0
1400,0.0001,0.049,0
1450,0,0.058,0.145
1500,0,0.0375,0.15
1550,0,0.062,0
1600,0.0001,0.064,0.16
1650,0,0.033,0.165
1700,0.0001,0.0765,0.17
1750,0.0001,0.07,0
1800,0.0001,0.054,0
1850,0.0001,0.06475,0
1900,0.0001,0.0475,0.19
1950,0,0.0585,0.195
2000,0.0001,0.08,0.2
2050,0.0001,0.07175,0.205
2100,0.0001,0.0945,0
2150,0.0001,0.043,0
2200,0,0.099,0
2250,0,0.07875,0.225
2300,0,0.0575,0.23
2350,0.0001,0.0705,0.235
2400,0,0.096,0
2450,0.0001,0.11025,0.245
2500,0.0001,0.1,0.25
2550,0.0001,0.102,0.255
2600,0.0001,0.104,0.26
2650,0.0001,0.14575,0.265
2700,0,0.0945,0.27
2750,0.0001,0.0825,0.275
2800,0,0.098,0
2850,0.0001,0.09975,0
2900,0,0.116,0.29
2950,0.0001,0.10325,0.295
3000,0,0.15,0.3
3050,0,0.0915,0.305
3100,0,0.124,0.31
3150,0.0002,0.1575,0
3200,0.0001,0.272,0
3250,0.0001,0.24375,0
3300,0.0001,0.1485,0.33
3350,0,0.1675,0.335
3400,0.0001,0.187,0.34
3450,0.0001,0.22425,0
3500,0.0001,0.14,0.35
3550,0.0001,0.12425,0
3600,0.0001,0.198,0.36
3650,0,4.28875,0.365
3700,0.0002,0.222,0.37
3750,0.0002,0.39375,0
3800,0.0001,0.152,0.38
3850,0.0002,0.36575,0.385
3900,0.0001,0.1755,0
3950,0.0002,0.21725,0.395
4000,0.0001,0.2,0.4
4050,0.0003,0.18225,0
4100,0.0001,0.5125,0
4150,0,0.249,0.415
4200,0.0002,0.294,0.42
4250,0.0001,0.27625,0
4300,0.0003,0.4945,0
4350,0.0001,0.4785,0.435
4400,0.0002,0.33,0.44
4450,0.0003,0.267,0.445
4500,0.0002,0.5175,0.45
4550,0.0002,0.29575,0
4600,0,0.345,0.46
4650,0.0001,0.4185,0.465
4700,0.0001,0.235,0.47
4750,0.0001,0.3325,0
4800,0.0001,0.312,0.48
4850,0.0003,0.8245,0.485
4900,0.0001,0.3675,0.49
4950,0.0001,0.396,0.495
5000,0.0001,0.3,0.5
5050,0.0001,0.37875,0
5100,0.0002,0.6375,0.51
5150,0.0002,0.618,0.515
5200,0.0005,0.494,0.52
5250,0,0.2625,0.525
5300,0.0001,0.2915,0.53
5350,0.0002,0.82925,0
5400,0.0001,0.297,0.54
5450,0.0003,0.29975,0.545
5500,0.0001,0.275,0.55
5550,0.0001,0.41625,0
5600,0.0001,0.308,0.56
5650,0,0.226,0
5700,0.0001,0.285,0
5750,0.0001,0.2875,0.575
5800,0,0.232,0.58
5850,0.0001,0.1755,0.585
5900,0,0.236,0.59
5950,0.0001,0.20825,0.595
6000,0.0001,0.27,0
6050,0.0001,0.21175,0
6100,0,0.244,0.61
6150,0.0001,0.1845,0.615
6200,0.0001,0.186,0.62
6250,0,0.21875,0.625
6300,0.0001,0.315,0.63
6350,0.0001,0.254,0.635
6400,0,0.384,0
6450,0,0.29025,0.645
6500,0,0.195,0.65
6550,0.0001,0.09825,0
6600,0.0001,0.231,0
6650,0.0001,0.1995,0.665
6700,0,0.2345,0.67
6750,0,0.23625,0.675
6800,0.0001,0.238,0.68
6850,0,0.2055,0
6900,0.0001,0.276,0
6950,0.0001,0.3475,0.695
7000,0.0001,0.315,0.7
7050,0,0.2115,0.705
7100,0,0.284,0.71
7150,0.0001,0.2145,0.715
7200,0.0001,0.18,0.72
7250,0.0001,0.32625,0.725
7300,0.0001,0.2555,0
7350,0,0.294,0.735
7400,0.0002,0.444,0.74
7450,0.0001,0.3725,0
7500,0.0001,0.3,0.75
7550,0.0001,0.26425,0
7600,0,0.342,0.76
7650,0,0.306,0.765
7700,0.0001,0.2695,0
7750,0,0.465,0
7800,0.0001,0.702,0
7850,0.0001,0.471,0.785
7900,0.0001,0.395,0.79
7950,0.0001,0.43725,0
8000,0.0001,0.4,0.8
8050,0,0.12075,0.805
8100,0.0001,0.4455,0.81
8150,0.0001,0.44825,0
8200,0.0001,0.451,0.82
8250,0.0001,0.12375,0
8300,0.0001,0.2905,0.83
8350,0,0.334,0.835
8400,0.0001,0.294,0
8450,0.0001,0.338,0.845
8500,0.0001,0.2975,0
8550,0.0001,0.342,0.855
8600,0.0001,0.344,0.86
8650,0.0001,0.30275,0
8700,0,0.3045,0.87
8750,0,0.21875,0.875
8800,0.0001,0.44,0
8850,0,0.2655,0
8900,0.0001,0.3115,0
8950,0,0.22375,0.895
9000,0.0001,0.405,0.9
9050,0.0001,0.6335,0
9100,0,0.1365,0.91
9150,0.0001,0.4575,0.915
9200,0.0001,0.322,0
9250,0.0001,0.41625,0
9300,0.0002,0.8835,0.93
9350,0.0002,0.748,0.935
9400,0.0002,0.517,0.94
9450,0.0001,0.378,0.945
9500,0.0001,0.57,0
9550,0,0.42975,0.955
9600,0.0001,0.48,0
9650,0.0001,0.4825,0
9700,0,0.3395,0
9750,0,0.43875,0
9800,0.0001,0.49,0.98
9850,0,0.44325,0.985
9900,0.0001,0.495,0
9950,0,0.34825,0.995
10000,0.0001,0.45,0
10050,0.0001,0.25125,1.005
10100,0.0001,0.505,1.01
10150,0,0.76125,1.015
10200,0.0004,0.459,1.02
10250,0.0001,0.25625,0
10300,0,0.3605,0
10350,0.0001,0.5175,0
10400,0.0001,0.468,0
10450,0,0.418,1.045
10500,0.0001,0.3675,1.05
10550,0.0001,0.36925,0
10600,0.0002,0.424,0
10650,0.0002,0.5325,1.065
10700,0,0.6955,1.07
10750,0,0.48375,1.075
10800,0.0001,0.432,0
10850,0.0001,0.434,1.085
10900,0.0001,0.2725,0
10950,0,0.3285,1.095
11000,0,0.385,1.1
11050,0.0001,0.7735,1.105
11100,0.0001,0.555,0
11150,0.0001,0.50175,1.115
11200,0,0.336,1.12
11250,0.0001,0.39375,1.125
11300,0,0.6215,1.13
11350,0.0001,0.3405,0
11400,0,0.342,0
11450,0,0.40075,0
11500,0.0002,0.6325,1.15
11550,0.0001,0.40425,1.155
11600,0.0001,0.464,0
11650,0.0001,0.64075,0
11700,0.0001,0.468,1.17
11750,0.0001,0.5875,1.175
11800,0.0001,0.354,1.18
11850,0.0001,0.53325,0
11900,0,0.357,1.19
11950,0.0001,0.65725,0
12000,0.0001,0.36,1.2
12050,0.0001,0.482,0
12100,0.0001,0.5445,0
12150,0.0001,0.729,0
12200,0.0001,0.488,1.22
12250,0.0001,0.6125,0
12300,0.0001,0.615,1.23
12350,0,0.43225,1.235
12400,0.0001,0.62,0
12450,0.0002,0.43575,0
12500,0.0001,0.5,0
12550,0,0.753,1.255
12600,0.0001,0.504,1.26
12650,0,0.44275,0
12700,0,0.3175,1.27
12750,0,0.57375,0
12800,0,0.512,1.28
12850,0,0.514,1.285
12900,0.0001,0.516,1.29
12950,0.0001,0.71225,1.295
13000,0.0001,0.65,1.3
13050,0.0001,0.45675,1.305
13100,0.0002,0.7205,1.31
13150,0.0001,0.72325,1.315
13200,0.0001,0.726,0
13250,0,0.53,1.325
13300,0,0.8645,1.33
13350,0.0001,0.534,0
13400,0,0.536,1.34
13450,0.0001,0.47075,0
13500,0.0001,1.35,0
13550,0,0.542,0
13600,0.0001,0.544,1.36
13650,0.0001,0.61425,1.365
13700,0.0001,0.4795,0
13750,0.0001,0.61875,0
13800,0.0002,0.552,0
13850,0.0001,0.62325,0
13900,0.0001,0.556,1.39
13950,0,0.34875,0
14000,0.0001,0.42,0
14050,0.0001,0.63225,1.405
14100,0.0001,0.564,0
14150,0.0001,0.566,0
14200,0.0003,0.994,1.42
14250,0,0.49875,1.425
14300,0.0003,1.3585,0
14350,0.0003,0.861,1.435
14400,0.0002,1.008,1.44
14450,0.0001,0.65025,0
14500,0.0001,0.5075,1.45
14550,0.0001,0.80025,1.455
14600,0,0.584,1.46
14650,0.0001,0.4395,1.465
14700,0.0001,0.735,1.47
14750,0.0001,0.4425,1.475
14800,0,0.592,0
14850,0.0001,0.594,1.485
14900,0.0001,0.8195,0
14950,0.0001,0.598,1.495
15000,0,0.825,1.5
15050,0.0001,0.67725,1.505
15100,0.0001,0.5285,1.51
15150,0.0001,0.606,0
15200,0.0001,1.064,1.52
15250,0.0001,0.53375,1.525
15300,0.0001,0.6885,1.53
15350,0.0001,1.0745,1.535
15400,0,0.539,0
15450,0.0001,0.84975,0
15500,0.0002,0.775,1.55
15550,0.0001,0.54425,1.555
15600,0.0001,0.468,0
15650,0.0001,1.64325,1.565
15700,0.0001,0.5495,1.57
15750,0,0.55125,1.575
15800,0.0001,0.869,1.58
15850,0,0.951,1.585
15900,0.0001,0.795,1.59
15950,0.0003,0.957,0
16000,0,0.8,0
16050,0.0001,0.72225,1.605
16100,0.0206,17.227,1.61
16150,0,0.646,1.615
16200,0,0.648,1.62
16250,0.0001,0.8125,1.625
16300,0.0001,0.489,1.63
16350,0.0001,0.654,1.635
16400,0.0003,0.738,0
16450,0.0001,1.06925,1.645
16500,0.0001,0.66,1.65
16550,0.0001,0.74475,0
16600,0.0001,1.079,1.66
16650,0.0001,0.8325,1.665
16700,0.0002,0.5845,1.67
16750,0.0001,1.34,0
16800,0.0001,0.924,0
16850,0.0003,1.09525,1.685
16900,0,0.7605,1.69
16950,0.0001,1.1865,0
17000,0,1.7,1.7
17050,0.0001,1.10825,1.705
17100,0.0001,0.684,1.71
17150,0.0001,1.715,1.715
17200,0.0001,1.204,0
17250,0.0001,1.2075,0
17300,0,0.519,0
17350,0,1.041,1.735
